#              Filename                                         N    min         max     
p-Co059-rp027057-Sharp-P0034007.1956                            31 2.50000E+01 9.89000E+01
p-Co059-rp027057-Michel-A01000093.1985                          25 4.86100E+01 1.99300E+02
p-Co059-rp027057-Michel-A0146021.1979                           20 1.49000E+01 4.46000E+01
p-Co059-rp027057-Aleksandrov-A0502025.1990                       1 6.60000E+02 6.60000E+02
p-Co059-rp027057-Levkovski-A0510060.1991                         8 2.31000E+01 2.95000E+01
p-Co059-rp027057-Johnson-C0187002.1984                          22 1.21000E+01 3.89000E+01
p-Co059-rp027057-Remsberg-C0269018.1963                          1 3.70000E+02 3.70000E+02
p-Co059-rp027057-Ditroi-D4255003.2011                           13 5.97000E+01 6.98000E+01
p-Co059-rp027057-Michel-O00780222.1989                           1 6.00000E+02 6.00000E+02
p-Co059-rp027057-Schiekel-O0284083.1996                         18 2.13000E+02 3.80000E+02
p-Co059-rp027057-Titarenko-O0397030.1996                         1 1.20000E+03 1.20000E+03
p-Co059-rp027057-Schoen-T0276013.1979                           26 1.66000E+01 6.30000E+01
p-Co059-rp027057-Michel-A01450087.1980                           1 1.53400E+01 1.53400E+01
p-Co059-rp027057-Kozma-A0477032.1990                             1 3.65000E+03 3.65000E+03
p-Co059-rp027057-Aleksandrov-A0501056.1990                       1 1.00000E+03 1.00000E+03
p-Co059-rp027057-Ditroi-D4293005.2013                           28 1.50000E+01 6.98000E+01
p-Co059-rp027057-Shahid-D7038006.2020                           27 8.99000E+00 4.36700E+01
p-Co059-rp027057-Michel-O0276092.1997                           28 1.26000E+01 1.54000E+02
p-Co059-rp027057-Michel-O0277141.1995                            4 8.00000E+02 2.60000E+03
p-Co059-rp027057-Shvedov-O0346003.1993                           1 1.20000E+03 1.20000E+03
