#              Filename                                         N    min         max
n-Tl203-MT016-Araminowicz-30264042.1973                          1 1.46000E+01 1.46000E+01
n-Tl203-MT016-Bayhurst-10536063.1975                            12 8.61000E+00 2.44900E+01
n-Tl203-MT016-Bayhurst-10536063A001.1975                        12 8.61000E+00 2.44900E+01
n-Tl203-MT016-Bayhurst-10536064.1975                             3 1.62000E+01 2.80500E+01
n-Tl203-MT016-Bayhurst-10536064A001.1975                         3 1.62000E+01 2.80500E+01
n-Tl203-MT016-Bayhurst-10536065.1975                             1 2.60600E+01 2.60600E+01
n-Tl203-MT016-Bayhurst-10536065A001.1975                         1 2.60600E+01 2.60600E+01
n-Tl203-MT016-Csikai-22205009.1991                               1 1.45000E+01 1.45000E+01
n-Tl203-MT016-Dilg-20802021.1968                                 1 1.47000E+01 1.47000E+01
n-Tl203-MT016-Druzhinin-40171004.1972                            1 1.48000E+01 1.48000E+01
n-Tl203-MT016-Frehaut-20416111.2016                             13 8.44000E+00 1.47600E+01
n-Tl203-MT016-Hankla-10244017.1972                               1 1.44000E+01 1.44000E+01
n-Tl203-MT016-Hankla-10244017A001.1972                           1 1.44000E+01 1.44000E+01
n-Tl203-MT016-Kiraly-31519006.2001                               3 1.12000E+01 1.47000E+01
n-Tl203-MT016-Peto-30069007.1968                                 1 1.50000E+01 1.50000E+01
n-Tl203-MT016-Prestwood-11645027.1961                           10 1.22900E+01 1.97600E+01
n-Tl203-MT016-Tewes-11504018.1960                               14 8.40000E+00 1.51000E+01
n-Tl203-MT016-Vallis-20347010.1966                               1 1.47000E+01 1.47000E+01
