#              Filename                                         N    min         max     
n-V051-rp022051-Paul-11274028.1953                               1 1.45000E+01 1.45000E+01
n-V051-rp022051-Bramlitt-11590012.1963                           1 1.47000E+01 1.47000E+01
n-V051-rp022051-Poularikas-11683003.1960                         1 1.48000E+01 1.48000E+01
n-V051-rp022051-Western-12069018.1966                            1 1.47000E+01 1.47000E+01
n-V051-rp022051-Warren-12769002.1982                             1 1.42000E+01 1.42000E+01
n-V051-rp022051-Smith-128980022.1984                            18 2.85600E+00 4.86500E+00
n-V051-rp022051-Smith-128980032.1984                            27 4.64300E+00 9.26700E+00
n-V051-rp022051-Spangler-12956010.1975                           1 1.41000E+01 1.41000E+01
n-V051-rp022051-Meadows-12969008.1987                            1 1.47400E+01 1.47400E+01
n-V051-rp022051-Molla-20721012.1977                              1 1.47000E+01 1.47000E+01
n-V051-rp022051-Robertson-20799012.1973                          1 1.47800E+01 1.47800E+01
n-V051-rp022051-Schwerer-20811004.1976                           1 1.46000E+01 1.46000E+01
n-V051-rp022051-Crumpton-20931006.1969                           1 1.47000E+01 1.47000E+01
n-V051-rp022051-Bormann-21343003.1963                            7 1.32000E+01 1.86000E+01
n-V051-rp022051-Vaenskae-21893002.1980                           2 1.47000E+01 1.47000E+01
n-V051-rp022051-Pepelnik-21999014.1986                           1 1.47000E+01 1.47000E+01
n-V051-rp022051-Ikeda-22089034.1988                              6 1.33300E+01 1.49300E+01
n-V051-rp022051-Katoh-22156005.1989                              6 1.34000E+01 1.48700E+01
n-V051-rp022051-Fessler-22414015.2000                            4 1.70280E+01 2.03130E+01
n-V051-rp022051-Reimer-22656004.2002                             2 1.50000E+01 1.61000E+01
n-V051-rp022051-Uwamino-22703015.1992                           33 6.50000E+00 3.85000E+01
n-V051-rp022051-Shimizu-22837005.2004                            1 3.09000E+00 3.09000E+00
n-V051-rp022051-Mannhart-22976011.2007                          15 7.85800E+00 1.44660E+01
n-V051-rp022051-Furuta-23032006.2008                             9 3.57000E+00 5.93000E+00
n-V051-rp022051-Mitra-30013007.1966                              1 1.48000E+01 1.48000E+01
n-V051-rp022051-Dresler-30263006.1973                            1 1.46000E+01 1.46000E+01
n-V051-rp022051-Prasad-30336014.1971                             1 1.48000E+01 1.48000E+01
n-V051-rp022051-Tikku-30394004.1972                              1 1.47000E+01 1.47000E+01
n-V051-rp022051-Ngoc-30562008.1980                               1 1.46000E+01 1.46000E+01
n-V051-rp022051-Khan-30654002.1983                               1 1.47000E+01 1.47000E+01
n-V051-rp022051-Gupta-30707011.1985                              1 1.48000E+01 1.48000E+01
n-V051-rp022051-Alarcon-30769002.1987                            1 1.45000E+01 1.45000E+01
n-V051-rp022051-Khurana-31316020.1965                            1 1.48000E+01 1.48000E+01
n-V051-rp022051-KaihongFangg-31616007.2008                       2 1.41000E+01 1.46000E+01
n-V051-rp022051-HuShangbinn-32756003.1999                        6 1.35000E+01 1.48000E+01
n-V051-rp022051-Singh-33168002.2021                              3 7.87000E+00 1.69800E+01
n-V051-rp022051-Levkovskii-40226009.1970                         1 1.48000E+01 1.48000E+01
n-V051-rp022051-Majerle-31784007.2017                            6 1.71000E+01 3.00000E+01
