#              Filename                                         N    min         max
n-Sc045-MT102-Booth-11429005.1958                                1 2.40000E-02 2.40000E-02
n-Sc045-MT102-Budnar-30532014.1979                               1 1.41000E+01 1.41000E+01
n-Sc045-MT102-Csikai-30067006.1967                               1 1.47000E+01 1.47000E+01
n-Sc045-MT102-Decorte-23488010.1988                              1 2.53000E-08 2.53000E-08
n-Sc045-MT102-Farinaarbocco-23266020.2013                        1 2.53000E-08 2.53000E-08
n-Sc045-MT102-Farinaarbocco-23266021.2013                        2 2.53000E-08 2.53000E-08
n-Sc045-MT102-Gamgam-02021045.2024                               2 5.00000E-03 1.00000E-02
n-Sc045-MT102-Kadonis-01021045.2024                             20 5.00000E-03 1.00000E-01
n-Sc045-MT102-Kenny-30381007.1977                               17 2.50000E-03 9.50000E-02
n-Sc045-MT102-Mannhart-20610002.1975                             1 2.53000E-08 2.53000E-08
n-Sc045-MT102-Nguyen-30837002.2015                               1 2.53000E-08 2.53000E-08
n-Sc045-MT102-Pattenden-21280006.1955                            1 2.53000E-08 2.53000E-08
n-Sc045-MT102-Perkin-22517002.1963                               7 1.50000E-01 1.46500E+01
n-Sc045-MT102-Romanov-40768003.1965                             57 1.10000E-06 4.15000E-02
n-Sc045-MT102-Voignier-22006032.1992                             5 5.00000E-01 3.00000E+00
n-Sc045-MT102-Wagner-20718002.1980                               1 1.46000E+01 1.46000E+01
n-Sc045-MT102-Wilson-10488002.1967                               1 2.53000E-08 2.53000E-08
n-Sc045-MT102-Wilson-10488002A001.1967                           1 2.53000E-08 2.53000E-08
