#              Filename                                         N    min         max
n-Nb093-MT001-Aizawa-22007006.1985                               3 2.40000E-02 1.44000E-01
n-Nb093-MT001-Berlev-41510002.2007                               6 1.57500E-04 7.32500E-03
n-Nb093-MT001-Carlson-11497018.1967                             60 4.53100E+00 7.51400E+00
n-Nb093-MT001-Coon-12524033.1952                                 1 1.41200E+01 1.41200E+01
n-Nb093-MT001-Dilg-20602019.1974                                 1 1.88000E-05 1.88000E-05
n-Nb093-MT001-Endo-23605002.2022                              7472 1.00745E-08 4.49196E-04
n-Nb093-MT001-Endo-23605003.2022                              7472 1.00745E-08 4.49196E-04
n-Nb093-MT001-Filippov-40082016.1968                            12 2.50000E-02 5.00000E-01
n-Nb093-MT001-Filippov-40883004.1983                             7 3.35000E-02 1.95000E+00
n-Nb093-MT001-Filippov-40883006.1983                            45 1.80000E-02 1.43000E+00
n-Nb093-MT001-Finlay-13569013.1993                             474 5.29253E+00 5.99640E+02
n-Nb093-MT001-Fosterjr-10047046.1971                           234 2.39300E+00 1.48310E+01
n-Nb093-MT001-Fosterjr-10047046A001.1971                       234 2.39300E+00 1.48310E+01
n-Nb093-MT001-Garg-11905002.1965                              6306 8.17100E-05 7.49700E-03
n-Nb093-MT001-Gorlov-41311007.1967                               1 4.00000E+00 4.00000E+00
n-Nb093-MT001-Green-10225009.1973                              376 4.93100E-01 9.62600E+00
n-Nb093-MT001-Green-10225009A001.1973                          376 4.93100E-01 9.62600E+00
n-Nb093-MT001-Green-10225010.1973                              336 9.19300E-01 1.06200E+01
n-Nb093-MT001-Green-10225010A001.1973                          336 9.19300E-01 1.06200E+01
n-Nb093-MT001-Grigoriev-41407003.2001                            7 7.32500E-04 7.32500E-02
n-Nb093-MT001-Grigoriev-41426004.2002                           10 1.57500E-04 1.50000E-01
n-Nb093-MT001-Grigoriev-41426010.2002                           10 1.57500E-04 1.50000E-01
n-Nb093-MT001-Grigoriev-41505002.2007                            6 1.57500E-04 7.32500E-03
n-Nb093-MT001-Heeringa-22175003.1989                             9 1.90000E+01 5.00000E+01
n-Nb093-MT001-Hibdon-13041015.1950                               2 1.20000E-04 3.45000E-04
n-Nb093-MT001-Jain-11904002.1965                                10 1.00000E-02 1.00000E-01
n-Nb093-MT001-Kent-11617030.1962                                 1 3.66000E+00 3.66000E+00
n-Nb093-MT001-Manero-20169004.1968                              62 3.32000E+00 5.10000E+00
n-Nb093-MT001-Miller-11712009.1952                              31 1.20000E-01 3.21000E+00
n-Nb093-MT001-Newson-11569009.1957                              30 4.50000E-04 1.02500E-02
n-Nb093-MT001-Pilcher-11909002.1955                             96 3.03000E-06 3.18700E-04
n-Nb093-MT001-Poenitz-12853017.1983                              9 4.70000E-02 2.28000E-01
n-Nb093-MT001-Poenitz-12853018.1983                             21 2.15000E-01 1.60000E+00
n-Nb093-MT001-Poenitz-12853019.1983                             68 1.82200E+00 2.02200E+01
n-Nb093-MT001-Saplakoglu-11910002.1958                         634 2.90000E-05 1.97720E-02
n-Nb093-MT001-Saplakoglu-119100032.1958                         13 3.59000E-05 7.44000E-04
n-Nb093-MT001-Serpa-10404006.1970                              220 1.19000E-09 2.19164E-06
n-Nb093-MT001-Serpa-10404006A001.1970                          220 1.19000E-09 2.19164E-06
n-Nb093-MT001-Seth-11781006.1965                               102 4.00000E-03 6.40000E-01
n-Nb093-MT001-Seth-11788008.1958                                50 4.71000E-05 1.66900E-04
n-Nb093-MT001-Smith-10325002.1973                              146 2.72000E-01 5.00000E+00
n-Nb093-MT001-Smith-10325002A001.1973                          146 2.72000E-01 5.00000E+00
n-Nb093-MT001-Smith-12797002.1982                               38 7.49800E-01 4.45700E+00
n-Nb093-MT001-TranTuanAnhhh-31781002.2018                        4 2.40000E-02 1.48000E-01
n-Nb093-MT001-Uttley-21088002.1966                              25 1.25000E-02 1.90000E+00
n-Nb093-MT001-Wang-31668002.2011                               196 5.48200E-08 3.95396E-04
n-Nb093-MT001-Western-12069013.1966                              1 1.47000E+01 1.47000E+01
n-Nb093-MT001-Wu-11751005.1947                                  48 8.30000E-09 1.55389E-02
n-Nb093-MT001-Wu-11751021.1947                                  48 5.42000E-07 2.44902E-02
