#              Filename                                         N    min         max
n-Ta181-MT001-Antonov-40152002.1978                              1 2.53000E-08 2.53000E-08
n-Ta181-MT001-Belanova-404300025.1975                           15 4.28000E-06 6.32200E-05
n-Ta181-MT001-Belanova-40430004.1975                          1559 7.77700E-06 7.10700E-05
n-Ta181-MT001-Chandramoleswar-304080054.1966                     1 4.28000E-06 4.28000E-06
n-Ta181-MT001-Finlay-13569017.1993                             474 5.29253E+00 5.99640E+02
n-Ta181-MT001-Firk-21015002.1958                               297 1.98100E-05 1.08400E-04
n-Ta181-MT001-Firk-210150042.1958                               13 2.02000E-05 9.88000E-05
n-Ta181-MT001-Fluharty-119460102.1956                            4 1.40000E-05 3.93000E-05
n-Ta181-MT001-Fosterjr-10047077.1971                           243 2.26100E+00 1.49590E+01
n-Ta181-MT001-Fosterjr-10047077A001.1971                       243 2.26100E+00 1.49590E+01
n-Ta181-MT001-Gayther-21038009.1957                             18 7.97000E-04 2.39000E-02
n-Ta181-MT001-Havensjr-12184021.1947                            31 2.27400E-06 3.88473E-01
n-Ta181-MT001-Havensjr-12184023.1947                            46 4.01000E-06 2.59239E-01
n-Ta181-MT001-Islam-30134009.1973                              101 1.00200E+00 2.00100E+00
n-Ta181-MT001-Malik-10501009.1970                                4 7.00000E-08 8.35000E-07
n-Ta181-MT001-Malik-10501009A001.1970                            4 7.00000E-08 8.35000E-07
n-Ta181-MT001-Martin-12159002.1967                             565 7.00100E-01 1.50400E+01
n-Ta181-MT001-Mcgarry-13050003.1955                              1 1.40000E+01 1.40000E+01
n-Ta181-MT001-Meaze-31575002.2006                              131 1.69700E-08 9.90748E-05
n-Ta181-MT001-Poenitz-10935002.1981                             47 4.80000E-02 4.80700E+00
n-Ta181-MT001-Poenitz-10935002A001.1981                         47 4.80000E-02 4.80700E+00
n-Ta181-MT001-Radkevich-403820473.1956                           6 1.02000E-05 2.37000E-05
n-Ta181-MT001-Rapp-14576002.2019                              6223 4.00100E-01 2.50500E+01
n-Ta181-MT001-Rapp-14576003.2019                              6223 4.00100E-01 2.50500E+01
n-Ta181-MT001-Tsubone-21813005.1984                             25 2.41000E-02 9.47350E-01
n-Ta181-MT001-Vertebnyj-40881004.1983                            1 2.00000E-03 2.00000E-03
n-Ta181-MT001-Wood-119470042.1956                                1 4.28200E-06 4.28200E-06
