#              Filename                                         N    min         max
n-Fe056-MT051-Almenramstrom-20788008.1975                       11 2.02000E+00 4.50000E+00
n-Fe056-MT051-Almenramstrom-20788031.1975                        4 3.78000E+00 4.50000E+00
n-Fe056-MT051-Barrows-13048002.1968                              1 2.90000E+00 2.90000E+00
n-Fe056-MT051-Beyer-23134002.2014                               30 8.47000E-01 9.56200E+00
n-Fe056-MT051-Beyer-23134019.2014                               16 8.47000E-01 2.08400E+00
n-Fe056-MT051-Boschung-10037015.1971                             2 5.05000E+00 5.58000E+00
n-Fe056-MT051-Boschung-10037015A001.1971                         2 5.05000E+00 5.58000E+00
n-Fe056-MT051-Degtjarev-40047018.1967                            7 1.37000E+00 3.76000E+00
n-Fe056-MT051-Degtjarev-40047021.1967                            2 3.36000E+00 3.76000E+00
n-Fe056-MT051-Elbakr-10362002.1973                               8 8.91000E-01 1.74300E+00
n-Fe056-MT051-Elbakr-10362002A001.1973                           8 8.91000E-01 1.74300E+00
n-Fe056-MT051-Elkadi-10958013.1982                               4 7.96000E+00 1.39200E+01
n-Fe056-MT051-Elkadi-10958013A001.1982                           4 7.96000E+00 1.39200E+01
n-Fe056-MT051-Gilboy-21097005.1965                               3 2.01000E+00 3.99000E+00
n-Fe056-MT051-Gilboy-21097009.1965                               1 3.99000E+00 3.99000E+00
n-Fe056-MT051-Glazkov-40680065.1963                              2 1.00000E+00 1.20000E+00
n-Fe056-MT051-Hlavac-40578003.1980                               1 1.46000E+01 1.46000E+01
n-Fe056-MT051-Hyakutake-20690004.1975                            1 1.41000E+01 1.41000E+01
n-Fe056-MT051-Kiehn-11477006.1954                              133 8.12000E-01 2.70000E+00
n-Fe056-MT051-Kinney-11708002.1968                               5 4.60000E+00 7.55000E+00
n-Fe056-MT051-Kinney-11708004.1968                               7 4.60000E+00 7.55000E+00
n-Fe056-MT051-Konobeevskii-40213005.1974                        67 8.62274E-01 1.18295E+00
n-Fe056-MT051-Korzh-40531121.1975                                4 1.50000E+00 3.00000E+00
n-Fe056-MT051-Korzh-40532018.1977                                4 1.50000E+00 3.00000E+00
n-Fe056-MT051-Mittler-10519003.1975                             36 8.78000E-01 3.96200E+00
n-Fe056-MT051-Mittler-10519003A001.1975                         36 8.78000E-01 3.96200E+00
n-Fe056-MT051-Negret-23073035.2013                             645 8.61540E-01 4.49969E+00
n-Fe056-MT051-Nemilov-41385002.1982                             25 8.93000E-01 2.11500E+00
n-Fe056-MT051-Nemilov-41385003.1982                              7 4.13000E+00 5.00000E+00
n-Fe056-MT051-Olsson-22128012.1990                               1 2.16000E+01 2.16000E+01
n-Fe056-MT051-Ramirez-14462005.2017                             14 1.50000E+00 7.96000E+00
n-Fe056-MT051-Rodgers-11276008.1967                              1 2.33000E+00 2.33000E+00
n-Fe056-MT051-Rogers-10146002.1971                              10 9.20000E-01 1.79000E+00
n-Fe056-MT051-Rogers-10146002A001.1971                          10 9.20000E-01 1.79000E+00
n-Fe056-MT051-Salama-30589002.1981                               6 2.02000E+00 3.96000E+00
n-Fe056-MT051-Schmidt-22403008.1994                             12 9.41000E+00 1.52000E+01
n-Fe056-MT051-Schweitzer-30463024.1978                           1 3.40000E+00 3.40000E+00
n-Fe056-MT051-Smith-12144004.1966                               26 1.12500E+00 1.50000E+00
n-Fe056-MT051-Tucker-11720002.1965                              31 8.64000E-01 1.09700E+00
n-Fe056-MT051-Vanhoy-14451005.2018                              17 1.50000E+00 4.70000E+00
