#              Filename                                         N    min         max     
n-Tb159-rp065160-Malik-10501023.1970                             4 3.30000E-08 2.70000E-07
n-Tb159-rp065160-Malik-10501023A001.1970                         4 3.30000E-08 2.70000E-07
n-Tb159-rp065160-Gibbons-11329044.1961                           3 3.00000E-02 1.67000E-01
n-Tb159-rp065160-Gibbons-11329053.1961                          45 1.13000E-02 1.74000E-01
n-Tb159-rp065160-Block-11935014.1961                            52 2.00000E-04 9.40000E-03
n-Tb159-rp065160-Poenitz-12832014.1982                          11 5.00000E-01 4.00000E+00
n-Tb159-rp065160-Schuman-14080033.1970                           1 2.00000E-03 2.00000E-03
n-Tb159-rp065160-Rigaud-20533005.1971                            1 1.40600E+01 1.40600E+01
n-Tb159-rp065160-Ryves-20561008.1974                             1 2.53000E-08 2.53000E-08
n-Tb159-rp065160-Knorr-21498003.1970                             8 1.31000E-10 3.16400E-09
n-Tb159-rp065160-Voignier-22006015.1992                          4 5.00000E-01 2.50000E+00
n-Tb159-rp065160-Dzysiuk-23255002.2015                           4 3.67000E+00 6.85000E+00
n-Tb159-rp065160-Farinaarbocco-23266138.2013                     1 2.53000E-08 2.53000E-08
n-Tb159-rp065160-Farinaarbocco-23266139.2013                    10 2.53000E-08 2.53000E-08
n-Tb159-rp065160-Decorte-23488072.1988                           1 2.53000E-08 2.53000E-08
n-Tb159-rp065160-Peto-30031024.1967                              1 3.00000E+00 3.00000E+00
n-Tb159-rp065160-Brzosko-30159014.1971                           1 4.00000E-01 4.00000E-01
n-Tb159-rp065160-Lepine-30233005.1972                            4 3.00000E-02 3.00000E-01
n-Tb159-rp065160-Siddappa-30248006.1974                          1 2.30000E-02 2.30000E-02
n-Tb159-rp065160-Rajput-31533002.2003                            1 2.53000E-08 2.53000E-08
n-Tb159-rp065160-MuYunshann-32528002.1988                        5 7.70000E-01 1.61000E+00
n-Tb159-rp065160-Soni-33113002.2018                              3 5.08000E+00 1.66300E+01
n-Tb159-rp065160-Bokhovko-41225007.1993                         57 5.50000E-03 3.90000E-01
