#              Filename                                         N    min         max
n-Rb085-MT016-Araminowicz-30264023.1973                          1 1.46000E+01 1.46000E+01
n-Rb085-MT016-Augustyniak-30350003.1976                          8 1.30000E+01 1.66000E+01
n-Rb085-MT016-Bari-10431030.1971                                 1 1.48000E+01 1.48000E+01
n-Rb085-MT016-Bari-10431030A001.1971                             1 1.48000E+01 1.48000E+01
n-Rb085-MT016-Bormann-20614006.1976                              6 1.33800E+01 1.81200E+01
n-Rb085-MT016-Bormann-20834006.1968                             10 1.29400E+01 1.95600E+01
n-Rb085-MT016-ChuanxinZhuu-32696002.2011                         6 1.34000E+01 1.48000E+01
n-Rb085-MT016-ChuanxinZhuu-32801002.2020                         9 1.20000E+01 1.98000E+01
n-Rb085-MT016-Csikai-30033003.1967                               1 1.36500E+01 1.36500E+01
n-Rb085-MT016-Erlandsson-21659003.1979                           1 1.48000E+01 1.48000E+01
n-Rb085-MT016-Ghorai-10359002.1974                               3 1.50000E+01 1.70000E+01
n-Rb085-MT016-Ghorai-10359002A001.1974                           3 1.50000E+01 1.70000E+01
n-Rb085-MT016-JunhuaLuoo-327820023.2018                          3 1.35000E+01 1.48000E+01
n-Rb085-MT016-Konno-22637023.1993                                8 1.33400E+01 1.49400E+01
n-Rb085-MT016-LiYingjunn-32637002T.1984                          1 1.47000E+01 1.47000E+01
n-Rb085-MT016-Minetti-20891004.1968                              1 1.47000E+01 1.47000E+01
n-Rb085-MT016-Pepelnik-21999019.1986                             1 1.47000E+01 1.47000E+01
n-Rb085-MT016-Prestwood-11645010.1961                            9 1.22000E+01 1.97600E+01
n-Rb085-MT016-Rieder-20033002.1966                               1 1.47000E+01 1.47000E+01
n-Rb085-MT016-Strohal-30008005.1962                              1 1.46000E+01 1.46000E+01
n-Rb085-MT016-Tewes-11504004.1960                                5 1.03500E+01 1.45000E+01
n-Rb085-MT016-YuanXialinn-31409003.1990                         10 1.24900E+01 1.75400E+01
