#              Filename                                         N    min         max     
n-P031-rp014031-Grundl-10417005.1967                            17 1.68000E+00 1.41000E+01
n-P031-rp014031-Kantele-111960092.1962                           1 1.47000E+01 1.47000E+01
n-P031-rp014031-Grundl-10417005A001.1967                        17 1.68000E+00 1.41000E+01
n-P031-rp014031-Kantele-111960092A001.1962                       1 1.47000E+01 1.47000E+01
n-P031-rp014031-Paul-11274015.1953                               1 1.45000E+01 1.45000E+01
n-P031-rp014031-Forbes-11474004.1952                             1 1.41000E+01 1.41000E+01
n-P031-rp014031-Grundl-11481003.1958                            12 1.59000E+00 5.69000E+00
n-P031-rp014031-Grundl-11481004.1958                             8 6.11000E+00 9.57000E+00
n-P031-rp014031-Grundl-11481005.1958                             1 1.41000E+01 1.41000E+01
n-P031-rp014031-Hassler-11492009.1962                            1 1.44000E+01 1.44000E+01
n-P031-rp014031-Grimeland-20106005.1965                          1 1.48000E+01 1.48000E+01
n-P031-rp014031-Morita-20284002.1958                            10 3.18000E+00 5.22000E+00
n-P031-rp014031-Robertson-20799009.1973                          1 1.47800E+01 1.47800E+01
n-P031-rp014031-Pasquarelli-20889012.1967                        1 1.47000E+01 1.47000E+01
n-P031-rp014031-Ricamo-21168004.1951                            88 1.91000E+00 3.64000E+00
n-P031-rp014031-Cuzzocrea-21220002.1960                         53 2.71000E+00 5.03000E+00
n-P031-rp014031-Metzger-21236002.1948                            1 3.00000E+00 3.00000E+00
n-P031-rp014031-Paulsen-21741002.1966                           15 1.56000E+00 2.22000E+00
n-P031-rp014031-Schantl-21846019.1970                            1 1.47000E+01 1.47000E+01
n-P031-rp014031-Prasad-30336008.1971                             1 1.48000E+01 1.48000E+01
n-P031-rp014031-Aleksandrov-40433007.1975                        1 1.41000E+01 1.41000E+01
