#              Filename                                         N    min         max     
n-Nd142-rp060141-Bari-10431048.1971                              1 1.48000E+01 1.48000E+01
n-Nd142-rp060141-Sothras-10751005.1978                           1 1.48000E+01 1.48000E+01
n-Nd142-rp060141-Bari-10431048A001.1971                          1 1.48000E+01 1.48000E+01
n-Nd142-rp060141-Sothras-10751005A001.1978                       1 1.48000E+01 1.48000E+01
n-Nd142-rp060141-Rayburn-11328029.1961                           1 1.44000E+01 1.44000E+01
n-Nd142-rp060141-Wille-12033021.1960                             1 1.48000E+01 1.48000E+01
n-Nd142-rp060141-Grissom-12064003.1966                           1 1.47000E+01 1.47000E+01
n-Nd142-rp060141-Frehaut-20416093.2016                           6 1.04200E+01 1.47600E+01
n-Nd142-rp060141-Qaim-20541012.1974                              1 1.47000E+01 1.47000E+01
n-Nd142-rp060141-Dilg-20802004.1968                              1 1.47000E+01 1.47000E+01
n-Nd142-rp060141-Bormann-20830013.1970                          10 1.29200E+01 1.80200E+01
n-Nd142-rp060141-Kumabe-20852002.1977                            1 1.46000E+01 1.46000E+01
n-Nd142-rp060141-Kasugai-22393011.1997                           6 1.33800E+01 1.49500E+01
n-Nd142-rp060141-Ramaprasad-30051004.1969                        1 1.42000E+01 1.42000E+01
n-Nd142-rp060141-Lakshmanadas-30491004T.1974                     1 1.42000E+01 1.42000E+01
n-Nd142-rp060141-Gmuca-30649002S.1983                            1 1.48000E+01 1.48000E+01
n-Nd142-rp060141-PuZhongShenggg-31627004.2004                    3 1.35000E+01 1.46000E+01
n-Nd142-rp060141-JunhuaLuoo-32743002.2015                        3 1.35000E+01 1.48000E+01
n-Nd142-rp060141-Bholane-33170002.2022                           1 1.47700E+01 1.47700E+01
