#              Filename                                         N    min         max     
n-Mo098-rp042099-Rimawi-10660007.1977                            1 2.43000E-02 2.43000E-02
n-Mo098-rp042099-Gleason-10662004.1977                           1 2.53000E-08 2.53000E-08
n-Mo098-rp042099-Rimawi-10660007A001.1977                        1 2.43000E-02 2.43000E-02
n-Mo098-rp042099-Gleason-10662004A001.1977                       1 2.53000E-08 2.53000E-08
n-Mo098-rp042099-Macklin-11399022.1957                           1 2.40000E-02 2.40000E-02
n-Mo098-rp042099-Lyon-11407013.1959                              1 1.95000E-01 1.95000E-01
n-Mo098-rp042099-Booth-11429014.1958                             1 2.40000E-02 2.40000E-02
n-Mo098-rp042099-Stupegia-11624006.1968                         28 3.60000E-03 2.64400E+00
n-Mo098-rp042099-Weston-11818003.1960                            7 2.49000E-03 1.00000E-01
n-Mo098-rp042099-Wyrick-12831008.1982                            1 3.00000E-02 3.00000E-02
n-Mo098-rp042099-Bhike-142510041.2009                            1 1.60000E+00 1.60000E+00
n-Mo098-rp042099-Fabry-20186002.1969                             1 2.53000E-08 2.53000E-08
n-Mo098-rp042099-Vervier-20205006.1959                           1 2.50000E-02 2.50000E-02
n-Mo098-rp042099-Kurosawa-21584002.1979                          1 2.53000E-08 2.53000E-08
n-Mo098-rp042099-Kurosawa-21584003.1979                          1 1.00000E-06 1.00000E-06
n-Mo098-rp042099-Farinaarbocco-23266102.2013                     1 2.53000E-08 2.53000E-08
n-Mo098-rp042099-Farinaarbocco-23266103.2013                     5 2.53000E-08 2.53000E-08
n-Mo098-rp042099-Decorte-23488036.1988                           1 2.53000E-08 2.53000E-08
n-Mo098-rp042099-Peto-30031010.1967                              1 3.00000E+00 3.00000E+00
n-Mo098-rp042099-Hasan-30077009.1968                             1 2.40000E-02 2.40000E-02
n-Mo098-rp042099-Musgrove-30357044.1976                         15 3.50000E-03 1.75000E-01
n-Mo098-rp042099-Anand-30390007.1979                             1 2.50000E-02 2.50000E-02
n-Mo098-rp042099-Chaturvedi-30493005.1970                        1 2.40000E-02 2.40000E-02
n-Mo098-rp042099-WangChunhaoo-30994002.1991                     10 2.90000E-02 1.10000E+00
n-Mo098-rp042099-NguyenVanDooo-31656002.2009                     1 2.53000E-08 2.53000E-08
n-Mo098-rp042099-Elabd-31693004.2010                             1 2.53000E-08 2.53000E-08
n-Mo098-rp042099-Sriramachandramurty-31712007.1973               1 2.40000E-02 2.40000E-02
n-Mo098-rp042099-Uddin-31757002.2015                             2 3.34000E-08 5.36000E-08
n-Mo098-rp042099-Bhike-33038003.2012                             1 3.20000E+00 3.20000E+00
n-Mo098-rp042099-Dovbenko-40001005.1969                         16 2.32900E-01 2.80600E+00
n-Mo098-rp042099-Dovbenko-40001006.1969                         16 2.30000E-01 2.72500E+00
n-Mo098-rp042099-Kapchigashev-40663004.1963                     63 5.00000E-06 3.10000E-02
n-Mo098-rp042099-Trofimov-40855002.1984                         12 3.00000E-01 2.00000E+00
n-Mo098-rp042099-Trofimov-40975025.1987                          1 2.00000E+00 2.00000E+00
n-Mo098-rp042099-Trofimov-41001008.1987                          1 1.00000E+00 1.00000E+00
n-Mo098-rp042099-Blinov-41406002.1996                            5 7.40000E-01 1.97000E+00
