#              Filename                                         N    min         max
n-Co059-MT002-Abdelharith-30464033.1976                          1 3.40000E+00 3.40000E+00
n-Co059-MT002-Andreeff-317540051.1963                            1 5.02500E-05 5.02500E-05
n-Co059-MT002-Cox-10332076.1972                                  1 8.96000E-01 8.96000E-01
n-Co059-MT002-Cox-10332076A001.1972                              1 8.96000E-01 8.96000E-01
n-Co059-MT002-Gorlov-40221009.1965                               1 4.00000E+00 4.00000E+00
n-Co059-MT002-Hibdon-11261016.1949                               2 1.20000E-04 3.45000E-04
n-Co059-MT002-Holmqvist-20019109.1969                            1 1.46000E+00 1.46000E+00
n-Co059-MT002-Holmqvist-20019110.1969                            9 2.00000E+00 8.05000E+00
n-Co059-MT002-Kinney-10112051.1970                               5 5.00000E+00 8.56000E+00
n-Co059-MT002-Kinney-10112051A001.1970                           5 5.00000E+00 8.56000E+00
n-Co059-MT002-Korzh-40042005.1968                                1 1.50000E+00 1.50000E+00
n-Co059-MT002-Korzh-40179008.1972                                1 1.50000E+00 1.50000E+00
n-Co059-MT002-Korzh-40767004.1966                                2 5.00000E-01 8.00000E-01
n-Co059-MT002-Lambert-11538007.1966                              1 3.15000E+00 3.15000E+00
n-Co059-MT002-Machwe-11572013.1959                               1 3.66000E+00 3.66000E+00
n-Co059-MT002-Olsson-22048017.1987                               1 2.16000E+01 2.16000E+01
n-Co059-MT002-Pierre-11486012.1959                               1 1.40000E+01 1.40000E+01
n-Co059-MT002-Ramstein-21564003.1976                             1 6.40000E+00 6.40000E+00
n-Co059-MT002-Salama-30468007.1973                               1 5.50695E-07 5.50695E-07
n-Co059-MT002-Smith-11749003.1964                               31 3.00000E-01 1.50000E+00
n-Co059-MT002-Takahashi-22155078.1992                            1 1.41000E+01 1.41000E+01
n-Co059-MT002-Walt-11637008.1954                                 1 1.00000E+00 1.00000E+00
