#              Filename                                         N    min         max
n-Cm245-MT018-Alekseev-41523004.2009                           229 2.80600E-08 2.06300E-02
n-Cm245-MT018-Benjamin-10128004.1972                             1 2.50000E-08 2.50000E-08
n-Cm245-MT018-Benjamin-10128004A001.1972                         1 2.50000E-08 2.50000E-08
n-Cm245-MT018-Browne-10730004.1978                             271 1.00890E-08 3.41320E-05
n-Cm245-MT018-Browne-10730004A001.1978                         271 1.00890E-08 3.41320E-05
n-Cm245-MT018-Browne-10730005.1978                               1 2.53000E-08 2.53000E-08
n-Cm245-MT018-Browne-10730005A001.1978                           1 2.53000E-08 2.53000E-08
n-Cm245-MT018-Calviani-23168003.2012                          2112 2.83200E-08 9.71361E-01
n-Cm245-MT018-Fomushkin-41023002.1987                           21 3.50000E-01 4.55000E+00
n-Cm245-MT018-Fomushkin-41023003.1987                            9 2.60000E-01 6.20500E+00
n-Cm245-MT018-Fomushkin-41180004.1991                            1 1.41000E+01 1.41000E+01
n-Cm245-MT018-Fursov-41303007.1997                               4 5.00000E-01 1.49000E+01
n-Cm245-MT018-Fursov-41303009.1997                              43 1.30000E-01 7.40000E+00
n-Cm245-MT018-Gavrilov-40467020.1976                             1 2.53000E-08 2.53000E-08
n-Cm245-MT018-Gerasimov-41369028.1997                          343 4.30000E-08 4.33270E-02
n-Cm245-MT018-Gokhberg-41108002.1991                            21 1.76000E-01 5.00000E+00
n-Cm245-MT018-Halperin-10165002.1970                             1 2.50000E-08 2.50000E-08
n-Cm245-MT018-Halperin-10165002A001.1970                         1 2.50000E-08 2.50000E-08
n-Cm245-MT018-Hirose-23186004.2012                              87 1.06000E-07 2.11700E-03
n-Cm245-MT018-Ivanin-41360002.1997                              46 1.43000E-02 9.24880E+00
n-Cm245-MT018-Letourneau-22941040.2009                           1 2.53000E-08 2.53000E-08
n-Cm245-MT018-Moore-10121028.1971                             4301 1.99870E-05 2.83120E+00
n-Cm245-MT018-Moore-10121028A001.1971                         4301 1.99870E-05 2.83120E+00
n-Cm245-MT018-Popescu-23115002.2009                              1 2.53000E-08 2.53000E-08
n-Cm245-MT018-Serot-23120002.2009                             1122 3.94700E-07 1.00080E-04
n-Cm245-MT018-White-13993002.1979                              365 2.12000E-08 9.96800E-06
n-Cm245-MT018-White-13993003.1979                              729 1.02400E-05 6.30900E-05
n-Cm245-MT018-White-13994002.1982                               66 1.09600E-02 9.78800E+00
