#              Filename                                         N    min         max
n-U238-MT102-Adamchuk-40987003.1988                             22 1.50000E-04 4.50000E-02
n-U238-MT102-Adamchuk-40987004.1988                             11 1.57500E-05 3.40000E-02
n-U238-MT102-Adamcnuk-40561002.1977                             19 2.50000E-04 2.50000E-02
n-U238-MT102-Agbemava-31717005.2011                              1 2.53000E-08 2.53000E-08
n-U238-MT102-Anderson-12445002.1944                              1 2.53000E-08 2.53000E-08
n-U238-MT102-Anderson-14704002.1939                              1 2.53000E-08 2.53000E-08
n-U238-MT102-Anderson-14704003.1939                              1 2.53000E-08 2.53000E-08
n-U238-MT102-Asghar-20972002.1966                              120 5.26000E-06 1.02600E-03
n-U238-MT102-Asghar-20972003.1966                              120 5.29900E-06 9.17300E-03
n-U238-MT102-Barry-21187002.1964                                13 1.27000E-01 7.60000E+00
n-U238-MT102-Belanova-40072019.1965                              1 2.30000E-02 2.30000E-02
n-U238-MT102-Belanova-400720371.1965                             1 2.40000E-02 2.40000E-02
n-U238-MT102-Belanova-400720372.1965                             1 2.40000E-02 2.40000E-02
n-U238-MT102-Belanova-400720373.1965                             1 2.40000E-02 2.40000E-02
n-U238-MT102-Belanova-400720374.1965                             1 2.40000E-02 2.40000E-02
n-U238-MT102-Belanova-400720375.1965                             1 2.40000E-02 2.40000E-02
n-U238-MT102-Belanova-400720376.1965                             1 2.40000E-02 2.40000E-02
n-U238-MT102-Belanova-400720377.1965                             1 2.40000E-02 2.40000E-02
n-U238-MT102-Belanova-400720378.1965                             1 2.40000E-02 2.40000E-02
n-U238-MT102-Bergman-40059002.1969                              19 4.70000E-04 3.05000E-02
n-U238-MT102-Bergman-40059003.1969                              33 8.80000E-05 1.60000E-03
n-U238-MT102-Bergman-40059004.1969                              90 4.50000E-06 3.00000E-04
n-U238-MT102-Bilpuch-11187006.1960                              15 2.50000E-03 2.20000E-01
n-U238-MT102-Bilpuch-11187006A001.1960                          15 2.50000E-03 2.20000E-01
n-U238-MT102-Block-105940032.1972                                1 2.43000E-02 2.43000E-02
n-U238-MT102-Block-105940032A001.1972                            1 2.43000E-02 2.43000E-02
n-U238-MT102-Broda-21479002.1945                                 5 4.00000E-01 3.00000E+00
n-U238-MT102-Brzosko-30159029.1971                               1 4.00000E-01 4.00000E-01
n-U238-MT102-Buleeva-40969005.1988                              17 3.39000E-01 1.39100E+00
n-U238-MT102-Buleeva-40969006.1988                               2 6.19000E-01 7.80000E-01
n-U238-MT102-Buleeva-40969007.1988                               2 6.19000E-01 7.80000E-01
n-U238-MT102-Chelnokov-40105008.1972                            26 2.00000E-04 3.46000E-02
n-U238-MT102-Corvi-221150021.1988                               72 2.02350E-09 8.98420E-08
n-U238-MT102-Corvi-221150022.1988                               72 2.02350E-09 8.98420E-08
n-U238-MT102-Crasta-33059002.2014                                2 8.04000E+00 1.19000E+01
n-U238-MT102-Crocker-21181003.1955                               1 2.53000E-08 2.53000E-08
n-U238-MT102-Decorte-23488095.1988                               1 2.53000E-08 2.53000E-08
n-U238-MT102-Desaussure-10101002.1973                           27 1.50000E-04 9.50000E-02
n-U238-MT102-Desaussure-10101002A001.1973                       27 1.50000E-04 9.50000E-02
n-U238-MT102-Dietze-30460002.1977                                2 2.40000E-02 3.00000E-02
n-U238-MT102-Diven-11616030.1960                                 7 1.75000E-01 1.00000E+00
n-U238-MT102-Drake-10193007.1971                                 1 1.40000E+01 1.40000E+01
n-U238-MT102-Drake-10193007A001.1971                             1 1.40000E+01 1.40000E+01
n-U238-MT102-Fricke-10049008.1970                               93 1.00500E-03 7.52000E-01
n-U238-MT102-Fricke-10049008A001.1970                           93 1.00500E-03 7.52000E-01
n-U238-MT102-Gamgam-02092238.2024                                2 5.00000E-03 1.00000E-02
n-U238-MT102-Gibbons-11329074.1961                               2 3.00000E-02 6.50000E-02
n-U238-MT102-Gibbons-12229003.1969                             125 1.00819E-02 5.70676E-02
n-U238-MT102-Grigoriev-41154003.1990                             7 7.32500E-04 7.32500E-02
n-U238-MT102-Hanna-21067003.1959                                10 2.90000E-02 8.40000E-01
n-U238-MT102-HuangZhengDeee-30583003.1980                        1 1.42000E+01 1.42000E+01
n-U238-MT102-Hunt-23515002.1969                                  1 2.53000E-08 2.53000E-08
n-U238-MT102-Kazakov-409150021.1986                             33 4.50000E-03 1.25000E-01
n-U238-MT102-Kazakov-409150022.1986                             42 3.25000E-02 4.50000E-01
n-U238-MT102-Kazakov-409150031.1986                             33 4.50000E-03 1.25000E-01
n-U238-MT102-Kazakov-409150032.1986                             40 3.25000E-02 4.50000E-01
n-U238-MT102-Kazakov-409150041.1986                             58 4.50000E-03 4.50000E-01
n-U238-MT102-Kim-23302002.2016                                  27 3.75000E-03 8.50000E-02
n-U238-MT102-Koroleva-40074006.1965                              1 2.40000E-02 2.40000E-02
n-U238-MT102-Leipunskiy-40244084.1958                            1 2.00000E-01 2.00000E-01
n-U238-MT102-Leipunskiy-40244104.1958                            2 2.70000E+00 4.00000E+00
n-U238-MT102-Lindner-10221061.1976                              23 1.21000E-01 2.73000E+00
n-U238-MT102-Lindner-10221061A001.1976                          23 1.21000E-01 2.73000E+00
n-U238-MT102-Linenberger-11945013.1946                           1 5.90000E+00 5.90000E+00
n-U238-MT102-Linenberger-14137003.1944                          12 5.00000E-03 1.31000E+00
n-U238-MT102-Linenberger-147220052.1943                          1 2.40000E-01 2.40000E-01
n-U238-MT102-Liou-10575004.1977                                  1 2.50000E-06 2.50000E-06
n-U238-MT102-Liou-10575004A001.1977                              1 2.50000E-06 2.50000E-06
n-U238-MT102-Liou-10575005.1977                                 10 1.12000E-06 5.15000E-06
n-U238-MT102-Liou-10575005A001.1977                             10 1.12000E-06 5.15000E-06
n-U238-MT102-Liou-10575006.1977                                 15 5.63000E-06 1.75400E-05
n-U238-MT102-Liou-10575006A001.1977                             15 5.63000E-06 1.75400E-05
n-U238-MT102-Lyon-11407034.1959                                  1 1.95000E-01 1.95000E-01
n-U238-MT102-Macklin-11399052.1957                               1 2.40000E-02 2.40000E-02
n-U238-MT102-Macklin-14023002.1988                             177 2.54140E-03 2.64010E-03
n-U238-MT102-Macklin-14023003.1988                             352 2.54140E-03 2.36920E-02
n-U238-MT102-Mcdaniels-12767003.1982                             8 7.20000E+00 1.42000E+01
n-U238-MT102-Menlove-20362002.1968                               9 2.44000E-02 5.03000E-01
n-U238-MT102-Mingrone-23234004.2017                             43 4.50000E-03 6.85000E-01
n-U238-MT102-Mingrone-23234005.2017                            119 3.09112E-03 7.08134E-01
n-U238-MT102-Moxon-20465003.1969                                19 1.50000E-03 1.50000E-01
n-U238-MT102-Moxon-21334003.1968                                92 6.05000E-03 9.70000E-02
n-U238-MT102-Moxon-22541003.2006                              4096 5.25625E-06 2.47311E-01
n-U238-MT102-Mulik-33056002.2014                                 2 5.90000E+00 1.55000E+01
n-U238-MT102-Murzin-40857003.1983                                3 2.00000E-03 5.50000E-02
n-U238-MT102-Naik-33043002.2012                                  2 3.70000E+00 9.85000E+00
n-U238-MT102-Naik-33091004.2015                                  2 2.45000E+00 1.48000E+01
n-U238-MT102-Nyarko-31698019.2010                                1 2.53000E-08 2.53000E-08
n-U238-MT102-Palevsky-12446002.1955                              1 2.53000E-08 2.53000E-08
n-U238-MT102-Panitkin-40121002.1972                             11 1.20000E+00 4.00000E+00
n-U238-MT102-Panitkin-40177002.1972                              7 5.00000E+00 2.00000E+01
n-U238-MT102-Panitkin-40177003.1972                             36 2.40000E-02 7.00000E+00
n-U238-MT102-Panitkin-41335002.1971                             21 2.40000E-02 1.10000E+00
n-U238-MT102-Perez-12867002.1979                                57 5.50700E-03 1.00000E-01
n-U238-MT102-Perez-12867004.1979                                60 5.48600E-03 1.00000E-01
n-U238-MT102-Perkin-21438031.1958                                1 1.45000E+01 1.45000E+01
n-U238-MT102-Poenitz-10421003.1975                              44 2.00000E-02 4.70000E-01
n-U238-MT102-Poenitz-10421003A001.1975                          44 2.00000E-02 4.70000E-01
n-U238-MT102-Poenitz-10421006.1975                              10 4.00000E-01 1.20000E+00
n-U238-MT102-Poenitz-10421006A001.1975                          10 4.00000E-01 1.20000E+00
n-U238-MT102-Poenitz-11000002.1981                               1 2.53000E-08 2.53000E-08
n-U238-MT102-Poenitz-11000002A001.1981                           1 2.53000E-08 2.53000E-08
n-U238-MT102-Poenitz-11000003.1981                              17 3.00000E-02 3.03300E+00
n-U238-MT102-Poenitz-11000003A001.1981                          17 3.00000E-02 3.03300E+00
n-U238-MT102-Poenitz-11000004.1981                               2 3.00000E-02 5.03000E-01
n-U238-MT102-Poenitz-11000004A001.1981                           2 3.00000E-02 5.03000E-01
n-U238-MT102-Poenitz-12670006.1975                              43 1.99300E-02 4.73000E-01
n-U238-MT102-Poenitz-12670015.1975                              10 3.92200E-01 1.18300E+00
n-U238-MT102-QiangWangg-32784002.2018                            3 1.41000E+01 1.48000E+01
n-U238-MT102-Quan-10815002.1978                                  6 2.48000E-02 1.83250E-01
n-U238-MT102-Quan-10815002A001.1978                              6 2.48000E-02 1.83250E-01
n-U238-MT102-Quang-13190002.1992                                 1 2.29000E-02 2.29000E-02
n-U238-MT102-Quang-13190003.1992                                 1 9.66700E-01 9.66700E-01
n-U238-MT102-Rimawi-10434003.1975                                1 2.43000E-02 2.43000E-02
n-U238-MT102-Rimawi-10434003A001.1975                            1 2.43000E-02 2.43000E-02
n-U238-MT102-Ryves-20942003.1973                                 4 1.57000E-01 6.24000E-01
n-U238-MT102-Schuman-14080039.1970                               1 2.00000E-03 2.00000E-03
n-U238-MT102-Spencer-21698003.1975                              22 2.50000E-02 5.36000E-01
n-U238-MT102-Spencer-21698005.1975                              20 2.50000E-02 5.36000E-01
n-U238-MT102-Tolstikov-40803003.1963                            10 1.50000E-02 1.70000E-01
n-U238-MT102-Ullmann-14310002.2014                             115 1.03900E-03 9.93500E-03
n-U238-MT102-Ullmann-14310003.2014                              78 1.04600E-02 6.30200E-01
n-U238-MT102-Voignier-22006049.1992                              4 5.00000E-01 1.10000E+00
n-U238-MT102-VuongHuuTannn-31678002.1996                         2 5.50000E-02 1.44000E-01
n-U238-MT102-Weston-124560022.1963                               2 3.00000E-02 6.40000E-02
n-U238-MT102-Wright-23364004.2017                              245 1.02239E-06 7.71822E-02
n-U238-MT102-Wright-23364005.2017                               31 1.25000E-03 7.50000E-02
n-U238-MT102-Yamamuro-20432007.1975                              1 2.40000E-02 2.40000E-02
n-U238-MT102-Yamamuro-21466006.1980                             16 3.60000E-03 7.25000E-02
n-U238-MT102-ZhilingYuann-32802002.2020                          3 2.04000E+00 4.38000E+00
