#              Filename                                         N    min         max
n-In115-MT016m-Barrall-10022020.1969                             1 1.46000E+01 1.46000E+01
n-In115-MT016m-Barrall-10022020A001.1969                         1 1.46000E+01 1.46000E+01
n-In115-MT016m-Barrall-10031011.1969                             1 1.48000E+01 1.48000E+01
n-In115-MT016m-Barrall-10031011A001.1969                         1 1.48000E+01 1.48000E+01
n-In115-MT016m-Csikai-30966003.1990                              8 1.34300E+01 1.48400E+01
n-In115-MT016m-FeiTuoo-32653004.2006                             2 1.43000E+01 1.46000E+01
n-In115-MT016m-Filatenkov-41614122.2016                          7 1.35600E+01 1.47800E+01
n-In115-MT016m-Garg-30534004.1979                                1 1.47000E+01 1.47000E+01
n-In115-MT016m-Iwasaki-22755005.1997                             8 1.24580E+01 1.89440E+01
n-In115-MT016m-Janczyszyn-303220122.1973                         1 1.40000E+01 1.40000E+01
n-In115-MT016m-JunhuaLuoo-327750031.2017                         3 1.35000E+01 1.48000E+01
n-In115-MT016m-Kayashima-21300019.1979                           1 1.46000E+01 1.46000E+01
n-In115-MT016m-KeWeii-31402004.1989                             17 1.21800E+01 1.79000E+01
n-In115-MT016m-Kral-31834018.2020                                1 2.91000E+01 2.91000E+01
n-In115-MT016m-LiJianweii-30782002.1988                         16 1.27000E+01 1.82600E+01
n-In115-MT016m-LiJianweii-30782003.1988                          1 1.57500E+01 1.57500E+01
n-In115-MT016m-LiJianweii-30782004.1988                          1 1.57500E+01 1.57500E+01
n-In115-MT016m-LuHAnlinn-30999002.1989                           1 1.45700E+01 1.45700E+01
n-In115-MT016m-LuHanlinn-32619008.1975                          11 1.14000E+01 1.80000E+01
n-In115-MT016m-Menlove-11421007.1967                            10 1.27000E+01 1.93900E+01
n-In115-MT016m-Minetti-21106008.1968                             1 1.47000E+01 1.47000E+01
n-In115-MT016m-Paulsen-20486004.1975                            21 1.28000E+01 1.95900E+01
n-In115-MT016m-Prestwood-11645020.1961                          14 1.22000E+01 1.97600E+01
n-In115-MT016m-Reggoug-30643004.1982                             1 1.47000E+01 1.47000E+01
n-In115-MT016m-Reggoug-30643015.1984                             1 1.47000E+01 1.47000E+01
n-In115-MT016m-Roetzer-20063007.1968                             1 1.47000E+01 1.47000E+01
n-In115-MT016m-Ryves-21918006.1983                               3 1.46700E+01 1.81200E+01
n-In115-MT016m-Santry-10522010.1976                              8 1.00300E+01 1.35800E+01
n-In115-MT016m-Santry-10522010A001.1976                          8 1.00300E+01 1.35800E+01
n-In115-MT016m-Santry-10522011.1976                              5 1.38900E+01 1.47400E+01
n-In115-MT016m-Santry-10522011A001.1976                          5 1.38900E+01 1.47400E+01
n-In115-MT016m-Soni-33140003.2020                                3 1.39700E+01 2.00000E+01
n-In115-MT016m-Sunitha-33152002.2020                             2 1.35200E+01 1.45400E+01
n-In115-MT016m-Temperley-10214012.1970                           1 1.41000E+01 1.41000E+01
n-In115-MT016m-Temperley-10214012A001.1970                       1 1.41000E+01 1.41000E+01
