#              Filename                                         N    min         max
n-Pr141-MT016-Araminowicz-30264040.1973                          1 1.46000E+01 1.46000E+01
n-Pr141-MT016-Bari-10431046.1971                                 1 1.48000E+01 1.48000E+01
n-Pr141-MT016-Bari-10431046A001.1971                             1 1.48000E+01 1.48000E+01
n-Pr141-MT016-Bormann-20834015.1968                             10 1.27800E+01 1.94200E+01
n-Pr141-MT016-Cevolani-21266013.1962                             1 1.41300E+01 1.41300E+01
n-Pr141-MT016-Chatterjee-30612011.1969                           3 1.42000E+01 1.48000E+01
n-Pr141-MT016-Cuzzocrea-21289012.1967                            1 1.40000E+01 1.40000E+01
n-Pr141-MT016-Ferguson-11356005.1960                             6 1.24100E+01 1.79800E+01
n-Pr141-MT016-JunhuaLuoo-32685002.2010                           3 1.35000E+01 1.48000E+01
n-Pr141-MT016-Kasugai-22393010.1997                              5 1.33800E+01 1.46600E+01
n-Pr141-MT016-Khurana-31247015.1961                              1 1.48000E+01 1.48000E+01
n-Pr141-MT016-Koehler-11785006.1962                              8 1.22000E+01 1.81500E+01
n-Pr141-MT016-Menon-12066004.1967                                1 1.45000E+01 1.45000E+01
n-Pr141-MT016-Paul-11274089.1953                                 1 1.45000E+01 1.45000E+01
n-Pr141-MT016-Peto-30100006.1968                                 1 1.50000E+01 1.50000E+01
n-Pr141-MT016-Rayburn-11328028.1961                              1 1.44000E+01 1.44000E+01
n-Pr141-MT016-Rayburn-11954003.1963                             20 1.23000E+01 1.78000E+01
n-Pr141-MT016-Sakane-22662015.2001                               6 1.34000E+01 1.48700E+01
n-Pr141-MT016-Sigg-10477013.1975                                 1 1.48000E+01 1.48000E+01
n-Pr141-MT016-Sigg-10477013A001.1975                             1 1.48000E+01 1.48000E+01
n-Pr141-MT016-Valkonen-20673028.1976                             1 1.47000E+01 1.47000E+01
n-Pr141-MT016-Wille-12033018.1960                                1 1.48000E+01 1.48000E+01
