#              Filename                                         N    min         max
n-La139-MT102-Anand-30390018.1979                                1 2.50000E-02 2.50000E-02
n-La139-MT102-Benoist-21420006.1951                              1 2.53000E-08 2.53000E-08
n-La139-MT102-Booth-11429023.1958                                1 2.40000E-02 2.40000E-02
n-La139-MT102-Chaturvedi-30493008.1970                           1 2.40000E-02 2.40000E-02
n-La139-MT102-Chaubey-30079028.1966                              1 2.40000E-02 2.40000E-02
n-La139-MT102-Chowdhury-31680002.2010                            1 5.36000E-08 5.36000E-08
n-La139-MT102-Csikai-30067014.1967                               1 1.47000E+01 1.47000E+01
n-La139-MT102-Cuzzocrea-21289006.1967                            1 1.40000E+01 1.40000E+01
n-La139-MT102-Decorte-23488060.1988                              1 2.53000E-08 2.53000E-08
n-La139-MT102-Farinaarbocco-23266126.2013                        1 2.53000E-08 2.53000E-08
n-La139-MT102-Farinaarbocco-23266127.2013                        9 2.53000E-08 2.53000E-08
n-La139-MT102-Gamgam-02057139.2024                               2 5.00000E-03 1.00000E-02
n-La139-MT102-Gibbons-11329038.1961                              2 3.00000E-02 6.50000E-02
n-La139-MT102-Holub-30145012.1972                                1 1.44000E+01 1.44000E+01
n-La139-MT102-Igashira-23042002.2007                             5 2.05131E-02 5.58000E-01
n-La139-MT102-Johnsrud-11675017.1959                             4 1.66000E-01 2.00000E+00
n-La139-MT102-Kadonis-01057139.2024                             20 5.00000E-03 1.00000E-01
n-La139-MT102-Konks-40799002.1964                               66 4.00000E-05 4.00000E-02
n-La139-MT102-LuoJunhuaa-327130021.2013                          3 1.35000E+01 1.48000E+01
n-La139-MT102-LuoJunhuaa-327130022.2013                          3 1.35000E+01 1.48000E+01
n-La139-MT102-LuoJunhuaa-327130023.2013                          3 1.35000E+01 1.48000E+01
n-La139-MT102-LuoJunhuaa-327130024.2013                          3 1.35000E+01 1.48000E+01
n-La139-MT102-LuoJunhuaa-32713003.2013                           3 1.35000E+01 1.48000E+01
n-La139-MT102-Lyon-11407025.1959                                 1 1.95000E-01 1.95000E-01
n-La139-MT102-Macklin-11399035.1957                              1 2.40000E-02 2.40000E-02
n-La139-MT102-Mannhart-20610004.1975                             1 2.53000E-08 2.53000E-08
n-La139-MT102-Musgrove-30384004.1977                            15 3.50000E-03 1.75000E-01
n-La139-MT102-Nguyen-30835002.2014                               1 2.53000E-08 2.53000E-08
n-La139-MT102-Obrienjr-10085003.1967                             1 2.53000E-08 2.53000E-08
n-La139-MT102-Obrienjr-10085003A001.1967                         1 2.53000E-08 2.53000E-08
n-La139-MT102-Perkin-21438020.1958                               1 1.45000E+01 1.45000E+01
n-La139-MT102-Peto-30031018.1967                                 1 3.00000E+00 3.00000E+00
n-La139-MT102-PriyadaPanikkathh-33109002.2017                    1 2.53000E-08 2.53000E-08
n-La139-MT102-PriyadaPanikkathh-33109003.2017                    1 2.53000E-08 2.53000E-08
n-La139-MT102-Rigaud-20533003.1971                               1 1.40600E+01 1.40600E+01
n-La139-MT102-Rigaud-20543008.1974                               1 1.46000E+01 1.46000E+01
n-La139-MT102-Ryves-20791014.1971                                1 2.53000E-08 2.53000E-08
n-La139-MT102-Schuman-14080032.1970                              1 2.00000E-03 2.00000E-03
n-La139-MT102-Schwerer-20670014.1976                             1 1.46000E+01 1.46000E+01
n-La139-MT102-Stupegia-11624007.1968                            19 1.12000E-02 1.99700E+00
n-La139-MT102-Tan-31599002.2008                                  2 5.50000E-02 1.44000E-01
n-La139-MT102-Trofimov-40975020.1987                             1 2.00000E+00 2.00000E+00
n-La139-MT102-Trofimov-41001017.1987                             1 1.00000E+00 1.00000E+00
n-La139-MT102-Voignier-22006008.1992                             4 5.00000E-01 3.00000E+00
n-La139-MT102-Wille-12033008.1960                                1 1.48000E+01 1.48000E+01
n-La139-MT102-Zaikin-40255004.1976                              21 1.98000E-01 7.59000E+01
