#              Filename                                         N    min         max
n-B010-MT107-Bailey-14724006.1944                                1 5.80000E-01 5.80000E-01
n-B010-MT107-Bichsel-11227003.1957                              98 2.00000E-02 4.78000E+00
n-B010-MT107-Bichsel-11227003A001.1957                          98 2.00000E-02 4.78000E+00
n-B010-MT107-Bilpuch-11187002.1960                              32 3.00000E-03 6.80000E-02
n-B010-MT107-Bilpuch-11187002A001.1960                          32 3.00000E-03 6.80000E-02
n-B010-MT107-Bogart-11250002.1969                               27 2.90000E-02 8.17000E-01
n-B010-MT107-Cox-20894002.1967                                  12 1.07000E-02 2.47000E-01
n-B010-MT107-Friesenhahn-10303004.1975                         152 2.39660E-03 1.62120E+00
n-B010-MT107-Friesenhahn-10303004A001.1975                     152 2.39660E-03 1.62120E+00
n-B010-MT107-GuohuiZhangg-31617002.2008                          2 4.00000E+00 5.00000E+00
n-B010-MT107-GuohuiZhangg-32650002.2002                          4 4.17000E+00 6.52000E+00
n-B010-MT107-HaoyuJiangg-32804002.2019                          67 1.00000E-06 2.40000E+00
n-B010-MT107-Macklin-11240002.1968                               6 9.80000E-02 5.05000E-01
n-B010-MT107-Mooring-11185002.1964                               8 1.15000E-02 7.71000E-02
n-B010-MT107-Mooring-11185002A001.1964                           8 1.15000E-02 7.71000E-02
n-B010-MT107-Mooring-11185003.1964                               8 1.15000E-02 7.71000E-02
n-B010-MT107-Mooring-11185003A001.1964                           8 1.15000E-02 7.71000E-02
n-B010-MT107-Prosdocimi-20192003.1963                           50 6.01000E-09 8.20000E-08
n-B010-MT107-Prosdocimi-20192004.1963                            2 2.53000E-08 2.53000E-08
n-B010-MT107-ZhangGuohuii-32694002.2011                          2 4.00000E+00 5.00000E+00
n-B010-MT107-ZhiminWangg-32771005.2017                           3 4.00000E+00 5.00000E+00
