#              Filename                                         N    min         max
n-Li006-MT001-Abfalterer-13753002.2001                         467 5.29300E+00 5.59100E+02
n-Li006-MT001-Batchelor-21147026.1963                            6 3.35000E+00 7.54000E+00
n-Li006-MT001-Bratenahl-11155004.1958                            5 7.01000E+00 1.39800E+01
n-Li006-MT001-Bratenahl-11155004A001.1958                        5 7.01000E+00 1.39800E+01
n-Li006-MT001-Carter-11182002.1954                              81 3.32600E-06 2.28800E-02
n-Li006-MT001-Carter-11182002A001.1954                          81 3.32600E-06 2.28800E-02
n-Li006-MT001-Coon-12524058.1952                                 1 1.41200E+01 1.41200E+01
n-Li006-MT001-Farrell-11164003.1968                            125 4.38000E-02 6.46300E-01
n-Li006-MT001-Farrell-11164003A001.1968                        125 4.38000E-02 6.46300E-01
n-Li006-MT001-Fosterjr-10047005.1971                           237 2.25800E+00 1.48770E+01
n-Li006-MT001-Fosterjr-10047005A001.1971                       237 2.25800E+00 1.48770E+01
n-Li006-MT001-Gorlov-41317002.1956                              18 1.00000E-02 4.50000E-01
n-Li006-MT001-Goulding-10252002.1972                           507 7.00280E-01 2.98240E+01
n-Li006-MT001-Goulding-10252002A001.1972                       507 7.00280E-01 2.98240E+01
n-Li006-MT001-Harvey-10451002.1975                              22 2.46000E-02 9.54000E-01
n-Li006-MT001-Harvey-10451002A001.1975                          22 2.46000E-02 9.54000E-01
n-Li006-MT001-Harvey-10451003.1975                             722 1.25140E-05 1.39540E-02
n-Li006-MT001-Harvey-10451003A001.1975                         722 1.25140E-05 1.39540E-02
n-Li006-MT001-Harvey-10451004.1975                             334 2.22330E-02 1.50910E+00
n-Li006-MT001-Harvey-10451004A001.1975                         334 2.22330E-02 1.50910E+00
n-Li006-MT001-Harvey-10451006.1975                             334 2.22330E-02 1.50910E+00
n-Li006-MT001-Harvey-10451006A001.1975                         334 2.22330E-02 1.50910E+00
n-Li006-MT001-Harvey-10451009.1975                             475 2.56270E-02 1.12470E+01
n-Li006-MT001-Harvey-10451009A001.1975                         475 2.56270E-02 1.12470E+01
n-Li006-MT001-Harvey-10451010.1975                             609 4.02280E-03 1.18060E+01
n-Li006-MT001-Harvey-10451010A001.1975                         609 4.02280E-03 1.18060E+01
n-Li006-MT001-Harvey-10451011.1975                             109 5.76490E-02 5.40775E-01
n-Li006-MT001-Harvey-10451011A001.1975                         109 5.76490E-02 5.40775E-01
n-Li006-MT001-Harvey-13771002.1974                            3309 1.85320E-04 5.29950E-01
n-Li006-MT001-Harvey-13772002.1972                            2777 4.08080E-05 1.11560E+00
n-Li006-MT001-Harvey-13772003.1972                            2478 6.38830E-05 1.11560E+00
n-Li006-MT001-Harvey-13772004.1972                             668 7.64200E-09 1.15650E-03
n-Li006-MT001-Harvey-13772005.1972                            1897 1.89910E-02 3.26130E+01
n-Li006-MT001-Harvey-13772006.1972                             996 8.51220E-09 5.32110E-05
n-Li006-MT001-Harvey-13772007.1972                            3309 1.85320E-04 5.29950E-01
n-Li006-MT001-Hibdon-11002002.1954                             126 9.92000E-04 3.40000E-01
n-Li006-MT001-Hibdon-11002002A001.1954                         126 9.92000E-04 3.40000E-01
n-Li006-MT001-Hibdon-110030032.1954                              1 2.47000E-01 2.47000E-01
n-Li006-MT001-Hibdon-110030032A001.1954                          1 2.47000E-01 2.47000E-01
n-Li006-MT001-Hibdon-11163004.1968                              84 1.00000E-02 1.78000E-01
n-Li006-MT001-Hibdon-11163004A001.1968                          84 1.00000E-02 1.78000E-01
n-Li006-MT001-Hibdon-11163005.1968                             578 1.30000E-01 1.36000E+00
n-Li006-MT001-Hibdon-11163005A001.1968                         578 1.30000E-01 1.36000E+00
n-Li006-MT001-Hibdon-11163006.1968                              42 2.32000E-01 2.70000E-01
n-Li006-MT001-Hibdon-11163006A001.1968                          42 2.32000E-01 2.70000E-01
n-Li006-MT001-Johnson-110820021.1954                             1 2.55000E-01 2.55000E-01
n-Li006-MT001-Johnson-110820021A001.1954                         1 2.55000E-01 2.55000E-01
n-Li006-MT001-Johnson-11082004.1954                             40 3.30000E-02 3.84000E-01
n-Li006-MT001-Johnson-11082004A001.1954                         40 3.30000E-02 3.84000E-01
n-Li006-MT001-Johnson-11082005.1954                            179 3.91000E-01 4.15500E+00
n-Li006-MT001-Johnson-11082005A001.1954                        179 3.91000E-01 4.15500E+00
n-Li006-MT001-Katsaurov-41218002.1957                            2 2.50000E+00 1.40000E+01
n-Li006-MT001-Kellie-10888002.1979                             391 2.99000E+00 4.96430E+01
n-Li006-MT001-Kellie-10888002A001.1979                         391 2.99000E+00 4.96430E+01
n-Li006-MT001-Knitter-20749006.1977                            223 8.00000E-02 2.99200E+00
n-Li006-MT001-Meadows-10072002.1972                            987 1.00300E-01 1.49909E+00
n-Li006-MT001-Meadows-10072002A001.1972                        987 1.00300E-01 1.49909E+00
n-Li006-MT001-Nereson-11016003.1954                             26 2.82000E+00 9.70000E+00
n-Li006-MT001-Nereson-11016003A001.1954                         26 2.82000E+00 9.70000E+00
n-Li006-MT001-Peterson-11108004.1960                             4 1.81000E+01 2.77000E+01
n-Li006-MT001-Peterson-11108004A001.1960                         4 1.81000E+01 2.77000E+01
n-Li006-MT001-Smith-10701002.1977                               93 1.18800E-01 3.47900E-01
n-Li006-MT001-Smith-10701002A001.1977                           93 1.18800E-01 3.47900E-01
n-Li006-MT001-Smith-10701003.1977                               93 1.18800E-01 3.47900E-01
n-Li006-MT001-Smith-10701003A001.1977                           93 1.18800E-01 3.47900E-01
n-Li006-MT001-Smith-107010042.1977                               1 2.44500E-01 2.44500E-01
n-Li006-MT001-Smith-107010042A001.1977                           1 2.44500E-01 2.44500E-01
n-Li006-MT001-Smith-10701007.1977                               93 1.18800E-01 3.47900E-01
n-Li006-MT001-Smith-10701007A001.1977                           93 1.18800E-01 3.47900E-01
n-Li006-MT001-Smith-107010082.1977                               1 2.44500E-01 2.44500E-01
n-Li006-MT001-Smith-107010082A001.1977                           1 2.44500E-01 2.44500E-01
n-Li006-MT001-Smith-10904004.1982                               76 5.48300E-01 4.74700E+00
n-Li006-MT001-Smith-10904004A001.1982                           76 5.48300E-01 4.74700E+00
n-Li006-MT001-Smith-10904005.1982                               60 9.84400E-01 4.68100E+00
n-Li006-MT001-Smith-10904005A001.1982                           60 9.84400E-01 4.68100E+00
n-Li006-MT001-Smith-10904006.1982                               62 9.84400E-01 4.68100E+00
n-Li006-MT001-Smith-10904006A001.1982                           62 9.84400E-01 4.68100E+00
n-Li006-MT001-Uttley-20366002.1974                            3261 7.19010E-05 6.08940E+01
