#              Filename                                         N    min         max
n-Cm243-MT018-Alekseev-41532002.2009                           253 3.06200E-08 1.40600E-02
n-Cm243-MT018-Alekseev-41567002.2012                           271 2.74000E-08 2.08000E-02
n-Cm243-MT018-Bemisjr-10681007.1977                              1 2.53000E-08 2.53000E-08
n-Cm243-MT018-Bemisjr-10681007A001.1977                          1 2.53000E-08 2.53000E-08
n-Cm243-MT018-Fomushkin-40931003.1987                            1 1.48000E+01 1.48000E+01
n-Cm243-MT018-Fomushkin-40931004.1987                           11 6.00000E-02 3.00000E+00
n-Cm243-MT018-Fomushkin-41095002.1990                           10 1.10000E-01 3.00000E+00
n-Cm243-MT018-Fomushkin-41095003.1990                           10 1.10000E-01 3.00000E+00
n-Cm243-MT018-Fullwood-10064002.1970                           134 9.96840E-02 2.91026E+00
n-Cm243-MT018-Fullwood-10064002A001.1970                       134 9.96840E-02 2.91026E+00
n-Cm243-MT018-Fursov-41343003.1997                               8 1.30000E-01 1.50000E+01
n-Cm243-MT018-Fursov-41343005.1997                              60 1.45000E-01 7.00000E+00
n-Cm243-MT018-Popescu-23185002.2012                              1 2.53000E-08 2.53000E-08
n-Cm243-MT018-Popescu-23185003.2012                              1 2.53000E-08 2.53000E-08
n-Cm243-MT018-Popescu-23185004.2012                              1 2.53000E-08 2.53000E-08
n-Cm243-MT018-Serot-23577002.2005                                1 5.38000E-09 5.38000E-09
n-Cm243-MT018-Silbert-10679002.1976                           2972 1.46970E-05 3.24560E+00
n-Cm243-MT018-Silbert-10679002A001.1976                       2972 1.46970E-05 3.24560E+00
