#              Filename                                         N    min         max
n-Pb204-MT016-Araminowicz-30264043.1973                          1 1.46000E+01 1.46000E+01
n-Pb204-MT016-Begun-32205002.2002                                1 1.45000E+01 1.45000E+01
n-Pb204-MT016-Begun-32205025.2002                                6 1.35600E+01 1.45300E+01
n-Pb204-MT016-Csikai-30119008.1967                               1 1.47000E+01 1.47000E+01
n-Pb204-MT016-Decowski-30151004.1973                             9 1.29800E+01 1.78300E+01
n-Pb204-MT016-Dilg-20802022.1968                                 1 1.47000E+01 1.47000E+01
n-Pb204-MT016-Druzhinin-40171005.1972                            1 1.48000E+01 1.48000E+01
n-Pb204-MT016-Filatenkov-41614234.2016                           8 1.34800E+01 1.48800E+01
n-Pb204-MT016-Hankla-10244019.1972                               1 1.44000E+01 1.44000E+01
n-Pb204-MT016-Hankla-10244019A001.1972                           1 1.44000E+01 1.44000E+01
n-Pb204-MT016-Ikeda-22089111.1988                                8 1.33300E+01 1.49300E+01
n-Pb204-MT016-Kimura-22093023.1990                               1 1.40500E+01 1.40500E+01
n-Pb204-MT016-LuHanlinn-31401002.1990                            2 1.44900E+01 1.45800E+01
n-Pb204-MT016-LuHanlinn-31401003.1990                           10 9.41000E+00 1.48000E+01
n-Pb204-MT016-Maslov-40136022.1974                               2 1.42000E+01 1.46000E+01
n-Pb204-MT016-Pepelnik-21999042.1986                             1 1.47000E+01 1.47000E+01
n-Pb204-MT016-Ryves-22148005.1990                                1 1.43000E+01 1.43000E+01
n-Pb204-MT016-Semkova-22680007.2009                              9 1.48100E+01 2.05000E+01
n-Pb204-MT016-Tewes-11504019.1960                                5 1.01000E+01 1.40000E+01
n-Pb204-MT016-Vaughn-12223002.1963                              13 1.20500E+01 1.92000E+01
n-Pb204-MT016-YuanJunqiann-31637002.1993                         6 1.35000E+01 1.48100E+01
