#              Filename                                         N    min         max
n-C012-MT800-Alkital-11332002.1963                               1 1.40000E+01 1.40000E+01
n-C012-MT800-Brendle-20918003.1968                               2 1.39000E+01 1.56000E+01
n-C012-MT800-Chatterjee-31123002.1964                            1 1.45000E+01 1.45000E+01
n-C012-MT800-Davis-11285002.1963                                13 7.88000E+00 8.64000E+00
n-C012-MT800-Dietze-21823002.1982                                6 8.00000E+00 9.83000E+00
n-C012-MT800-Giorginis-23229003.2014                            30 7.50000E+00 9.60000E+00
n-C012-MT800-Haight-12899002.1984                                1 1.41000E+01 1.41000E+01
n-C012-MT800-Huck-20923002.1966                                  2 1.60000E+01 1.70000E+01
n-C012-MT800-Kardonsky-10175009.1971                             1 1.44000E+01 1.44000E+01
n-C012-MT800-Kardonsky-10175009A001.1971                         1 1.44000E+01 1.44000E+01
n-C012-MT800-Kitazawa-20897003.1969                              1 1.41000E+01 1.41000E+01
n-C012-MT800-Kondo-23000003.2008                                 1 1.42000E+01 1.42000E+01
n-C012-MT800-Kuvin-14711002.2021                               158 7.24000E+00 2.15600E+01
n-C012-MT800-Majerle-31821002.2020                              11 1.73000E+01 3.42000E+01
n-C012-MT800-Pillon-23142002.2011                               15 7.33000E+00 2.04900E+01
n-C012-MT800-Pillon-23768004.2017                                8 1.89100E+01 2.06900E+01
n-C012-MT800-Sanami-23005002.2000                                1 1.41000E+01 1.41000E+01
n-C012-MT800-Sanami-23005003.2000                                2 1.15000E+01 1.28000E+01
