#              Filename                                         N    min         max
n-Al027-MT003-Atkinson-11112008.1961                             1 5.00000E+03 5.00000E+03
n-Al027-MT003-Atkinson-11112008A001.1961                         1 5.00000E+03 5.00000E+03
n-Al027-MT003-Ball-11257005.1958                                 5 7.30000E+00 1.28000E+01
n-Al027-MT003-Beyster-11216004.1955                              3 1.00000E+00 4.50000E+00
n-Al027-MT003-Beyster-11216004A001.1955                          3 1.00000E+00 4.50000E+00
n-Al027-MT003-Beyster-11220006.1956                              4 1.77000E+00 7.00000E+00
n-Al027-MT003-Beyster-11220006A001.1956                          4 1.77000E+00 7.00000E+00
n-Al027-MT003-Chatterjee-30337004.1967                           1 1.48000E+01 1.48000E+01
n-Al027-MT003-Degtjarev-40645003.1961                            3 1.43000E+01 1.61000E+01
n-Al027-MT003-Degtjarev-406940061.1965                           1 8.10000E+00 8.10000E+00
n-Al027-MT003-Flerov-40369008.1956                               1 1.45000E+01 1.45000E+01
n-Al027-MT003-Graves-11304003.1953                               1 1.41000E+01 1.41000E+01
n-Al027-MT003-Graves-11310003.1955                               1 1.41000E+01 1.41000E+01
n-Al027-MT003-Macgregor-11226007.1957                            1 1.42000E+01 1.42000E+01
n-Al027-MT003-Macgregor-11226007A001.1957                        1 1.42000E+01 1.42000E+01
n-Al027-MT003-Macgregor-11230005.1958                            1 2.55000E+01 2.55000E+01
n-Al027-MT003-Macgregor-11230005A001.1958                        1 2.55000E+01 2.55000E+01
n-Al027-MT003-Pal-30335005.1980                                  1 1.42000E+01 1.42000E+01
n-Al027-MT003-Pantuev-41208004.1962                              1 8.30000E+03 8.30000E+03
n-Al027-MT003-Pasechnik-40381004.1955                            2 3.30000E+00 4.10000E+00
n-Al027-MT003-Pierre-11486003.1959                               1 1.40000E+01 1.40000E+01
n-Al027-MT003-Poze-40781003.1956                                 1 1.00000E+00 1.00000E+00
n-Al027-MT003-Prokopets-40247003.1969                            1 2.80000E+00 2.80000E+00
n-Al027-MT003-Schimmerling-10082016.1973                        15 3.79000E+02 1.73100E+03
n-Al027-MT003-Schimmerling-10082016A001.1973                    15 3.79000E+02 1.73100E+03
n-Al027-MT003-Strizhak-32239004.1958                             1 1.40000E+01 1.40000E+01
n-Al027-MT003-Strizhak-40360004.1957                             1 1.40000E+01 1.40000E+01
n-Al027-MT003-Strizhak-40782003.1956                             1 2.50000E+00 2.50000E+00
n-Al027-MT003-Taylor-11217004.1955                               5 3.50000E+00 1.41000E+01
n-Al027-MT003-Taylor-11217004A001.1955                           5 3.50000E+00 1.41000E+01
n-Al027-MT003-Voss-21370003.1956                                 4 5.50000E+01 1.40000E+02
n-Al027-MT003-Walt-11215011.1955                                 1 4.10000E+00 4.10000E+00
n-Al027-MT003-Walt-11215011A001.1955                             1 4.10000E+00 4.10000E+00
