#              Filename                                         N    min         max
n-Pu240-MT001-Abov-412220021.1955                                1 1.07500E-06 1.07500E-06
n-Pu240-MT001-Block-12024011.1960                               40 2.05000E-08 1.52000E-07
n-Pu240-MT001-Cote-125390025.1959                                3 1.05300E-06 3.82000E-05
n-Pu240-MT001-Egelstaff-21032006.1958                           46 6.27000E-07 1.37200E-06
n-Pu240-MT001-Egelstaff-235260043.1955                           1 1.05600E-06 1.05600E-06
n-Pu240-MT001-Gwin-14249002.1982                             27176 3.96930E-05 2.28850E-01
n-Pu240-MT001-Havensjr-12517007.1951                            40 9.83500E-08 1.76200E-06
n-Pu240-MT001-Kolar-20117002.1968                             8522 1.97140E-05 7.60070E-04
n-Pu240-MT001-Kolar-20117003.1968                            30773 1.96570E-05 5.70480E-03
n-Pu240-MT001-Leonardjr-125360022.1959                           1 1.05600E-06 1.05600E-06
n-Pu240-MT001-Pattenden-210330051.1956                           1 1.06000E-06 1.06000E-06
n-Pu240-MT001-Pattenden-21068002.1959                          288 6.53000E-08 7.88400E-07
n-Pu240-MT001-Pattenden-21068003.1959                            1 2.53000E-08 2.53000E-08
n-Pu240-MT001-Poenitz-10935009.1981                             47 4.80000E-02 4.80700E+00
n-Pu240-MT001-Poenitz-10935009A001.1981                         47 4.80000E-02 4.80700E+00
n-Pu240-MT001-Poenitz-12853057.1983                             68 1.81800E+00 2.09100E+01
n-Pu240-MT001-Ramakrishna-30039002.1970                          2 1.05900E-06 1.05900E-06
n-Pu240-MT001-Simpson-12526002.1957                            240 3.38000E-08 4.32000E-05
n-Pu240-MT001-Smith-10179002.1972                               55 1.16000E-01 1.46700E+00
n-Pu240-MT001-Smith-10179002A001.1972                           55 1.16000E-01 1.46700E+00
n-Pu240-MT001-Spencer-12941002.1987                              1 2.53000E-08 2.53000E-08
n-Pu240-MT001-Zimmerman-11787003.1956                           52 8.17600E-07 1.41400E-06
