#              Filename                                         N    min         max
n-Y089-MT016-Abboud-30274002.1971                                8 1.32900E+01 1.75800E+01
n-Y089-MT016-Agrawal-23031004.2008                               1 1.46000E+01 1.46000E+01
n-Y089-MT016-Araminowicz-30264026.1973                           1 1.46000E+01 1.46000E+01
n-Y089-MT016-Bayhurst-10536008.1975                              8 1.41000E+01 2.45000E+01
n-Y089-MT016-Bayhurst-10536008A001.1975                          8 1.41000E+01 2.45000E+01
n-Y089-MT016-Bayhurst-10536009.1975                              3 1.62200E+01 2.80600E+01
n-Y089-MT016-Bayhurst-10536009A001.1975                          3 1.62200E+01 2.80600E+01
n-Y089-MT016-Bayhurst-10536010.1975                              1 2.60700E+01 2.60700E+01
n-Y089-MT016-Bayhurst-10536010A001.1975                          1 2.60700E+01 2.60700E+01
n-Y089-MT016-Begun-32204002.2000                                 1 1.46000E+01 1.46000E+01
n-Y089-MT016-Begun-32205012.2002                                 1 1.45000E+01 1.45000E+01
n-Y089-MT016-Berrada-30805003.1984                               1 1.46000E+01 1.46000E+01
n-Y089-MT016-Bormann-20614011.1976                               8 1.26800E+01 1.75100E+01
n-Y089-MT016-ChuanxinZhuu-32696004.2011                          6 1.34000E+01 1.48000E+01
n-Y089-MT016-Chudoba-31787002.2018                               4 1.74000E+01 3.35000E+01
n-Y089-MT016-Csikai-30033005.1967                                1 1.49900E+01 1.49900E+01
n-Y089-MT016-FengqunZhouu-31649002.2008                          3 1.35000E+01 1.46000E+01
n-Y089-MT016-Filatenkov-41614055.2016                            8 1.34700E+01 1.48600E+01
n-Y089-MT016-Frehaut-20416078.2016                               7 1.18800E+01 1.47600E+01
n-Y089-MT016-Ghorai-10481002.1976                                8 1.26000E+01 1.78000E+01
n-Y089-MT016-Ghorai-10481002A001.1976                            8 1.26000E+01 1.78000E+01
n-Y089-MT016-Granger-21514004.1963                               1 1.40000E+01 1.40000E+01
n-Y089-MT016-Greenwood-12977017.1987                             2 1.45000E+01 1.49000E+01
n-Y089-MT016-HuangJianzhouu-30614002.1980                       13 1.28100E+01 1.80000E+01
n-Y089-MT016-Hudsonjr-11844002.1961                              1 1.60000E+01 1.60000E+01
n-Y089-MT016-Iwasaki-22752006.1994                               8 1.26930E+01 1.94270E+01
n-Y089-MT016-Jarosik-31842006.2022                               3 1.75000E+01 2.75000E+01
n-Y089-MT016-Kayashima-21300016.1979                             1 1.46000E+01 1.46000E+01
n-Y089-MT016-Klopries-31532002.1997                              7 1.13800E+01 1.46700E+01
n-Y089-MT016-Konno-22637034.1993                                 8 1.33600E+01 1.49500E+01
n-Y089-MT016-Kral-31834013.2020                                  1 2.91000E+01 2.91000E+01
n-Y089-MT016-Laurec-21709002.1981                                2 1.41000E+01 1.48000E+01
n-Y089-MT016-LuoJunhuaa-32729002.2016                            3 1.35000E+01 1.48000E+01
n-Y089-MT016-Mannhart-20611010.1975                              1 1.45100E+01 1.45100E+01
n-Y089-MT016-Mather-20794011.1969                                1 1.40600E+01 1.40600E+01
n-Y089-MT016-Mather-20795003.1972                                1 1.24000E+01 1.24000E+01
n-Y089-MT016-Molla-31494004.1998                                 4 1.40000E+01 1.47100E+01
n-Y089-MT016-Nethaway-10312003.1972                             16 1.37400E+01 1.49600E+01
n-Y089-MT016-Nethaway-10312003A001.1972                         16 1.37400E+01 1.49600E+01
n-Y089-MT016-Pasha-33137005.2019                                 1 1.45400E+01 1.45400E+01
n-Y089-MT016-Qaim-20513008.1974                                  1 1.47000E+01 1.47000E+01
n-Y089-MT016-Raics-30604006.1981                                 4 1.37500E+01 1.48000E+01
n-Y089-MT016-Rieder-20033008.1966                                2 1.40500E+01 1.47000E+01
n-Y089-MT016-Strohal-30008012.1962                               1 1.46000E+01 1.46000E+01
n-Y089-MT016-Tewes-11504008.1960                                 8 1.21000E+01 1.51000E+01
n-Y089-MT016-Uno-23279014.1996                                   6 1.75500E+01 3.00900E+01
n-Y089-MT016-Vallis-20347004.1966                                1 1.47000E+01 1.47000E+01
n-Y089-MT016-Veeser-10445004.1977                               10 1.47000E+01 2.40000E+01
n-Y089-MT016-Veeser-10445004A001.1977                           10 1.47000E+01 2.40000E+01
n-Y089-MT016-Vonach-20087005.1959                                1 1.41000E+01 1.41000E+01
n-Y089-MT016-Vrzalova-31714040.2013                              1 5.90000E+01 5.90000E+01
n-Y089-MT016-Wagner-30972004.1989                                4 1.35860E+01 1.47890E+01
n-Y089-MT016-Wagner-30972008.1989                                4 1.35860E+01 1.47890E+01
n-Y089-MT016-Wagner-317230051.2014                               5 1.74000E+01 3.35000E+01
n-Y089-MT016-Wagner-317230052.2014                               4 1.74000E+01 3.35000E+01
