#              Filename                                         N    min         max     
n-Zr091-rp039091m-Lu-10145003.1970                               1 1.44000E+01 1.44000E+01
n-Zr091-rp039091m-Lu-10145003A001.1970                           1 1.44000E+01 1.44000E+01
n-Zr091-rp039091m-Reed-11896007.1960                             1 1.41000E+01 1.41000E+01
n-Zr091-rp039091m-Qaim-20513013.1974                             1 1.47000E+01 1.47000E+01
n-Zr091-rp039091m-Fujino-20850003.1977                           1 1.46000E+01 1.46000E+01
n-Zr091-rp039091m-Anders-21976027.1985                           1 1.47000E+01 1.47000E+01
n-Zr091-rp039091m-Ikeda-22089056.1988                            5 1.33300E+01 1.49400E+01
n-Zr091-rp039091m-Ibnmajah-22144004.1990                         4 6.10200E+00 7.70400E+00
n-Zr091-rp039091m-Ibnmajah-22144010.1990                         6 8.21500E+00 1.06140E+01
n-Zr091-rp039091m-Ibnmajah-22664006.2001                         2 1.14400E+01 1.23700E+01
n-Zr091-rp039091m-Semkova-22822004.2010                          7 1.48000E+01 2.06000E+01
n-Zr091-rp039091m-Srinivasarao-30574011.1978                     1 1.42000E+01 1.42000E+01
n-Zr091-rp039091m-Marcinkowski-30940003.1990                     8 1.34000E+01 1.66000E+01
n-Zr091-rp039091m-Raics-30988004.1991                           12 5.38000E+00 1.22500E+01
n-Zr091-rp039091m-RanjitaSarkarr-31488003.1998                   1 1.48000E+01 1.48000E+01
n-Zr091-rp039091m-Doczi-31495010.1998                            4 7.16000E+00 1.25300E+01
n-Zr091-rp039091m-Grallert-31496038.1993                         1 1.46000E+01 1.46000E+01
n-Zr091-rp039091m-Ovechkin-40923004.1986                         1 1.48000E+01 1.48000E+01
n-Zr091-rp039091m-Goncalves-30740006.1987                        1 1.48000E+01 1.48000E+01
