#              Filename                                         N    min         max
n-Ce142-MT016-Bari-10431045.1971                                 1 1.48000E+01 1.48000E+01
n-Ce142-MT016-Bari-10431045A001.1971                             1 1.48000E+01 1.48000E+01
n-Ce142-MT016-Bormann-20834008.1968                             10 1.29400E+01 1.95600E+01
n-Ce142-MT016-ChuanxinZhuu-32696006.2011                         6 1.34000E+01 1.48000E+01
n-Ce142-MT016-Csikai-30040004.1968                               1 1.48000E+01 1.48000E+01
n-Ce142-MT016-Cuzzocrea-21289021.1967                            1 1.40000E+01 1.40000E+01
n-Ce142-MT016-Dilg-20802003.1968                                 1 1.47000E+01 1.47000E+01
n-Ce142-MT016-Filatenkov-41614162.2016                           8 1.34700E+01 1.48600E+01
n-Ce142-MT016-JunhuaLuoo-32752004.2015                           3 1.35000E+01 1.48000E+01
n-Ce142-MT016-Kasugai-22393008.1997                              6 1.33800E+01 1.49500E+01
n-Ce142-MT016-KongXiangzhongg-32514005.1995                      3 1.35000E+01 1.48000E+01
n-Ce142-MT016-Lu-10497044.1970                                   1 1.44000E+01 1.44000E+01
n-Ce142-MT016-Lu-10497044A001.1970                               1 1.44000E+01 1.44000E+01
n-Ce142-MT016-Qaim-20541011.1974                                 1 1.47000E+01 1.47000E+01
n-Ce142-MT016-QiangWangg-32768005.2019                           2 1.42000E+01 1.49000E+01
n-Ce142-MT016-Sachhidananda-33149002.2020                        1 1.35000E+01 1.35000E+01
n-Ce142-MT016-Sachhidananda-33149003.2020                        1 1.35000E+01 1.35000E+01
n-Ce142-MT016-Schwerer-20811015.1976                             1 1.46000E+01 1.46000E+01
n-Ce142-MT016-TengDann-307770021.1985                           22 1.23700E+01 1.82300E+01
n-Ce142-MT016-TengDann-307770022.1985                            1 1.45900E+01 1.45900E+01
n-Ce142-MT016-Wille-12033015.1960                                1 1.48000E+01 1.48000E+01
