#              Filename                                         N    min         max     
p-Al027-rp011022-Lagunassolar-A0445004.1988                     18 2.79000E+01 6.66000E+01
p-Al027-rp011022-Steyn-A0497002.1990                            57 2.52000E+01 1.99600E+02
p-Al027-rp011022-Titarenko-A09020021.2011                       60 6.60000E+01 2.60500E+03
p-Al027-rp011022-Titarenko-A09020022.2011                       66 4.08000E+01 2.60500E+03
p-Al027-rp011022-Sisterson-C0196006.1996                         3 4.02000E+01 6.00000E+01
p-Al027-rp011022-Sisterson-C0196007.1996                         3 1.01600E+02 1.59400E+02
p-Al027-rp011022-Sisterson-C0196008.1996                         4 2.00000E+02 5.00000E+02
p-Al027-rp011022-Benioff-C0220022.1960                           1 5.70000E+03 5.70000E+03
p-Al027-rp011022-Marquez-C0250013.1952                           1 4.20000E+02 4.20000E+02
p-Al027-rp011022-Marquez-C0259008.1951                           1 3.35000E+02 3.35000E+02
p-Al027-rp011022-Cumming-C0261007.1962                           1 2.80000E+04 2.80000E+04
p-Al027-rp011022-Gauvin-C0394005.1962                           12 4.00000E+01 1.50000E+02
p-Al027-rp011022-Taddeucci-C0461003.1997                         2 4.95000E+02 7.95000E+02
p-Al027-rp011022-Morgan-C0950002.2003                            6 4.00000E+02 2.24000E+04
p-Al027-rp011022-Kaufman-C2368012.1979                           1 3.00000E+05 3.00000E+05
p-Al027-rp011022-Gruetter-D0028003.1982                          2 5.40000E+02 5.93000E+02
p-Al027-rp011022-Pulfer-D0053004.1979                           40 2.58100E+01 7.10200E+01
p-Al027-rp011022-Pulfer-D0053005.1979                            2 1.82000E+03 1.82000E+03
p-Al027-rp011022-Brun-D0128004.1962                             31 4.06000E+01 1.55500E+02
p-Al027-rp011022-Lefort-D0465004.1963                            3 2.40000E+02 5.50000E+02
p-Al027-rp011022-Batzel-D4101002.1954                            7 2.55000E+01 3.20000E+01
p-Al027-rp011022-Miyano-E0057002.1973                           83 2.22700E+01 5.17600E+01
p-Al027-rp011022-Moskaleva-F1215008.1970                         1 3.00000E+04 3.00000E+04
p-Al027-rp011022-Buthelezi-O1424002.2006                        22 2.47000E+01 9.94600E+01
p-Al027-rp011022-Nguyenlongden-O21290021.1961                    1 1.55000E+02 1.55000E+02
p-Al027-rp011022-Michel-A0151002.1979                           11 2.65800E+01 4.48000E+01
p-Al027-rp011022-Aleksandrov-A03400022.1988                     16 2.50000E+01 9.90000E+01
p-Al027-rp011022-Williams-B0073019.1967                         19 2.98000E+01 6.22000E+01
p-Al027-rp011022-Hintz-B0076002.1952                            26 1.00000E-01 1.15000E+02
p-Al027-rp011022-Cline-B00850252.1971                            1 5.90000E+02 5.90000E+02
p-Al027-rp011022-Cumming-B0095004.1963                           5 2.97000E+01 5.06000E+01
p-Al027-rp011022-Gruetter-D0505023.1982                         13 2.96000E+01 6.85000E+01
p-Al027-rp011022-Khandaker-D7003003.2011                         5 3.34000E+01 3.83000E+01
p-Al027-rp011022-Uddin-E1894003.2004                             9 3.07260E+01 6.71540E+01
p-Al027-rp011022-Michel-O0276011.1997                           73 2.47000E+01 1.62000E+02
p-Al027-rp011022-Michel-O0277026.1995                            4 8.00000E+02 2.60000E+03
p-Al027-rp011022-Bodemann-O0282009.1993                          7 3.16000E+01 9.85000E+01
p-Al027-rp011022-Schiekel-O0284015.1996                          5 2.56000E+02 3.98000E+02
p-Al027-rp011022-Walton-O0350025.1976                            9 3.03800E+01 3.98100E+01
p-Al027-rp011022-Heydegger-O05010031.1976                       11 8.20000E+01 8.00000E+02
