#              Filename                                         N    min         max     
n-Nb093-rp041094-Serpa-10404007.1970                             1 2.53000E-08 2.53000E-08
n-Nb093-rp041094-Poenitz-10438002.1974                          16 3.00000E-01 2.50000E+00
n-Nb093-rp041094-Macklin-10537002.1976                         400 2.75000E-03 1.02500E-01
n-Nb093-rp041094-Macklin-10537003.1976                           3 1.05000E-01 1.15000E-01
n-Nb093-rp041094-Macklin-10537004.1976                           8 1.20000E-01 1.90000E-01
n-Nb093-rp041094-Macklin-10537005.1976                          10 2.00000E-01 4.25000E-01
n-Nb093-rp041094-Serpa-10404007A001.1970                         1 2.53000E-08 2.53000E-08
n-Nb093-rp041094-Poenitz-10438002A001.1974                      16 3.00000E-01 2.50000E+00
n-Nb093-rp041094-Macklin-10537002A001.1976                     400 2.75000E-03 1.02500E-01
n-Nb093-rp041094-Macklin-10537003A001.1976                       3 1.05000E-01 1.15000E-01
n-Nb093-rp041094-Macklin-10537004A001.1976                       8 1.20000E-01 1.90000E-01
n-Nb093-rp041094-Macklin-10537005A001.1976                      10 2.00000E-01 4.25000E-01
n-Nb093-rp041094-Gibbons-11329022.1961                           2 3.00000E-02 6.50000E-02
n-Nb093-rp041094-Gibbons-11329023.1961                          49 7.50000E-03 1.70000E-01
n-Nb093-rp041094-Diven-11616012.1960                             7 1.75000E-01 1.00000E+00
n-Nb093-rp041094-Macklin-11679008.1967                           6 7.00000E-02 1.82000E-01
n-Nb093-rp041094-Poenitz-12670012.1975                          16 2.97300E-01 2.49200E+00
n-Nb093-rp041094-Kompe-20358002.1969                            71 1.08000E-02 1.58000E-01
n-Nb093-rp041094-Yamamuro-20432002.1975                          1 2.40000E-02 2.40000E-02
n-Nb093-rp041094-Rigaud-20532003.1971                            1 1.40600E+01 1.40600E+01
n-Nb093-rp041094-Tattersall-20638020.1960                        1 2.53000E-08 2.53000E-08
n-Nb093-rp041094-Yamamuro-21466002.1980                         16 3.60000E-03 7.25000E-02
n-Nb093-rp041094-Reffo-21796005.1982                            26 1.04800E-02 6.44000E-02
n-Nb093-rp041094-Voignier-22006007.1992                          5 5.00000E-01 3.00000E+00
n-Nb093-rp041094-Wisshak-22195002.1990                          12 4.00000E-03 1.75000E-01
n-Nb093-rp041094-Xia-222750082.1992                              8 2.00000E-03 5.00000E-02
n-Nb093-rp041094-Xia-22373009.1992                               8 2.00000E-03 5.00000E-02
n-Nb093-rp041094-Rae-225270023.1955                              1 1.95000E-04 1.95000E-04
n-Nb093-rp041094-Katabuchi-23465002.2015                         4 2.00000E-02 7.75000E-02
n-Nb093-rp041094-Endo-23605006.2022                           3493 1.00176E-08 4.49221E-04
n-Nb093-rp041094-XiaYijunn-309980042.1988                       20 1.12000E-02 1.00000E-01
n-Nb093-rp041094-YunshanMuu-32535002.1991                        4 7.30000E-01 1.37000E+00
n-Nb093-rp041094-Belanova-40072006.1965                          1 2.40000E-02 2.40000E-02
n-Nb093-rp041094-Belanova-400720241.1965                         1 2.40000E-02 2.40000E-02
n-Nb093-rp041094-Belanova-400720242.1965                         1 2.40000E-02 2.40000E-02
n-Nb093-rp041094-Belanova-400720243.1965                         1 2.40000E-02 2.40000E-02
n-Nb093-rp041094-Belanova-400720244.1965                         1 2.40000E-02 2.40000E-02
n-Nb093-rp041094-Kononov-40421015.1958                           1 2.40000E-02 2.40000E-02
n-Nb093-rp041094-Stavisskii-40452003.1960                       17 4.10000E-02 1.23000E+00
n-Nb093-rp041094-Stavisskij-40641002.1961                       13 2.00000E-02 9.60000E-01
n-Nb093-rp041094-Popov-40797005.1962                            83 1.55000E-05 5.60000E-02
n-Nb093-rp041094-Grigoriev-41407002.2001                         6 3.40000E-05 1.57500E-03
n-Nb093-rp041094-Grigoriev-41505003.2007                         6 7.32500E-05 3.40000E-03
n-Nb093-rp041094-Berlev-41510003.2007                            5 1.57500E-04 3.40000E-03
