#              Filename                                         N    min         max
n-Sm144-MT016-Alford-12116002.1963                               1 1.47000E+01 1.47000E+01
n-Sm144-MT016-Bari-10431053.1971                                 1 1.48000E+01 1.48000E+01
n-Sm144-MT016-Bari-10431053A001.1971                             1 1.48000E+01 1.48000E+01
n-Sm144-MT016-Bormann-20834016.1968                             10 1.27800E+01 1.94200E+01
n-Sm144-MT016-Csikai-30033017.1967                               1 1.37500E+01 1.37500E+01
n-Sm144-MT016-Ghorai-10359005.1974                               4 1.49000E+01 1.67000E+01
n-Sm144-MT016-Ghorai-10359005A001.1974                           4 1.49000E+01 1.67000E+01
n-Sm144-MT016-Lakshmanadas-30472002.1975                         1 1.42000E+01 1.42000E+01
n-Sm144-MT016-Menon-12066010.1967                                1 1.45000E+01 1.45000E+01
n-Sm144-MT016-Qaim-20541018.1974                                 1 1.47000E+01 1.47000E+01
n-Sm144-MT016-Rayburn-11328030.1961                              1 1.44000E+01 1.44000E+01
n-Sm144-MT016-Rayburn-11955003.1963                             13 1.29000E+01 1.78000E+01
n-Sm144-MT016-Sigg-10477016.1975                                 1 1.48000E+01 1.48000E+01
n-Sm144-MT016-Sigg-10477016A001.1975                             1 1.48000E+01 1.48000E+01
n-Sm144-MT016-Sothras-10751003.1978                              1 1.48000E+01 1.48000E+01
n-Sm144-MT016-Sothras-10751003A001.1978                          1 1.48000E+01 1.48000E+01
n-Sm144-MT016-Viktorov-40107005.1972                             1 1.41000E+01 1.41000E+01
n-Sm144-MT016-Wille-12033027.1960                                1 1.48000E+01 1.48000E+01
