#              Filename                                         N    min         max
n-Gd160-MT102-Bokhovko-41225005.1993                            57 5.50000E-03 3.90000E-01
n-Gd160-MT102-Broadhead-11850008.1967                            1 2.80000E+00 2.80000E+00
n-Gd160-MT102-Chaubey-30079034.1966                              1 2.40000E-02 2.40000E-02
n-Gd160-MT102-Decorte-23488071.1988                              1 2.53000E-08 2.53000E-08
n-Gd160-MT102-Fawcett-10298004.1972                             16 5.00000E-03 1.60000E-01
n-Gd160-MT102-Fawcett-10298004A001.1972                         16 5.00000E-03 1.60000E-01
n-Gd160-MT102-Gamgam-02064160.2024                               2 5.00000E-03 1.00000E-02
n-Gd160-MT102-Kadonis-01064160.2024                             20 5.00000E-03 1.00000E-01
n-Gd160-MT102-Kononov-40520023.1977                             38 6.50000E-03 3.35000E-01
n-Gd160-MT102-Perkin-21438023.1958                               1 1.45000E+01 1.45000E+01
n-Gd160-MT102-Sahota-30678002.1986                               5 1.07000E+00 2.85000E+00
n-Gd160-MT102-Siddappa-30502007.1974                             1 2.30000E-02 2.30000E-02
n-Gd160-MT102-Singh-30692002.1984                                8 4.80000E-01 3.04000E+00
n-Gd160-MT102-Singh-30928002.1988                                8 4.60000E-01 3.05000E+00
n-Gd160-MT102-Thirumalarao-30501010.1972                         1 2.50000E-02 2.50000E-02
n-Gd160-MT102-Valkonen-20673031.1976                             1 1.47000E+01 1.47000E+01
n-Gd160-MT102-Voignier-21619010.1981                             3 5.00000E-01 2.50000E+00
n-Gd160-MT102-Wille-12033036.1960                                1 1.48000E+01 1.48000E+01
