#              Filename                                         N    min         max
n-Au197-MT002-Allen-12207002.1956                                1 5.00000E-01 5.00000E-01
n-Au197-MT002-Cox-10332126.1972                                  1 8.77900E-01 8.77900E-01
n-Au197-MT002-Cox-10332126A001.1972                              1 8.77900E-01 8.77900E-01
n-Au197-MT002-Devilliers-12240003.1965                          26 3.00000E-01 1.50000E+00
n-Au197-MT002-Etemad-20346017.1973                               1 7.00000E+00 7.00000E+00
n-Au197-MT002-Hibdon-11261033.1949                               2 1.20000E-04 3.45000E-04
n-Au197-MT002-Holmqvist-20162023.1971                            1 8.05000E+00 8.05000E+00
n-Au197-MT002-Litvinskij-41185004.1994                           1 1.34000E-01 1.34000E-01
n-Au197-MT002-Rayburn-11026028.1965                              1 1.44000E-06 1.44000E-06
n-Au197-MT002-Rayburn-11026028A001.1965                          1 1.44000E-06 1.44000E-06
n-Au197-MT002-Segawa-22953003.2006                               3 2.15000E-02 5.88000E-02
n-Au197-MT002-Seth-11788016.1958                                 1 3.08000E-05 3.08000E-05
n-Au197-MT002-Shull-11043175.1951                                1 2.53000E-08 2.53000E-08
n-Au197-MT002-Shull-11043175A001.1951                            1 2.53000E-08 2.53000E-08
n-Au197-MT002-Vertebnij-40729033.1980                            1 2.00000E-03 2.00000E-03
n-Au197-MT002-Walt-11215046.1955                                 1 4.10000E+00 4.10000E+00
n-Au197-MT002-Walt-11215046A001.1955                             1 4.10000E+00 4.10000E+00
n-Au197-MT002-Walt-11637068.1954                                 1 1.00000E+00 1.00000E+00
