#              Filename                                         N    min         max     
n-Al027-rp011024-Barrall-10031002.1969                           1 1.48000E+01 1.48000E+01
n-Al027-rp011024-Lebowitz-10116002.1970                          1 1.47000E+01 1.47000E+01
n-Al027-rp011024-Salaita-10186005.1971                           1 1.48000E+01 1.48000E+01
n-Al027-rp011024-Grundl-10417008.1967                            6 5.95000E+00 1.41000E+01
n-Al027-rp011024-Barrall-10031002A001.1969                       1 1.48000E+01 1.48000E+01
n-Al027-rp011024-Lebowitz-10116002A001.1970                      1 1.47000E+01 1.47000E+01
n-Al027-rp011024-Salaita-10186005A001.1971                       1 1.48000E+01 1.48000E+01
n-Al027-rp011024-Grundl-10417008A001.1967                        6 5.95000E+00 1.41000E+01
n-Al027-rp011024-Paul-11274009.1953                              1 1.45000E+01 1.45000E+01
n-Al027-rp011024-Menlove-11421004.1967                          10 6.13000E+00 1.93900E+01
n-Al027-rp011024-Butler-11457006.1963                           32 5.45000E+00 1.35800E+01
n-Al027-rp011024-Butler-11457007.1963                           13 1.25300E+01 2.03000E+01
n-Al027-rp011024-Bayhurst-11462002.1961                         15 7.00000E+00 1.97600E+01
n-Al027-rp011024-Kern-11464003.1959                             12 1.30300E+01 1.56600E+01
n-Al027-rp011024-Forbes-11474002.1952                            1 1.41000E+01 1.41000E+01
n-Al027-rp011024-Grundl-11481002.1958                            7 6.73000E+00 1.41000E+01
n-Al027-rp011024-Poularikas-11484002.1959                        1 1.48000E+01 1.48000E+01
n-Al027-rp011024-Gabbard-11494003.1962                          19 1.24500E+01 1.77000E+01
n-Al027-rp011024-Tewes-11504003.1960                            15 8.40000E+00 1.51000E+01
n-Al027-rp011024-Ferguson-11512003.1967                         54 1.23400E+01 1.48500E+01
n-Al027-rp011024-Imhof-11526003.1964                             4 1.26600E+01 1.79800E+01
n-Al027-rp011024-Schmitt-11530002.1961                          38 6.12000E+00 8.30000E+00
n-Al027-rp011024-Schmitt-115300032.1961                          1 1.47600E+01 1.47600E+01
n-Al027-rp011024-Welch-12912003.1981                             2 2.00000E+01 2.30000E+01
n-Al027-rp011024-Meadows-12969003.1987                           1 1.47400E+01 1.47400E+01
n-Al027-rp011024-Greenwood-12977002.1987                         5 1.45000E+01 1.49000E+01
n-Al027-rp011024-Geraldo-131710032.1989                         10 5.86900E+00 9.85900E+00
n-Al027-rp011024-Vonach-20111002.1970                            1 1.44300E+01 1.44300E+01
n-Al027-rp011024-Yasumi-20280003.1957                            1 1.41000E+01 1.41000E+01
n-Al027-rp011024-Kumabe-20283002.1958                            1 1.48000E+01 1.48000E+01
n-Al027-rp011024-Paulsen-20378003.1965                          23 1.26300E+01 1.95900E+01
n-Al027-rp011024-Liskien-20387003.1966                          17 6.06000E+00 8.20000E+00
n-Al027-rp011024-Robertson-20798002.1973                         1 1.47800E+01 1.47800E+01
n-Al027-rp011024-Seebeck-20837006.1965                           1 1.41000E+01 1.41000E+01
n-Al027-rp011024-Andersson-20842003.1978                         1 1.49000E+01 1.49000E+01
n-Al027-rp011024-Nordborg-20843009.1978                          1 8.50000E+00 8.50000E+00
n-Al027-rp011024-Ryves-20867006.1978                             4 1.46500E+01 1.90000E+01
n-Al027-rp011024-Bormann-20887014.1965                           1 1.48000E+01 1.48000E+01
n-Al027-rp011024-Bonazzola-20888002.1964                         1 1.47000E+01 1.47000E+01
n-Al027-rp011024-Cuzzocrea-20890003.1968                        27 1.37000E+01 1.46700E+01
n-Al027-rp011024-LANGMANN-20903002.1962                          1 1.41000E+01 1.41000E+01
n-Al027-rp011024-Bormann-20904002.1961                           5 1.26000E+01 1.96000E+01
n-Al027-rp011024-Mani-20921003.1960                             24 1.19200E+01 2.07200E+01
n-Al027-rp011024-Jeronymo-20922002.1963                          8 1.25500E+01 2.10000E+01
n-Al027-rp011024-Crumpton-20930005.1969                          1 1.47000E+01 1.47000E+01
n-Al027-rp011024-Swinhoe-20986003.1979                           3 7.50000E+00 1.18000E+01
n-Al027-rp011024-Swinhoe-20986009.1979                           1 1.40000E+01 1.40000E+01
n-Al027-rp011024-Mostafa-21049003.1976                           8 5.80000E+00 8.35000E+00
n-Al027-rp011024-Boschung-21250002.1969                          1 1.42000E+01 1.42000E+01
n-Al027-rp011024-Minetti-21345002.1967                           1 1.47000E+01 1.47000E+01
n-Al027-rp011024-Hemingway-21372002.1966                         2 1.35000E+01 1.48000E+01
n-Al027-rp011024-Depraz-21419004.1960                            1 1.50000E+01 1.50000E+01
n-Al027-rp011024-Friedmann-21756003.1981                        20 1.37000E+01 1.44200E+01
n-Al027-rp011024-Friedmann-21756004.1981                        20 1.37000E+01 1.44200E+01
n-Al027-rp011024-Kudo-21923002.1984                              8 1.40000E+01 1.98700E+01
n-Al027-rp011024-Firkin-21941006.1983                            5 7.35000E+00 1.41000E+01
n-Al027-rp011024-Enz-22012003.1985                               9 6.36000E+00 8.29000E+00
n-Al027-rp011024-Ikeda-22209002.1991                             3 1.10000E+01 1.32000E+01
n-Al027-rp011024-Ikeda-22209009.1991                             4 9.50000E+00 1.32000E+01
n-Al027-rp011024-Ikeda-22312002.1993                             8 1.33300E+01 1.49100E+01
n-Al027-rp011024-Coszach-22497003.2000                           4 2.22000E+01 4.90000E+01
n-Al027-rp011024-Uwamino-22703002.1992                          36 3.50000E+00 3.85000E+01
n-Al027-rp011024-Mannhart-22976004.2007                         28 8.33400E+00 1.47400E+01
n-Al027-rp011024-Uno-23279006.1996                               6 1.75500E+01 3.00900E+01
n-Al027-rp011024-Strohal-30008029.1962                           1 1.46000E+01 1.46000E+01
n-Al027-rp011024-Csikai-30118007.1963                            1 1.46000E+01 1.46000E+01
n-Al027-rp011024-Khurana-30403002.1959                           1 1.40000E+01 1.40000E+01
n-Al027-rp011024-Garuska-30479002.1978                           1 1.46000E+01 1.46000E+01
n-Al027-rp011024-LUHANLINNN-30523002.1989                        1 1.45800E+01 1.45800E+01
n-Al027-rp011024-LUHANLINNN-30523003.1989                       10 1.22300E+01 1.79700E+01
n-Al027-rp011024-Csikai-30640002.1982                            5 1.35000E+01 1.47800E+01
n-Al027-rp011024-ZhouMuyaoo-30755002.1987                        1 1.46000E+01 1.46000E+01
n-Al027-rp011024-Garlea-30813002.1984                            1 1.47500E+01 1.47500E+01
n-Al027-rp011024-Chimoye-30821002.1986                           5 1.38400E+01 1.47100E+01
n-Al027-rp011024-Csikai-30933002.1986                           12 1.34000E+01 1.48300E+01
n-Al027-rp011024-BaoZongyuu-30993002.1993                        1 1.45700E+01 1.45700E+01
n-Al027-rp011024-Garlea-31459008.1992                            1 1.47580E+01 1.47580E+01
n-Al027-rp011024-HongyuZhouu-31528009.1997                       1 1.49000E+01 1.49000E+01
n-Al027-rp011024-Kral-31834002.2020                              1 2.91000E+01 2.91000E+01
n-Al027-rp011024-Jarosik-31842017.2022                           3 1.75000E+01 2.75000E+01
n-Al027-rp011024-Lalremruata-33025010.2009                       1 1.47700E+01 1.47700E+01
n-Al027-rp011024-Nemilov-40135002.1974                           4 7.70000E+00 9.30000E+00
n-Al027-rp011024-Aron-40686002.1964                              1 1.46000E+01 1.46000E+01
n-Al027-rp011024-Kornilov-410480022.1989                        23 7.13000E+00 9.10000E+00
n-Al027-rp011024-Kornilov-410480032.1989                        19 7.62000E+00 9.09010E+00
n-Al027-rp011024-Kornilov-410480042.1989                        19 7.63000E+00 9.10010E+00
n-Al027-rp011024-Moiseev-41051002.1989                           1 1.48000E+01 1.48000E+01
n-Al027-rp011024-Moiseev-41051003.1989                           1 1.48000E+01 1.48000E+01
n-Al027-rp011024-Moiseev-41051004.1989                           1 1.48000E+01 1.48000E+01
n-Al027-rp011024-Sisterson-14150006.2007                         2 7.35000E+01 1.12000E+02
n-Al027-rp011024-Ninomiya-23287010.2011                          2 2.87000E+02 3.70000E+02
n-Al027-rp011024-Vrzalova-317140081.2013                         2 3.04000E+01 3.59000E+01
n-Al027-rp011024-Vrzalova-317140082.2013                         6 4.70000E+01 9.40000E+01
