#              Filename                                         N    min         max
n-Be009-MT107-Allen-23521005.1947                               10 1.83940E+00 3.99630E+00
n-Be009-MT107-Allen-23521006.1947                                1 6.00000E-01 6.00000E-01
n-Be009-MT107-Bass-11194002.1961                                 5 4.06000E+00 5.82000E+00
n-Be009-MT107-Bass-11194002A001.1961                             5 4.06000E+00 5.82000E+00
n-Be009-MT107-Bass-11194003.1961                                56 3.91000E+00 8.58000E+00
n-Be009-MT107-Bass-11194003A001.1961                            56 3.91000E+00 8.58000E+00
n-Be009-MT107-Battat-11058004.1953                               1 1.41000E+01 1.41000E+01
n-Be009-MT107-Battat-11058004A001.1953                           1 1.41000E+01 1.41000E+01
n-Be009-MT107-Garg-30531003.1979                                 1 1.47000E+01 1.47000E+01
n-Be009-MT107-Myachkova-40790004.1961                            1 1.41000E+01 1.41000E+01
n-Be009-MT107-Stelson-11222002.1957                              3 2.26000E+00 4.41000E+00
n-Be009-MT107-Stelson-11222002A001.1957                          3 2.26000E+00 4.41000E+00
n-Be009-MT107-Stelson-11222003.1957                              1 2.41000E+00 2.41000E+00
n-Be009-MT107-Stelson-11222003A001.1957                          1 2.41000E+00 2.41000E+00
n-Be009-MT107-Stelson-11222004.1957                              1 3.11000E+00 3.11000E+00
n-Be009-MT107-Stelson-11222004A001.1957                          1 3.11000E+00 3.11000E+00
n-Be009-MT107-Stelson-11222005.1957                              1 3.11000E+00 3.11000E+00
n-Be009-MT107-Stelson-11222005A001.1957                          1 3.11000E+00 3.11000E+00
n-Be009-MT107-Stelson-11222006.1957                             32 6.00000E-01 3.03000E+00
n-Be009-MT107-Stelson-11222006A001.1957                         32 6.00000E-01 3.03000E+00
n-Be009-MT107-Stelson-11222007.1957                             26 5.20000E-01 2.16000E+00
n-Be009-MT107-Stelson-11222007A001.1957                         26 5.20000E-01 2.16000E+00
n-Be009-MT107-Stelson-11222008.1957                             48 1.66000E+00 4.43000E+00
n-Be009-MT107-Stelson-11222008A001.1957                         48 1.66000E+00 4.43000E+00
n-Be009-MT107-Vasilev-40712002.1958                              7 1.00000E+00 7.00000E+00
