#              Filename                                         N    min         max
n-Li006-MT051-Armstrong-11024002.1964                            1 1.41000E+01 1.41000E+01
n-Li006-MT051-Armstrong-11024002A001.1964                        1 1.41000E+01 1.41000E+01
n-Li006-MT051-Batchelor-21147023.1963                            6 3.35000E+00 7.54000E+00
n-Li006-MT051-Chiba-219860361.1985                               2 4.20000E+00 5.40000E+00
n-Li006-MT051-Chiba-219860362.1985                               1 1.42000E+01 1.42000E+01
n-Li006-MT051-Cookson-21162008.1967                              1 1.00000E+01 1.00000E+01
n-Li006-MT051-Cookson-21162010.1967                              1 1.00000E+01 1.00000E+01
n-Li006-MT051-GuochangChenn-32711003.2009                        2 8.17000E+00 1.02700E+01
n-Li006-MT051-Hogue-10707006.1979                                7 7.47000E+00 1.39400E+01
n-Li006-MT051-Hogue-10707006A001.1979                            7 7.47000E+00 1.39400E+01
n-Li006-MT051-Hopkins-11153007.1968                              3 4.83000E+00 7.50000E+00
n-Li006-MT051-Hopkins-11153007A001.1968                          3 4.83000E+00 7.50000E+00
n-Li006-MT051-Ibaraki-22359004.1998                              1 1.80000E+01 1.80000E+01
n-Li006-MT051-Lisowski-10854005.1980                             2 5.96000E+00 9.83000E+00
n-Li006-MT051-Lisowski-10854005A001.1980                         2 5.96000E+00 9.83000E+00
n-Li006-MT051-Merchez-21177005.1966                              1 1.41000E+01 1.41000E+01
n-Li006-MT051-Ribe-12658004.1953                                 1 1.41000E+01 1.41000E+01
n-Li006-MT051-Sadowski-12900003.1982                             5 4.82800E+00 6.39900E+00
n-Li006-MT051-Schmidt-32001005.1987                              2 7.75000E+00 8.90000E+00
n-Li006-MT051-Smith-10904003.1982                                6 3.50000E+00 4.00000E+00
n-Li006-MT051-Smith-10904003A001.1982                            6 3.50000E+00 4.00000E+00
n-Li006-MT051-Takahashi-22773006.1992                            1 1.41000E+01 1.41000E+01
