#              Filename                                         N    min         max
a-Au197-MT004-Basunia-C1516003.2007                              7 1.34000E+01 2.39000E+01
a-Au197-MT004-Bhardwaj-O1206002.1986                             9 1.52500E+01 3.79000E+01
a-Au197-MT004-Calboreanu-D0030002.1982                          35 1.68600E+01 2.70100E+01
a-Au197-MT004-Capurro-D0050002.1985                             16 1.04000E+01 5.45000E+01
a-Au197-MT004-Chakravarty-A0582002.1998                          7 3.45300E+01 4.82300E+01
a-Au197-MT004-Ismail-O1266012.1998                              33 1.54000E+01 5.20000E+01
a-Au197-MT004-Kulko-F0858002.2007                                9 1.42000E+01 3.50000E+01
a-Au197-MT004-Kurz-B0002002.1971                                10 1.63000E+01 4.25000E+01
a-Au197-MT004-Lanzafame-B0042002.1970                           73 1.86000E+01 9.44000E+01
a-Au197-MT004-Mukherjee-O1121002.1995                            9 3.14000E+01 7.00000E+01
a-Au197-MT004-Nagame-B0172002.1979                              11 1.80000E+01 2.93000E+01
a-Au197-MT004-Necheva-A0222003.1997                              7 1.70000E+01 3.59000E+01
a-Au197-MT004-Shah-O1181002.1995                                10 1.95000E+01 4.72000E+01
a-Au197-MT004-Sharma-D6329002.2018                               3 3.20000E+01 4.20000E+01
a-Au197-MT004-Singh-A0614002.1988                               12 1.88000E+01 7.05000E+01
a-Au197-MT004-Szucs-D4406003.2019                               11 1.36200E+01 1.99200E+01
a-Au197-MT004-Vandevijver-P0086005.1963                          2 2.17000E+01 2.61000E+01
a-Au197-MT004-Vinciguerra-P0107002.1966                          4 2.29000E+01 2.88000E+01
