#              Filename                                         N    min         max
n-Zr090-MT107m-Anders-21976025.1985                              1 1.47000E+01 1.47000E+01
n-Zr090-MT107m-Attar-33176002.2022                               5 1.37300E+01 1.47700E+01
n-Zr090-MT107m-Barreirafilho-21902005.1982                       1 1.44000E+01 1.44000E+01
n-Zr090-MT107m-Blosser-11803003.1955                             1 1.40000E+01 1.40000E+01
n-Zr090-MT107m-Bramlitt-11590040.1963                            1 1.47000E+01 1.47000E+01
n-Zr090-MT107m-Brolleyjr-11860002.1955                           2 1.41000E+01 1.49000E+01
n-Zr090-MT107m-Doczi-31495005.1998                               4 9.92000E+00 1.25300E+01
n-Zr090-MT107m-Filatenkov-41614056.2016                          7 1.35600E+01 1.47800E+01
n-Zr090-MT107m-Fujino-20850010.1977                              1 1.46000E+01 1.46000E+01
n-Zr090-MT107m-Goncalves-30740005.1987                           1 1.48000E+01 1.48000E+01
n-Zr090-MT107m-Grallert-31496015.1993                            1 1.46000E+01 1.46000E+01
n-Zr090-MT107m-Husain-10088008.1970                              1 1.48000E+01 1.48000E+01
n-Zr090-MT107m-Husain-10088008A001.1970                          1 1.48000E+01 1.48000E+01
n-Zr090-MT107m-Ibnmajah-22144003.1990                            3 6.48000E+00 7.70400E+00
n-Zr090-MT107m-Ibnmajah-22144009.1990                            6 8.21500E+00 1.06140E+01
n-Zr090-MT107m-Ibnmajah-22664005.2001                            2 1.14400E+01 1.23700E+01
n-Zr090-MT107m-Ikeda-22089055.1988                               8 1.33400E+01 1.49400E+01
n-Zr090-MT107m-Marcinkowski-30940006.1990                        8 1.34000E+01 1.66000E+01
n-Zr090-MT107m-Molla-30985007.1991                               5 1.36400E+01 1.48300E+01
n-Zr090-MT107m-Mukherjee-31330003.1963                           1 1.45000E+01 1.45000E+01
n-Zr090-MT107m-Osman-31464025.1996                               1 1.47000E+01 1.47000E+01
n-Zr090-MT107m-Ovechkin-40923005.1986                            1 1.48000E+01 1.48000E+01
n-Zr090-MT107m-Paul-11274063.1953                                1 1.45000E+01 1.45000E+01
n-Zr090-MT107m-Raics-30988002.1991                              11 5.38000E+00 1.22500E+01
n-Zr090-MT107m-Reed-11896006.1960                                1 1.41000E+01 1.41000E+01
n-Zr090-MT107m-Semkova-22822002.2010                             9 1.32000E+01 2.06000E+01
n-Zr090-MT107m-Sigg-10477004.1975                                1 1.48000E+01 1.48000E+01
n-Zr090-MT107m-Sigg-10477004A001.1975                            1 1.48000E+01 1.48000E+01
n-Zr090-MT107m-Srinivasarao-30574014.1978                        1 1.42000E+01 1.42000E+01
