#              Filename                                         N    min         max     
n-Si029-rp013029-Singh-10217003.1970                             1 1.45000E+01 1.45000E+01
n-Si029-rp013029-Singh-10217003A001.1970                         1 1.45000E+01 1.45000E+01
n-Si029-rp013029-Paul-11274012.1953                              1 1.45000E+01 1.45000E+01
n-Si029-rp013029-Ranakumar-11515004.1968                         1 1.44000E+01 1.44000E+01
n-Si029-rp013029-Robertson-20799007.1973                         1 1.47800E+01 1.47800E+01
n-Si029-rp013029-Pasquarelli-20889010.1967                       1 1.47000E+01 1.47000E+01
n-Si029-rp013029-Pepelnik-219990071.1986                         1 1.47000E+01 1.47000E+01
n-Si029-rp013029-Ikeda-22089009.1988                             4 1.33400E+01 1.49000E+01
n-Si029-rp013029-Ercan-22338033.1991                             1 1.46000E+01 1.46000E+01
n-Si029-rp013029-Fessler-22414008.2000                           5 1.60470E+01 2.02720E+01
n-Si029-rp013029-Kasugai-22433004.1998                           6 1.34000E+01 1.48700E+01
n-Si029-rp013029-Mannhart-22976006.2007                         19 6.94300E+00 1.39670E+01
n-Si029-rp013029-Furuta-23032004.2008                            5 4.56000E+00 5.93000E+00
n-Si029-rp013029-Prasad-30336007.1971                            1 1.48000E+01 1.48000E+01
n-Si029-rp013029-Ngoc-30562005.1980                              1 1.46000E+01 1.46000E+01
n-Si029-rp013029-Dighe-31412004.1991                             1 1.40000E+01 1.40000E+01
n-Si029-rp013029-Belgaid-31524005.1992                           1 1.47300E+01 1.47300E+01
n-Si029-rp013029-Shchebolev-40539003.1977                        1 1.48000E+01 1.48000E+01
n-Si029-rp013029-Gopych-41032023.1987                            1 1.46000E+01 1.46000E+01
