#              Filename                                         N    min         max
n-Rh103-MT001-Bolotin-11939002.1960                            157 1.45300E-05 1.33400E-02
n-Rh103-MT001-Brockhouse-116530032.1953                          1 1.26000E-06 1.26000E-06
n-Rh103-MT001-Dilg-20583002.1972                                 1 2.70000E-03 2.70000E-03
n-Rh103-MT001-Dilg-20965005.1974                                25 7.99000E-12 4.73000E-10
n-Rh103-MT001-Divadeenam-10523010.1968                         106 1.10000E-01 6.40000E-01
n-Rh103-MT001-Divadeenam-10523010A001.1968                     106 1.10000E-01 6.40000E-01
n-Rh103-MT001-Firk-21279003.1958                                95 2.95400E-05 2.90600E-04
n-Rh103-MT001-Firk-212790041.1958                                3 4.65000E-05 9.50000E-05
n-Rh103-MT001-Fosterjr-10047050.1971                           242 2.25800E+00 1.49300E+01
n-Rh103-MT001-Fosterjr-10047050A001.1971                       242 2.25800E+00 1.49300E+01
n-Rh103-MT001-Havensjr-11361005.1952                            33 8.45000E-09 5.85000E-07
n-Rh103-MT001-Jain-11904004.1965                                10 1.00000E-02 1.00000E-01
n-Rh103-MT001-Pattenden-20912002.1963                          634 2.31100E-05 2.95600E-04
n-Rh103-MT001-Pattenden-215230022.1958                           1 1.25500E-06 1.25500E-06
n-Rh103-MT001-Pattenden-22577002.1958                           32 1.11900E-06 1.37800E-06
n-Rh103-MT001-Poenitz-12853024.1983                              9 4.70000E-02 2.28000E-01
n-Rh103-MT001-Poenitz-12853025.1983                             21 2.15000E-01 1.60000E+00
n-Rh103-MT001-Poenitz-12853026.1983                             66 1.82000E+00 1.83400E+01
n-Rh103-MT001-Pruitt-14661005.2020                             500 2.50475E+00 5.75160E+02
n-Rh103-MT001-Ramakrishna-30094005.1968                          1 1.25300E-06 1.25300E-06
n-Rh103-MT001-Ribon-20148002.1969                              995 1.86900E-05 9.47240E-05
n-Rh103-MT001-Ribon-20148003.1969                              992 8.43560E-05 5.02800E-04
n-Rh103-MT001-Ribon-20148004.1969                             3002 1.77900E-04 7.57470E-04
n-Rh103-MT001-Ribon-20148005.1969                             3674 6.27460E-04 4.21550E-03
n-Rh103-MT001-Sailor-119320022.1953                              1 1.26000E-06 1.26000E-06
n-Rh103-MT001-Sailor-11932004.1953                              45 6.10000E-07 4.75000E-05
n-Rh103-MT001-Seth-11781009.1965                               122 4.00000E-03 6.40000E-01
n-Rh103-MT001-Smith-12796002.1984                               39 6.94600E-01 4.44400E+00
