#              Filename                                         N    min         max
n-Na023-MT001-Adair-11249004.1949                              124 3.35590E-02 9.92858E-01
n-Na023-MT001-Angeli-30113006.1970                               1 1.45000E+01 1.45000E+01
n-Na023-MT001-Brown-10470002.1975                               15 1.62300E+00 1.68900E+00
n-Na023-MT001-Brown-10470002A001.1975                           15 1.62300E+00 1.68900E+00
n-Na023-MT001-Brown-10470003.1975                               20 1.82700E+00 1.93400E+00
n-Na023-MT001-Brown-10470003A001.1975                           20 1.82700E+00 1.93400E+00
n-Na023-MT001-Brown-10470004.1975                               24 2.90000E-01 2.98000E-01
n-Na023-MT001-Brown-10470004A001.1975                           24 2.90000E-01 2.98000E-01
n-Na023-MT001-Brown-10470005.1975                               20 1.82700E+00 1.93400E+00
n-Na023-MT001-Brown-10470005A001.1975                           20 1.82700E+00 1.93400E+00
n-Na023-MT001-Brown-10470006.1975                               17 1.62300E+00 1.69800E+00
n-Na023-MT001-Brown-10470006A001.1975                           17 1.62300E+00 1.69800E+00
n-Na023-MT001-Brown-10470007.1975                               15 3.00900E+00 3.17600E+00
n-Na023-MT001-Brown-10470007A001.1975                           15 3.00900E+00 3.17600E+00
n-Na023-MT001-Brown-10470008.1975                               88 4.67300E-01 5.34700E-01
n-Na023-MT001-Brown-10470008A001.1975                           88 4.67300E-01 5.34700E-01
n-Na023-MT001-Brown-10470009.1975                               24 2.90000E-01 2.98000E-01
n-Na023-MT001-Brown-10470009A001.1975                           24 2.90000E-01 2.98000E-01
n-Na023-MT001-Brown-10470010.1975                               96 4.61800E-01 5.34700E-01
n-Na023-MT001-Brown-10470010A001.1975                           96 4.61800E-01 5.34700E-01
n-Na023-MT001-Calvi-20973002.1963                              114 2.75000E+00 5.21000E+00
n-Na023-MT001-Cierjacks-20719003.1969                         3363 2.88060E-01 8.99850E-01
n-Na023-MT001-Cierjacks-20719004.1969                         3612 9.00370E-01 3.19740E+01
n-Na023-MT001-Cierjacks-20719005.1969                          334 9.00260E-01 1.05460E+00
n-Na023-MT001-Clement-10122002.1970                           1966 6.50200E-01 4.52000E+01
n-Na023-MT001-Clement-10122002A001.1970                       1966 6.50200E-01 4.52000E+01
n-Na023-MT001-Coon-12524011.1952                                 1 1.41200E+01 1.41200E+01
n-Na023-MT001-Deconninck-20177002.1963                         188 8.95000E-01 2.02000E+00
n-Na023-MT001-Deconninck-20195002.1961                           1 2.84000E+01 2.84000E+01
n-Na023-MT001-Dvorack-11305003.1953                             14 2.21000E+00 2.76500E+00
n-Na023-MT001-Fasoli-20978002.1966                             130 5.04500E+00 8.55300E+00
n-Na023-MT001-Fasoli-21039011.1969                               4 1.51000E+00 6.40000E+00
n-Na023-MT001-Fields-11260007.1947                               6 2.40000E-02 8.30000E-01
n-Na023-MT001-Fosterjr-10047013.1971                           243 2.25700E+00 1.48820E+01
n-Na023-MT001-Fosterjr-10047013A001.1971                       243 2.25700E+00 1.48820E+01
n-Na023-MT001-Good-114020023.1958                                1 2.80000E-03 2.80000E-03
n-Na023-MT001-Good-11402003.1958                                31 2.57000E-03 8.40000E-03
n-Na023-MT001-Guarrini-21257003.1968                             1 1.46800E+01 1.46800E+01
n-Na023-MT001-Hibdon-11386003.1952                              29 2.35510E-02 7.80260E-02
n-Na023-MT001-Hibdon-11386014.1952                              30 1.47100E-03 6.33400E-02
n-Na023-MT001-Hibdon-11410002.1960                             702 1.00000E-03 3.49000E-01
n-Na023-MT001-Hibdon-11410003.1960                             519 2.65000E-03 3.46500E-01
n-Na023-MT001-Hibdon-11413002.1961                             346 3.50000E-01 6.29000E-01
n-Na023-MT001-Hibdon-11413003.1961                             458 3.50000E-01 6.29500E-01
n-Na023-MT001-Hibdon-11414002.1961                             252 6.30000E-01 8.60000E-01
n-Na023-MT001-Hibdon-11414003.1961                             321 6.30000E-01 8.60000E-01
n-Na023-MT001-Hibdon-13041007.1950                               1 1.20000E-04 1.20000E-04
n-Na023-MT001-Hildebrand-11039011.1950                           1 4.20000E+01 4.20000E+01
n-Na023-MT001-Hildebrand-11039011A001.1950                       1 4.20000E+01 4.20000E+01
n-Na023-MT001-Hodgson-21281003.1952                             83 1.27000E-06 1.20000E-02
n-Na023-MT001-Johnson-11378002.1962                              4 8.58000E+00 1.15900E+01
n-Na023-MT001-Joki-11443002.1955                               365 1.99600E-08 1.05500E-05
n-Na023-MT001-Koester-21660017.1979                              2 1.26000E-06 5.19000E-06
n-Na023-MT001-Koester-21660018.1979                              2 1.26000E-06 5.19000E-06
n-Na023-MT001-Koester-22217019.1990                              1 1.97000E-03 1.97000E-03
n-Na023-MT001-Kuijper-20223005.1972                              1 1.47600E+01 1.47600E+01
n-Na023-MT001-Langsford-20910002.1965                         1934 1.79200E-01 1.20400E+02
n-Na023-MT001-Larson-10761002.1976                            5522 3.24790E-02 3.73990E+01
n-Na023-MT001-Larson-10761002A001.1976                        5522 3.24790E-02 3.73990E+01
n-Na023-MT001-Leory-21284002.1963                               51 1.87000E+00 1.44800E+01
n-Na023-MT001-Leroy-22554003.1963                               38 1.85730E+00 4.82540E+00
n-Na023-MT001-Leroy-22554004.1963                               35 3.15950E+00 1.09480E+01
n-Na023-MT001-Lynn-21045002.1958                                64 5.90000E-04 1.90000E-02
n-Na023-MT001-Lynn-21045006.1958                                 1 2.85000E-03 2.85000E-03
n-Na023-MT001-Mazari-30037002.1958                               1 1.62000E+01 1.62000E+01
n-Na023-MT001-Meier-21042003.1953                               94 1.91000E+00 3.81000E+00
n-Na023-MT001-Merzbacher-11367003.1959                          15 1.60000E-03 2.50000E-02
n-Na023-MT001-Merzbacher-11367004.1959                          32 3.79000E-02 6.00000E-02
n-Na023-MT001-Moxon-23480003.1966                                1 2.86000E-03 2.86000E-03
n-Na023-MT001-Rae-225270032.1955                                 1 2.78000E-03 2.78000E-03
n-Na023-MT001-Rahn-10269003.1973                               709 8.76000E-05 3.18727E-01
n-Na023-MT001-Rahn-10269003A001.1973                           709 8.76000E-05 3.18727E-01
n-Na023-MT001-Seltzer-10774003.1974                             50 2.45060E-03 3.11200E-03
n-Na023-MT001-Seltzer-10774003A001.1974                         50 2.45060E-03 3.11200E-03
n-Na023-MT001-Stelson-113870044.1952                             5 2.04000E-01 6.02000E-01
n-Na023-MT001-Stelson-11387005.1952                            240 1.22000E-01 1.01200E+00
n-Na023-MT001-Stuewer-21063002.1965                             42 4.08000E+00 6.19000E+00
n-Na023-MT001-Toller-11394002.1958                             147 1.04700E-02 1.58600E-01
n-Na023-MT001-Towle-21089002.1962                               96 7.75000E-01 4.07000E+00
n-Na023-MT001-Vaughn-11377002.1963                             172 9.00000E-01 1.70000E+00
n-Na023-MT001-Vaughn-11377003.1963                              18 1.25000E+00 2.10000E+00
n-Na023-MT001-Whalen-11425003.1968                             557 1.00800E-01 6.48900E-01
n-Na023-MT001-Zinn-11136008.1939                                 2 2.46000E+00 2.88000E+00
n-Na023-MT001-Zinn-11136008A001.1939                             2 2.46000E+00 2.88000E+00
