#              Filename                                         N    min         max
n-Fe056-MT103-Allan-21487008.1957                                1 1.41000E+01 1.41000E+01
n-Fe056-MT103-BaoZongyuu-30993003.1993                           1 1.45700E+01 1.45700E+01
n-Fe056-MT103-Barrall-10022010.1969                              1 1.46000E+01 1.46000E+01
n-Fe056-MT103-Barrall-10022010A001.1969                          1 1.46000E+01 1.46000E+01
n-Fe056-MT103-Barrall-10031005.1969                              1 1.48000E+01 1.48000E+01
n-Fe056-MT103-Barrall-10031005A001.1969                          1 1.48000E+01 1.48000E+01
n-Fe056-MT103-Belgaid-31524008.1992                              1 1.47300E+01 1.47300E+01
n-Fe056-MT103-Bonazzola-20888004.1964                            1 1.47000E+01 1.47000E+01
n-Fe056-MT103-Bormann-20887015.1965                              1 1.48000E+01 1.48000E+01
n-Fe056-MT103-Bormann-21339005.1962                              5 1.32000E+01 1.96000E+01
n-Fe056-MT103-Chittendenii-11718005.1961                         1 1.48000E+01 1.48000E+01
n-Fe056-MT103-Coszach-22497004.2000                              4 2.22000E+01 4.90000E+01
n-Fe056-MT103-Cross-11696007.1963                                1 1.45000E+01 1.45000E+01
n-Fe056-MT103-Cross-11696009.1963                                3 1.37800E+01 1.47300E+01
n-Fe056-MT103-Cuzzocrea-20890004.1968                           23 1.37000E+01 1.46700E+01
n-Fe056-MT103-Depraz-21419006.1960                               1 1.50000E+01 1.50000E+01
n-Fe056-MT103-Duhamel-22721003.1998                              1 2.85000E+01 2.85000E+01
n-Fe056-MT103-Dyer-10289002.1972                                 1 1.44000E+01 1.44000E+01
n-Fe056-MT103-Dyer-10289002A001.1972                             1 1.44000E+01 1.44000E+01
n-Fe056-MT103-Ercan-22338048.1991                                1 1.46000E+01 1.46000E+01
n-Fe056-MT103-Fessler-22414017.2000                              4 1.60440E+01 2.02610E+01
n-Fe056-MT103-Filatenkov-41614019.2016                           6 1.35600E+01 1.46100E+01
n-Fe056-MT103-Forbes-11474005.1952                               1 1.41000E+01 1.41000E+01
n-Fe056-MT103-Fuga-31479002.1991                                 1 1.46160E+01 1.46160E+01
n-Fe056-MT103-Fuga-31479003.1991                                23 1.28000E+01 1.82600E+01
n-Fe056-MT103-Gabbard-11494009.1962                              1 1.44000E+01 1.44000E+01
n-Fe056-MT103-Garlea-30807008.1985                               1 1.48000E+01 1.48000E+01
n-Fe056-MT103-Grundl-10417007.1967                               9 3.95000E+00 1.41000E+01
n-Fe056-MT103-Grundl-10417007A001.1967                           9 3.95000E+00 1.41000E+01
n-Fe056-MT103-Gupta-30707013.1985                                1 1.48000E+01 1.48000E+01
n-Fe056-MT103-Hemingway-21372003.1966                            2 1.35000E+01 1.48000E+01
n-Fe056-MT103-Ikeda-22089042.1988                                8 1.33300E+01 1.49200E+01
n-Fe056-MT103-Ikeda-22312004.1993                                7 1.35700E+01 1.49100E+01
n-Fe056-MT103-Kern-11464006.1959                                 1 1.52700E+01 1.52700E+01
n-Fe056-MT103-Kimura-22093011.1990                               1 1.40500E+01 1.40500E+01
n-Fe056-MT103-Kral-31834004.2020                                 1 2.91000E+01 2.91000E+01
n-Fe056-MT103-Kudo-20993002.1977                                 1 1.48000E+01 1.48000E+01
n-Fe056-MT103-Kudo-21868002.1982                                 1 1.46000E+01 1.46000E+01
n-Fe056-MT103-Kudo-21923003.1984                                 8 1.40000E+01 1.98700E+01
n-Fe056-MT103-Levkovskii-402230101.1969                          1 1.48000E+01 1.48000E+01
n-Fe056-MT103-LiChiChouuu-30483002.1978                          1 1.45800E+01 1.45800E+01
n-Fe056-MT103-LiChiChouuu-30483003.1978                         24 1.27900E+01 1.82600E+01
n-Fe056-MT103-Liskien-20377002.1965                             28 1.26000E+01 1.95800E+01
n-Fe056-MT103-Liskien-20387004.1966                             17 6.06000E+00 8.20000E+00
n-Fe056-MT103-Mannhart-22976017.2007                            13 9.09800E+00 1.46380E+01
n-Fe056-MT103-Mcclure-11703002.1955                              1 1.40000E+01 1.40000E+01
n-Fe056-MT103-Meadows-12969013.1987                              1 1.47400E+01 1.47400E+01
n-Fe056-MT103-Molla-20721094.1977                                1 1.47000E+01 1.47000E+01
n-Fe056-MT103-Mostafa-21049005.1976                              5 5.20000E+00 8.35000E+00
n-Fe056-MT103-Mulik-330450021.2013                               1 5.90000E+00 5.90000E+00
n-Fe056-MT103-Mulik-330450022.2013                               2 9.85000E+00 1.55000E+01
n-Fe056-MT103-Mulik-33045003.2013                                1 1.48000E+01 1.48000E+01
n-Fe056-MT103-Nemilov-40485002.1978                              3 7.70000E+00 9.30000E+00
n-Fe056-MT103-Ngoc-30562019.1980                                 6 1.35500E+01 1.47100E+01
n-Fe056-MT103-Paul-11274031.1953                                 1 1.45000E+01 1.45000E+01
n-Fe056-MT103-PhanNhuNgoccc-30802002.1983                        1 1.48000E+01 1.48000E+01
n-Fe056-MT103-Pollehn-21352002.1961                              1 1.41000E+01 1.41000E+01
n-Fe056-MT103-Pollehn-21352007.1961                              1 1.41000E+01 1.41000E+01
n-Fe056-MT103-Ramendik-41313002.1977                             1 1.48000E+01 1.48000E+01
n-Fe056-MT103-Robertson-20798003.1973                            1 1.47800E+01 1.47800E+01
n-Fe056-MT103-Ryves-20772003.1978                                6 1.46700E+01 1.89500E+01
n-Fe056-MT103-Santry-11701002.1964                               3 4.57000E+00 5.02000E+00
n-Fe056-MT103-Santry-11701003.1964                              30 5.30000E+00 1.35800E+01
n-Fe056-MT103-Santry-11701004.1964                              14 1.25300E+01 2.03000E+01
n-Fe056-MT103-Saraf-12812010.1991                                1 8.00000E+00 8.00000E+00
n-Fe056-MT103-Sharma-30676002.1978                               1 1.47000E+01 1.47000E+01
n-Fe056-MT103-Singh-10309004.1972                                1 1.45000E+01 1.45000E+01
n-Fe056-MT103-Singh-10309004A001.1972                            1 1.45000E+01 1.45000E+01
n-Fe056-MT103-Smith-102380341.1975                               1 3.97900E+00 3.97900E+00
n-Fe056-MT103-Smith-102380341A001.1975                           1 3.97900E+00 3.97900E+00
n-Fe056-MT103-Smith-102380351.1975                              22 4.07800E+00 5.93900E+00
n-Fe056-MT103-Smith-102380351A001.1975                          22 4.07800E+00 5.93900E+00
n-Fe056-MT103-Smith-102380361.1975                               6 6.48600E+00 9.94500E+00
n-Fe056-MT103-Smith-102380361A001.1975                           6 6.48600E+00 9.94500E+00
n-Fe056-MT103-Sothras-10835002.1977                              1 1.48000E+01 1.48000E+01
n-Fe056-MT103-Sothras-10835002A001.1977                          1 1.48000E+01 1.48000E+01
n-Fe056-MT103-Spangler-12956012.1975                             1 1.41000E+01 1.41000E+01
n-Fe056-MT103-Terrell-11715003.1958                             10 3.43000E+00 8.21000E+00
n-Fe056-MT103-Terrell-11715004.1958                              8 1.24300E+01 1.78900E+01
n-Fe056-MT103-Viennot-30978022.1991                              7 1.37700E+01 1.48300E+01
n-Fe056-MT103-Vonach-20815014.1968                               1 1.47000E+01 1.47000E+01
n-Fe056-MT103-Vrzalova-31714037.2013                             2 3.04000E+01 3.59000E+01
n-Fe056-MT103-Yasumi-20280004.1957                               1 1.41000E+01 1.41000E+01
n-Fe056-MT103-ZhouMuyaoo-30755003.1987                           1 1.46000E+01 1.46000E+01
