#              Filename                                         N    min         max
p-V051-MT004-Albert-T0130002.1959                                7 3.60000E+00 8.10000E+00
p-V051-MT004-Albouy-B0106003.1962                                9 3.18000E+01 1.50000E+02
p-V051-MT004-Aleksandrov-A0512003.1991                           1 6.60000E+02 6.60000E+02
p-V051-MT004-Bastos-D0699002.1990                               17 6.80000E+00 2.38000E+01
p-V051-MT004-Dell-B0064003.1965                                 10 3.74000E+00 6.70000E+00
p-V051-MT004-Ditroi-D4356002.2016                               19 3.64400E+01 6.42800E+01
p-V051-MT004-Egan-C2662005.1972                                 74 2.30020E+00 2.37500E+00
p-V051-MT004-Gadioli-B0027002.1974                              17 1.13000E+01 4.47000E+01
p-V051-MT004-Hansen-B0066002.1962                                7 5.00000E+00 1.10000E+01
p-V051-MT004-Harris-T0030002.1965                               14 1.58000E+00 2.28000E+00
p-V051-MT004-Hontzeas-C2008002.1963                              8 3.00000E+00 5.40000E+01
p-V051-MT004-Humes-B0061003.1963                                 1 6.75000E+00 6.75000E+00
p-V051-MT004-Johnson-T0122004.1958                              59 1.56900E+00 2.29500E+00
p-V051-MT004-Johnson-T0126005.1964                             115 1.57200E+00 5.42000E+00
p-V051-MT004-Kailas-A0332002.1985                                4 2.90000E+00 4.10000E+00
p-V051-MT004-Kailas-A0332003.1985                               14 1.91000E+00 4.51000E+00
p-V051-MT004-Levkovski-A0510031.1991                            25 7.70000E+00 2.95000E+01
p-V051-MT004-Mehta-D6059002.1977                                63 1.89270E+00 5.51640E+00
p-V051-MT004-Mehta-D6059003.1977                                28 2.30270E+00 2.38590E+00
p-V051-MT004-Michel-A0145006.1980                                6 2.95000E+00 1.59100E+01
p-V051-MT004-Michel-A0146002.1979                               37 1.25500E+01 4.49500E+01
p-V051-MT004-Michel-O00780110.1989                               1 6.00000E+02 6.00000E+02
p-V051-MT004-Musthafa-O1237002.2005                             10 3.70000E+00 1.50000E+01
p-V051-MT004-Protoschill-O0703016.1997                          27 3.16000E+01 2.55000E+03
p-V051-MT004-Read-C0387004.1965                                  1 3.70000E+02 3.70000E+02
p-V051-MT004-Shore-T0125004.1961                                 1 7.50000E+00 7.50000E+00
p-V051-MT004-Solieman-D4339002.2016                             21 3.90000E+00 1.65000E+01
p-V051-MT004-Taketani-B0051005.1962                              4 4.38000E+00 6.61000E+00
p-V051-MT004-Tanaka-B0043004.1959                                8 6.70000E+00 1.33000E+01
p-V051-MT004-Valentin-C0062009.1965                              1 1.55000E+02 1.55000E+02
p-V051-MT004-Wing-T0124002.1962                                 16 3.10000E+00 1.04000E+01
p-V051-MT004-ZHAOWENRONGG-S0042002.1994                         22 3.29000E+00 2.23280E+01
p-V051-MT004-Zyskind-C0627003.1980                              58 1.58300E+00 4.46700E+00
