#              Filename                                         N    min         max     
n-Si030-rp012027-Singh-10217005.1970                             1 1.45000E+01 1.45000E+01
n-Si030-rp012027-Singh-10217005A001.1970                         1 1.45000E+01 1.45000E+01
n-Si030-rp012027-Paul-11274013.1953                              1 1.45000E+01 1.45000E+01
n-Si030-rp012027-Ranakumar-11515006.1968                         1 1.44000E+01 1.44000E+01
n-Si030-rp012027-Robertson-20799008.1973                         1 1.47800E+01 1.47800E+01
n-Si030-rp012027-Pasquarelli-20889011.1967                       1 1.47000E+01 1.47000E+01
n-Si030-rp012027-Ercan-22338034.1991                             1 1.46000E+01 1.46000E+01
n-Si030-rp012027-Kasugai-22434003.1998                           6 1.34000E+01 1.48700E+01
n-Si030-rp012027-Mannhart-22976007.2007                         16 7.66600E+00 1.39670E+01
n-Si030-rp012027-Garuska-30479003.1978                           1 1.46000E+01 1.46000E+01
n-Si030-rp012027-Herman-30552004.1980                           10 1.30000E+01 1.79000E+01
n-Si030-rp012027-Janczyszyn-307740032.1982                       1 1.49000E+01 1.49000E+01
n-Si030-rp012027-Khurana-31316004.1965                           1 1.48000E+01 1.48000E+01
n-Si030-rp012027-Belgaid-31524011.1992                           1 1.47300E+01 1.47300E+01
n-Si030-rp012027-Pansare-330870031.1991                          1 1.47000E+01 1.47000E+01
n-Si030-rp012027-Pansare-330870032.1991                          1 1.47000E+01 1.47000E+01
n-Si030-rp012027-Shchebolev-40539004.1977                        1 1.48000E+01 1.48000E+01
n-Si030-rp012027-Gopych-41032024.1987                            1 1.46000E+01 1.46000E+01
n-Si030-rp012027-Bondarkov-41235002.1995                         1 1.40000E+01 1.40000E+01
n-Si030-rp012027-Filatenkov-41614008.2016                        7 1.34700E+01 1.48100E+01
n-Si030-rp012027-Ikeda-22089011.1988                             6 1.33200E+01 1.49200E+01
