#              Filename                                         N    min         max     
n-Ni058-rp027058-Barrall-10022013.1969                           1 1.46000E+01 1.46000E+01
n-Ni058-rp027058-Barrall-10031007.1969                           1 1.48000E+01 1.48000E+01
n-Ni058-rp027058-Smith-102380371.1975                           37 4.41000E-01 3.96000E+00
n-Ni058-rp027058-Smith-102380381.1975                           22 4.00800E+00 5.87000E+00
n-Ni058-rp027058-Smith-102380391.1975                           10 5.39800E+00 9.89700E+00
n-Ni058-rp027058-Smith-102380401.1975                           45 2.85400E+00 3.99400E+00
n-Ni058-rp027058-Smith-102380411.1975                            1 4.01900E+00 4.01900E+00
n-Ni058-rp027058-Fink-10484004.1970                              1 1.44000E+01 1.44000E+01
n-Ni058-rp027058-Hudson-108360052.1978                           5 1.33000E+01 1.71000E+01
n-Ni058-rp027058-Barrall-10022013A001.1969                       1 1.46000E+01 1.46000E+01
n-Ni058-rp027058-Barrall-10031007A001.1969                       1 1.48000E+01 1.48000E+01
n-Ni058-rp027058-Smith-102380371A001.1975                       37 4.41000E-01 3.96000E+00
n-Ni058-rp027058-Smith-102380381A001.1975                       22 4.00800E+00 5.87000E+00
n-Ni058-rp027058-Smith-102380391A001.1975                       10 5.39800E+00 9.89700E+00
n-Ni058-rp027058-Smith-102380401A001.1975                       45 2.85400E+00 3.99400E+00
n-Ni058-rp027058-Smith-102380411A001.1975                        1 4.01900E+00 4.01900E+00
n-Ni058-rp027058-Fink-10484004A001.1970                          1 1.44000E+01 1.44000E+01
n-Ni058-rp027058-Hudson-108360052A001.1978                       5 1.33000E+01 1.71000E+01
n-Ni058-rp027058-Cross-11696011.1963                             3 1.35800E+01 1.47300E+01
n-Ni058-rp027058-Cross-11696013.1963                             1 1.45000E+01 1.45000E+01
n-Ni058-rp027058-Temperley-11761002.1968                        12 2.20000E+00 1.47900E+01
n-Ni058-rp027058-Meadows-11763002.1963                          11 1.04000E+00 2.67000E+00
n-Ni058-rp027058-Greenwood-12977013.1987                         5 1.45000E+01 1.49000E+01
n-Ni058-rp027058-Vonach-13187002.1990                            5 7.71000E+00 1.20000E+01
n-Ni058-rp027058-Smith-13513002.1991                            10 5.32000E+00 9.87000E+00
n-Ni058-rp027058-Smith-13514002.1991                             9 4.59600E+00 1.32090E+01
n-Ni058-rp027058-Konijn-20056003.1963                           36 2.24000E+00 3.77000E+00
n-Ni058-rp027058-Nakai-20291002.1962                             6 2.52000E+00 4.63000E+00
n-Ni058-rp027058-Nakai-20291004.1962                             7 1.84000E+00 4.82000E+00
n-Ni058-rp027058-Okumura-20303004.1967                           6 1.33900E+01 1.49600E+01
n-Ni058-rp027058-Paulsen-20396004.1971                          39 9.90000E-01 1.64000E+01
n-Ni058-rp027058-Hemingway-20527003.1973                         1 1.47000E+01 1.47000E+01
n-Ni058-rp027058-Fukuda-20841004.1978                            1 1.46000E+01 1.46000E+01
n-Ni058-rp027058-Bormann-20898005.1966                          10 1.29500E+01 1.96000E+01
n-Ni058-rp027058-Jeronymo-20922008.1963                          8 1.25500E+01 2.10000E+01
n-Ni058-rp027058-Debertin-20971006.1965                          1 8.40000E+00 8.40000E+00
n-Ni058-rp027058-Swinhoe-20986006.1979                           1 1.41000E+01 1.41000E+01
n-Ni058-rp027058-Paulsen-21741004.1966                          23 9.90000E-01 2.20000E+00
n-Ni058-rp027058-Hussain-21879004.1983                          17 2.35100E+00 4.46300E+00
n-Ni058-rp027058-Pavlik-21965006.1985                           17 1.34700E+01 1.48300E+01
n-Ni058-rp027058-Ikeda-22089048.1988                            16 1.33200E+01 1.48800E+01
n-Ni058-rp027058-Kimura-22093015.1990                            1 1.40500E+01 1.40500E+01
n-Ni058-rp027058-Ikeda-22191004.1990                             8 2.08000E+00 3.01000E+00
n-Ni058-rp027058-Ercan-22338005.1991                             1 1.46000E+01 1.46000E+01
n-Ni058-rp027058-Barry-22618002.1962                            13 1.62500E+00 1.48000E+01
n-Ni058-rp027058-Kobayashi-22624003.1985                         1 1.41000E+01 1.41000E+01
n-Ni058-rp027058-Iwasaki-22751005.1993                           3 1.72210E+01 1.91270E+01
n-Ni058-rp027058-Senga-22759008.2000                             6 1.98640E+00 3.29860E+00
n-Ni058-rp027058-Senga-227590093.2000                            5 4.09350E+00 6.40750E+00
n-Ni058-rp027058-Semkova-22820002.2004                          12 1.29000E+00 2.03400E+01
n-Ni058-rp027058-Shimizu-22837008.2004                           6 2.09000E+00 3.09000E+00
n-Ni058-rp027058-Mannhart-22976021.2007                         36 7.98000E+00 1.44210E+01
n-Ni058-rp027058-Uno-23279019.1996                               6 1.75500E+01 3.00900E+01
n-Ni058-rp027058-Armitage-30045003.1967                          6 2.19000E+00 3.64000E+00
n-Ni058-rp027058-Decowski-30082004.1968                         10 1.24200E+01 1.70800E+01
n-Ni058-rp027058-Decowski-30082005.1968                          6 1.95000E+00 4.79000E+00
n-Ni058-rp027058-Gonzalez-30220002.1960                         10 2.22000E+00 3.55000E+00
n-Ni058-rp027058-Vanloef-30221002.1961                           1 3.30000E+00 3.30000E+00
n-Ni058-rp027058-Dresler-30263009.1973                           1 1.46000E+01 1.46000E+01
n-Ni058-rp027058-Wu-30363002.1977                               12 2.80000E+00 4.80000E+00
n-Ni058-rp027058-Ngoc-30562015.1980                              6 1.35500E+01 1.47100E+01
n-Ni058-rp027058-Raics-30604003.1981                             5 1.35200E+01 1.48000E+01
n-Ni058-rp027058-FanPeiguoo-30733008.1985                        1 8.50000E+00 8.50000E+00
n-Ni058-rp027058-Garlea-30804006.1985                            1 1.48000E+01 1.48000E+01
n-Ni058-rp027058-Ribansky-30811003S.1985                         1 1.48000E+01 1.48000E+01
n-Ni058-rp027058-Daroczy-30814002.1983                           7 7.07000E+00 9.90000E+00
n-Ni058-rp027058-Molla-30825009.1986                             1 1.46000E+01 1.46000E+01
n-Ni058-rp027058-Viennot-30978026.1991                           7 1.37700E+01 1.48300E+01
n-Ni058-rp027058-Molla-30985013.1991                             5 1.36400E+01 1.48300E+01
n-Ni058-rp027058-Purser-31038002.1959                            1 1.41000E+01 1.41000E+01
n-Ni058-rp027058-Glover-31107008.1962                            9 1.38600E+01 1.48800E+01
n-Ni058-rp027058-Dighe-31412005.1991                             1 1.40000E+01 1.40000E+01
n-Ni058-rp027058-Rondio-31414002.1985                            1 1.85000E+01 1.85000E+01
n-Ni058-rp027058-Rondio-31415003.1987                            1 1.73000E+01 1.73000E+01
n-Ni058-rp027058-Buczko-31455002.1995                           16 2.15000E+00 1.48400E+01
n-Ni058-rp027058-Buczko-31455003.1995                           12 5.38000E+00 1.23800E+01
n-Ni058-rp027058-Garlea-31459017.1992                            1 1.48000E+01 1.48000E+01
n-Ni058-rp027058-Cezarsuita-314980051.1997                       4 9.60000E+00 1.38000E+01
n-Ni058-rp027058-XiaolongHuangg-31500003.1999                    7 4.00000E+00 1.90200E+01
n-Ni058-rp027058-Belgaid-31524009.1992                           1 1.47300E+01 1.47300E+01
n-Ni058-rp027058-Avrigeanu-31584002.1999                         7 1.35600E+01 1.47800E+01
n-Ni058-rp027058-Harunarrashid-31600003.2006                     1 1.48000E+01 1.48000E+01
n-Ni058-rp027058-LiGuozhengg-31646008.1990                       2 1.41000E+01 1.46200E+01
n-Ni058-rp027058-LiGuozhengg-31646009.1990                       1 1.41000E+01 1.41000E+01
n-Ni058-rp027058-HuangJianzhouu-32585002.1977                    9 1.36000E+01 1.77700E+01
n-Ni058-rp027058-YuanJunqiann-32592006.1992                      6 1.36400E+01 1.46200E+01
n-Ni058-rp027058-LiTingyann-32593002.1992                        8 1.36000E+01 1.77700E+01
n-Ni058-rp027058-FengqunZhouu-32695002.2011                      2 1.35000E+01 1.46000E+01
n-Ni058-rp027058-Bhike-33024002.2006                             1 2.87000E+00 2.87000E+00
n-Ni058-rp027058-Shivashankar-33039003.2012                      1 3.70000E+00 3.70000E+00
n-Ni058-rp027058-Shivashankar-33094002.2015                      3 5.88830E+00 1.58673E+01
n-Ni058-rp027058-Shivashankar-33094003.2015                      3 5.88830E+00 1.58673E+01
n-Ni058-rp027058-Pasha-33143002.2020                             1 1.45400E+01 1.45400E+01
n-Ni058-rp027058-Maslov-40136008.1974                            1 1.46000E+01 1.46000E+01
n-Ni058-rp027058-Levkovskii-40226011.1970                        1 1.48000E+01 1.48000E+01
n-Ni058-rp027058-Nemilov-40485004.1978                           4 7.60000E+00 9.30000E+00
n-Ni058-rp027058-Kornilov-40702002.1985                          7 7.07000E+00 9.90000E+00
n-Ni058-rp027058-Klochkova-41036003.1990                         1 1.41000E+01 1.41000E+01
n-Ni058-rp027058-Filatenkov-41614026.2016                       15 1.34700E+01 1.48600E+01
