#              Filename                                         N    min         max
n-Y089-MT001-Abfalterer-13753022.2001                          467 5.29300E+00 5.59100E+02
n-Y089-MT001-Agrawal-13737004.1989                            4679 1.01640E-02 7.37488E-01
n-Y089-MT001-Ai-30297003.1974                                   34 1.00000E+00 4.83000E+00
n-Y089-MT001-Budtzjorgensen-12835002.1984                       37 4.72300E-01 4.05500E+00
n-Y089-MT001-Carlson-11497014.1967                              60 4.53100E+00 7.51400E+00
n-Y089-MT001-Coon-12524031.1952                                  1 1.41200E+01 1.41200E+01
n-Y089-MT001-Fosterjr-10047044.1971                            235 2.39600E+00 1.49560E+01
n-Y089-MT001-Fosterjr-10047044A001.1971                        235 2.39600E+00 1.49560E+01
n-Y089-MT001-Good-11402022.1958                                 85 2.22000E-03 1.80000E-02
n-Y089-MT001-Islam-30134002.1973                               101 1.00600E+00 2.00600E+00
n-Y089-MT001-Kent-11617025.1962                                  1 3.66000E+00 3.66000E+00
n-Y089-MT001-Koester-21842022.1981                               2 1.26000E-06 5.19000E-06
n-Y089-MT001-Miller-11712007.1952                               86 5.50000E-02 3.21000E+00
n-Y089-MT001-Newson-11569007.1957                               34 7.00000E-04 9.05000E-03
n-Y089-MT001-Newson-11569008.1957                              117 6.50000E-03 7.42000E-02
n-Y089-MT001-Poenitz-12853008.1983                               8 4.70000E-02 1.97000E-01
n-Y089-MT001-Poenitz-12853009.1983                              20 2.15000E-01 1.60000E+00
n-Y089-MT001-Poenitz-12853010.1983                              67 1.82200E+00 1.95200E+01
n-Y089-MT001-Poenitz-12853011.1983                              24 9.85000E-01 4.40000E+00
n-Y089-MT001-Raman-10928004.1981                              3765 1.90590E-04 6.01350E-02
n-Y089-MT001-Raman-10928004A001.1981                          3765 1.90590E-04 6.01350E-02
n-Y089-MT001-Raman-10928005.1981                              3587 5.30010E-04 6.01350E-02
n-Y089-MT001-Raman-10928005A001.1981                          3587 5.30010E-04 6.01350E-02
n-Y089-MT001-Rustad-11886007.1966                               10 6.24000E-10 8.24000E-06
n-Y089-MT001-Schmunk-11634004.1960                              93 2.02000E-09 2.87800E-07
n-Y089-MT001-Seth-11781004.1965                                 97 5.00000E-03 6.40000E-01
n-Y089-MT001-Seth-11788005.1958                                 41 5.57000E-07 4.22200E-03
n-Y089-MT001-Whalen-11425006.1968                              542 1.00700E-01 6.48900E-01
