#              Filename                                         N    min         max
n-Pb206-MT001-Benetskiy-40582002.1977                           85 1.47900E+01 1.81000E+01
n-Pb206-MT001-Bilpuch-11599048.1961                            530 4.76570E-02 3.56633E-01
n-Pb206-MT001-Carlson-11497030.1967                            164 2.46300E+00 7.54300E+00
n-Pb206-MT001-Coon-12524053.1952                                 1 1.41200E+01 1.41200E+01
n-Pb206-MT001-Day-12191006.1965                                  4 5.00000E-01 4.10000E+00
n-Pb206-MT001-Dukarevich-40813035.1967                           1 1.42000E+01 1.42000E+01
n-Pb206-MT001-Farrell-12684002.1965                           1252 3.60000E-02 6.63000E-01
n-Pb206-MT001-Fosterjr-10047090.1971                           251 2.25200E+00 1.49880E+01
n-Pb206-MT001-Fosterjr-10047090A001.1971                       251 2.25200E+00 1.49880E+01
n-Pb206-MT001-Fosterjr-10047091.1971                           251 2.25200E+00 1.49880E+01
n-Pb206-MT001-Fosterjr-10047091A001.1971                       251 2.25200E+00 1.49880E+01
n-Pb206-MT001-Haas-11794007.1963                                 1 1.39800E+01 1.39800E+01
n-Pb206-MT001-Hicks-13852008.1994                               54 2.50000E-01 4.00000E+00
n-Pb206-MT001-Horen-10896002.1979                            21940 1.90990E-02 9.40600E+00
n-Pb206-MT001-Horen-10896002A001.1979                        21940 1.90990E-02 9.40600E+00
n-Pb206-MT001-Horen-12721002.1981                             1054 6.03838E-01 8.98534E-01
n-Pb206-MT001-Koester-22716004.1995                              3 1.26000E-06 1.97000E-03
n-Pb206-MT001-Laptev-41517003.2004                              59 1.02100E-06 2.10700E-02
n-Pb206-MT001-Macklin-11575017.1964                            137 1.03000E-02 8.45000E-02
n-Pb206-MT001-Miller-11712023.1952                              15 8.40000E-01 3.21000E+00
n-Pb206-MT001-Peterson-12200004.1950                           245 1.30000E-02 7.41000E-01
