#              Filename                                         N    min         max     
p-Co059-rp027056-Sharp-P0034010.1956                            32 3.42000E+01 9.86000E+01
p-Co059-rp027056-Michel-A0146022.1979                           10 2.72600E+01 4.46000E+01
p-Co059-rp027056-Remsberg-C0269019.1963                          1 3.70000E+02 3.70000E+02
p-Co059-rp027056-Wagner-C0278003.1954                           10 6.00000E+01 2.40000E+02
p-Co059-rp027056-Shahid-D7038005.2020                           17 2.68200E+01 4.36700E+01
p-Co059-rp027056-Michel-O00780220.1989                           1 6.00000E+02 6.00000E+02
p-Co059-rp027056-Weigel-O0088014.1975                            1 6.00000E+02 6.00000E+02
p-Co059-rp027056-Schoen-T0276012.1979                           12 3.32000E+01 6.30000E+01
p-Co059-rp027056-Michel-A01000094.1985                          26 4.86100E+01 1.99300E+02
p-Co059-rp027056-Kozma-A0477033.1990                             1 3.65000E+03 3.65000E+03
p-Co059-rp027056-Aleksandrov-A0501057.1990                       1 1.00000E+03 1.00000E+03
p-Co059-rp027056-Ditroi-D4255004.2011                           13 5.97000E+01 6.98000E+01
p-Co059-rp027056-Ditroi-D4293006.2013                           20 2.74000E+01 6.98000E+01
p-Co059-rp027056-Michel-O0276091.1997                           26 3.08000E+01 1.54000E+02
p-Co059-rp027056-Michel-O0277140.1995                            4 8.00000E+02 2.60000E+03
p-Co059-rp027056-Schiekel-O0284082.1996                         18 2.13000E+02 3.80000E+02
p-Co059-rp027056-Shvedov-O0346004.1993                           1 1.20000E+03 1.20000E+03
p-Co059-rp027056-Titarenko-O0397029.1996                         1 1.20000E+03 1.20000E+03
