#              Filename                                         N    min         max
n-Mg024-MT103-Barrall-10022004.1969                              1 1.46000E+01 1.46000E+01
n-Mg024-MT103-Barrall-10022004A001.1969                          1 1.46000E+01 1.46000E+01
n-Mg024-MT103-Belgaid-31524002.1992                              1 1.47300E+01 1.47300E+01
n-Mg024-MT103-Butler-11457003.1963                              33 5.45000E+00 1.35800E+01
n-Mg024-MT103-Butler-11457004.1963                              13 1.25300E+01 2.03000E+01
n-Mg024-MT103-Clator-11536002.1969                               3 1.44000E+01 1.67000E+01
n-Mg024-MT103-Cohen-21115002.1956                               12 1.26500E+01 1.75500E+01
n-Mg024-MT103-Depraz-21419002.1960                               1 1.50000E+01 1.50000E+01
n-Mg024-MT103-Ercan-22338028.1991                                1 1.46000E+01 1.46000E+01
n-Mg024-MT103-FanPeiguoo-30733003.1985                           1 8.50000E+00 8.50000E+00
n-Mg024-MT103-Ferguson-11512002.1967                            53 1.23400E+01 1.39100E+01
n-Mg024-MT103-Gabbard-11494002.1962                             13 1.26000E+01 1.72000E+01
n-Mg024-MT103-Geraldo-131710022.1989                            22 5.03800E+00 9.85100E+00
n-Mg024-MT103-Gupta-30707002.1985                                1 1.48000E+01 1.48000E+01
n-Mg024-MT103-Hyvoenendabek-21886002.1978                        1 1.47000E+01 1.47000E+01
n-Mg024-MT103-Ikeda-22089004.1988                                8 1.33300E+01 1.49100E+01
n-Mg024-MT103-Imhof-11526002.1964                               24 1.20500E+01 1.96000E+01
n-Mg024-MT103-Janczyszyn-307990022.1988                         13 1.35900E+01 1.78600E+01
n-Mg024-MT103-Kern-11464002.1959                                 1 1.30300E+01 1.30300E+01
n-Mg024-MT103-Kimura-22093003.1990                               1 1.40500E+01 1.40500E+01
n-Mg024-MT103-Kolkowski-22146002.1989                            1 1.47000E+01 1.47000E+01
n-Mg024-MT103-LiJiZhouuu-30595002.1989                           1 1.45800E+01 1.45800E+01
n-Mg024-MT103-LiJiZhouuu-30595003.1989                          35 1.21800E+01 1.82600E+01
n-Mg024-MT103-Liskien-20387002.1966                             17 6.06000E+00 8.20000E+00
n-Mg024-MT103-Mannhart-20611002.1975                             1 1.43000E+01 1.43000E+01
n-Mg024-MT103-Mannhart-22976002.2007                            26 8.33400E+00 1.47400E+01
n-Mg024-MT103-Molla-30825002.1986                                1 1.48000E+01 1.48000E+01
n-Mg024-MT103-Mostafa-21049004.1976                              5 6.30000E+00 8.35000E+00
n-Mg024-MT103-Pasquarelli-20889006.1967                          1 1.47000E+01 1.47000E+01
n-Mg024-MT103-Paul-11274007.1953                                 1 1.45000E+01 1.45000E+01
n-Mg024-MT103-Paulsen-20378002.1965                             23 1.26300E+01 1.95900E+01
n-Mg024-MT103-Prasad-30336004.1971                               1 1.48000E+01 1.48000E+01
n-Mg024-MT103-Robertson-20799004.1973                            1 1.47800E+01 1.47800E+01
n-Mg024-MT103-Tewes-11504002.1960                                5 1.01000E+01 1.40000E+01
n-Mg024-MT103-Thiep-31543018.2003                                1 1.48000E+01 1.48000E+01
n-Mg024-MT103-Vonach-20815005.1968                               1 1.47000E+01 1.47000E+01
