#              Filename                                         N    min         max
n-Pa231-MT018-Dubrovina-40716002.1964                           46 1.33000E-01 1.73000E+00
n-Pa231-MT018-Fursov-408370022.1985                             69 1.35000E-01 7.40000E+00
n-Pa231-MT018-Iyer-30518002.1976                                 6 7.00000E-01 2.49000E+00
n-Pa231-MT018-Kobayashi-20562002.1975                           10 2.12000E+00 7.65000E+00
n-Pa231-MT018-Kobayashi-22647002.2001                            1 2.53000E-08 2.53000E-08
n-Pa231-MT018-Kobayashi-22647003.2001                          104 8.91200E-08 1.25890E-02
n-Pa231-MT018-Leonard-12286003.1961                              3 3.96000E-07 7.45000E-07
n-Pa231-MT018-Leonard-12286004.1961                             20 3.70000E-07 5.22500E-07
n-Pa231-MT018-Muir-10223002.1971                               374 1.00150E-01 2.96460E+00
n-Pa231-MT018-Muir-10223002A001.1971                           374 1.00150E-01 2.96460E+00
n-Pa231-MT018-Oberstedt-22910002.2005                           15 7.60000E-01 3.46000E+00
n-Pa231-MT018-Oberstedt-23159002.2012                            3 1.95000E+00 2.95000E+00
n-Pa231-MT018-Oberstedt-231590031.2012                          12 1.50000E+01 2.09000E+01
n-Pa231-MT018-Oberstedt-231590032.2012                          12 1.50000E+01 2.09000E+01
n-Pa231-MT018-Oberstedt-23159004.2012                           12 1.50000E+01 2.09000E+01
n-Pa231-MT018-Plattard-10929002.1981                          4130 1.11890E-01 1.68820E+01
n-Pa231-MT018-Plattard-10929002A001.1981                      4130 1.11890E-01 1.68820E+01
n-Pa231-MT018-Williams-12300002.1944                            15 4.30000E-01 3.00000E+00
