#              Filename                                         N    min         max
n-Mo098-MT103m-Amemiya-21840010.1982                             1 1.48000E+01 1.48000E+01
n-Mo098-MT103m-Bramlitt-11590065.1963                            1 1.47000E+01 1.47000E+01
n-Mo098-MT103m-Cuzzocrea-21141008.1967                           1 1.41000E+01 1.41000E+01
n-Mo098-MT103m-Filatenkov-41614077.2016                          8 1.34800E+01 1.48200E+01
n-Mo098-MT103m-Fujino-20850009.1977                              1 1.46000E+01 1.46000E+01
n-Mo098-MT103m-Garlea-30804007.1985                              1 1.48000E+01 1.48000E+01
n-Mo098-MT103m-Grallert-31496044.1993                            1 1.46000E+01 1.46000E+01
n-Mo098-MT103m-Gujrathi-31281003.1966                            1 1.48000E+01 1.48000E+01
n-Mo098-MT103m-Ikeda-22089081.1988                              16 1.33500E+01 1.49600E+01
n-Mo098-MT103m-JunhuaLuoo-32812010.2020                          3 1.35000E+01 1.48000E+01
n-Mo098-MT103m-KongXiangzhongg-31762003.1996                     5 1.34000E+01 1.47900E+01
n-Mo098-MT103m-Lu-10145009.1970                                  1 1.44000E+01 1.44000E+01
n-Mo098-MT103m-Lu-10145009A001.1970                              1 1.44000E+01 1.44000E+01
n-Mo098-MT103m-Marcinkowski-30809008.1986                        7 1.30000E+01 1.59000E+01
n-Mo098-MT103m-Molla-30825019.1986                               2 1.46000E+01 1.48000E+01
n-Mo098-MT103m-Osman-314640291.1996                              1 1.47000E+01 1.47000E+01
n-Mo098-MT103m-Osman-314640292.1996                              1 1.47000E+01 1.47000E+01
n-Mo098-MT103m-Pepelnik-21999031.1986                            1 1.47000E+01 1.47000E+01
n-Mo098-MT103m-Prasad-30336028.1971                              1 1.48000E+01 1.48000E+01
n-Mo098-MT103m-Qaim-20554012.1971                                1 1.47000E+01 1.47000E+01
n-Mo098-MT103m-Rahman-21990006.1985                              4 8.13200E+00 9.57700E+00
n-Mo098-MT103m-Reimer-22889010.2005                              4 1.62000E+01 2.05000E+01
n-Mo098-MT103m-Semkova-23233008.2014                             4 1.09600E+01 1.44800E+01
n-Mo098-MT103m-Srinivasarao-30576006.1981                        1 1.42000E+01 1.42000E+01
n-Mo098-MT103m-Tikku-30394012.1972                               1 1.47000E+01 1.47000E+01
