#              Filename                                         N    min         max
n-U233-MT001-Block-12024005.1960                                41 1.84000E-08 9.58000E-08
n-U233-MT001-Bollinger-12346002.1952                           269 2.68000E-08 2.32000E-03
n-U233-MT001-Brooks-20917004.1966                              474 2.79900E-06 1.10400E-05
n-U233-MT001-Brooks-20917005.1966                               83 1.00500E-06 2.82800E-06
n-U233-MT001-Brooks-20917006.1966                               74 1.50000E-07 1.02700E-06
n-U233-MT001-Brooks-20917007.1966                               32 3.50000E-08 1.48000E-07
n-U233-MT001-Brooks-20917008.1966                               10 4.00000E-07 7.50000E-06
n-U233-MT001-Carter-12366002.1954                               73 1.00750E-05 1.15000E-04
n-U233-MT001-Fosterjr-10047095.1971                            244 2.25700E+00 1.49510E+01
n-U233-MT001-Fosterjr-10047095A001.1971                        244 2.25700E+00 1.49510E+01
n-U233-MT001-Fulwood-11681003.1957                             222 8.97400E-05 1.55100E-02
n-U233-MT001-Green-10225027.1973                               336 8.99100E-01 9.88700E+00
n-U233-MT001-Green-10225027A001.1973                           336 8.99100E-01 9.88700E+00
n-U233-MT001-Green-10225028.1973                               360 5.04900E-01 7.96200E+00
n-U233-MT001-Green-10225028A001.1973                           360 5.04900E-01 7.96200E+00
n-U233-MT001-Guber-13891004.2001                               233 4.41272E-04 6.85027E-01
n-U233-MT001-Harvey-10955002.1979                               63 1.16300E-08 3.84279E-06
n-U233-MT001-Harvey-10955002A001.1979                           63 1.16300E-08 3.84279E-06
n-U233-MT001-Harvey-10955003.1979                               63 1.16300E-08 3.84279E-06
n-U233-MT001-Harvey-10955003A001.1979                           63 1.16300E-08 3.84279E-06
n-U233-MT001-Harvey-10955004.1979                             3916 1.24080E-08 1.16360E-03
n-U233-MT001-Harvey-10955004A001.1979                         3916 1.24080E-08 1.16360E-03
n-U233-MT001-Harvey-10955005.1979                             3978 2.47900E-09 1.16360E-03
n-U233-MT001-Harvey-10955005A001.1979                         3978 2.47900E-09 1.16360E-03
n-U233-MT001-Harvey-10955006.1979                             4662 2.34220E-09 1.14810E-03
n-U233-MT001-Harvey-10955006A001.1979                         4662 2.34220E-09 1.14810E-03
n-U233-MT001-Harvey-10955007.1979                             4697 2.34220E-09 1.14910E-03
n-U233-MT001-Harvey-10955007A001.1979                         4697 2.34220E-09 1.14910E-03
n-U233-MT001-Kolar-20114002.1970                              3189 6.76880E-07 3.79870E-05
n-U233-MT001-Kolar-20114003.1970                              1091 3.80010E-05 7.70520E-05
n-U233-MT001-Kolar-20114004.1970                              3596 7.70700E-05 3.14080E-04
n-U233-MT001-Kolar-20114005.1970                              3578 3.14140E-04 7.53540E-04
n-U233-MT001-Lynn-210270032.1955                                 2 1.77500E-06 3.62000E-06
n-U233-MT001-Moore-12341003.1960                              1071 2.03000E-08 2.16900E-04
n-U233-MT001-Muether-12324002.1955                              35 5.69000E-09 1.10000E-07
n-U233-MT001-Nikitin-41219003.1955                               1 2.53000E-08 2.53000E-08
n-U233-MT001-Nikitin-41219004.1955                             132 1.00000E-08 1.00000E-04
n-U233-MT001-Nikitin-412210032.1955                              3 1.45000E-06 2.23000E-06
n-U233-MT001-Pattenden-12333002.1963                          1512 7.23000E-08 8.81400E-03
n-U233-MT001-Pattenden-21065002.1956                           264 1.56800E-09 1.14000E-05
n-U233-MT001-Pattenden-21065003.1956                             1 2.53000E-08 2.53000E-08
n-U233-MT001-Pattenden-21065004.1956                            99 3.70000E-05 6.89000E-05
n-U233-MT001-Pattenden-22568002.1958                           464 6.57400E-08 3.50800E-06
n-U233-MT001-Poenitz-10833002.1978                              60 5.80000E-02 4.43200E+00
n-U233-MT001-Poenitz-10833002A001.1978                          60 5.80000E-02 4.43200E+00
n-U233-MT001-Poenitz-10833003.1978                              89 4.00000E-02 2.09000E-01
n-U233-MT001-Poenitz-10833003A001.1978                          89 4.00000E-02 2.09000E-01
n-U233-MT001-Poenitz-10935005.1981                              47 4.80000E-02 4.80700E+00
n-U233-MT001-Poenitz-10935005A001.1981                          47 4.80000E-02 4.80700E+00
n-U233-MT001-Poenitz-12853053.1983                              68 1.81700E+00 2.02500E+01
n-U233-MT001-Pshenichnyj-40426006.1976                         112 8.60000E-09 1.06720E-06
n-U233-MT001-Safford-12362002.1960                              19 8.18000E-10 8.18000E-08
n-U233-MT001-Safford-12362005.1960                              12 8.18000E-10 6.00000E-08
n-U233-MT001-Sailor-12363004.1955                              255 3.00000E-07 1.12610E-05
n-U233-MT001-Sokolovsky-403830022.1957                           7 6.80000E-06 2.92000E-05
n-U233-MT001-Stupegia-12323002.1962                             45 3.40000E-03 1.61120E+00
n-U233-MT001-Vertebnyj-40191002.1974                            29 3.25000E-08 9.39000E-07
