#              Filename                                         N    min         max
n-Cf249-MT018-Benjamin-10128012.1972                             1 2.50000E-08 2.50000E-08
n-Cf249-MT018-Benjamin-10128012A001.1972                         1 2.50000E-08 2.50000E-08
n-Cf249-MT018-Dabbs-103490033.1974                               1 7.10000E-07 7.10000E-07
n-Cf249-MT018-Dabbs-103490033A001.1974                           1 7.10000E-07 7.10000E-07
n-Cf249-MT018-Dabbs-10349004.1974                              185 3.63900E-07 1.70000E-06
n-Cf249-MT018-Dabbs-10349004A001.1974                          185 3.63900E-07 1.70000E-06
n-Cf249-MT018-Dabbs-12868002.1981                             2179 6.46100E-09 1.00500E-01
n-Cf249-MT018-Dabbs-12868003.1981                               58 1.05400E-01 1.70400E+01
n-Cf249-MT018-Fomushkin-40031004.1971                            1 1.45000E+01 1.45000E+01
n-Cf249-MT018-Fomushkin-40352002.1975                           26 2.50000E-01 5.15000E+00
n-Cf249-MT018-Fursov-40201003.1974                              13 5.00000E-01 7.00000E+00
n-Cf249-MT018-Gavrilov-40467004.1976                             1 2.53000E-08 2.53000E-08
n-Cf249-MT018-Gerasimov-41369029.1997                          388 6.11800E-08 4.53539E-02
n-Cf249-MT018-Halperin-10165006.1970                             1 2.50000E-08 2.50000E-08
n-Cf249-MT018-Halperin-10165006A001.1970                         1 2.50000E-08 2.50000E-08
n-Cf249-MT018-Kupriyanov-406700022.1983                         43 1.30000E-01 7.40000E+00
n-Cf249-MT018-Silbert-10292002.1973                           5170 1.29927E-05 2.89703E+00
n-Cf249-MT018-Silbert-10292002A001.1973                       5170 1.29927E-05 2.89703E+00
n-Cf249-MT018-Vorotnikov-41271002.1972                           1 5.00000E-01 5.00000E-01
n-Cf249-MT018-Vorotnikov-41271003.1972                           1 4.00000E-01 4.00000E-01
n-Cf249-MT018-Vorotnikov-41271004.1972                          16 1.60000E-01 1.58000E+00
