#              Filename                                         N    min         max
n-Co059-MT051-Abdelharith-30464036.1976                          1 3.40000E+00 3.40000E+00
n-Co059-MT051-Abdelharith-30464039.1976                          1 3.40000E+00 3.40000E+00
n-Co059-MT051-Almenramstrom-20788009.1975                        7 2.02000E+00 3.52000E+00
n-Co059-MT051-Almenramstrom-20788032.1975                        6 2.27000E+00 3.52000E+00
n-Co059-MT051-Biryukov-41302015.1975                             1 9.10000E+00 9.10000E+00
n-Co059-MT051-Corcalciuc-20854012.1978                           1 1.62000E+01 1.62000E+01
n-Co059-MT051-Guenther-10328004.1974                            37 1.80000E+00 4.00000E+00
n-Co059-MT051-Guenther-10328004A001.1974                        37 1.80000E+00 4.00000E+00
n-Co059-MT051-Kinney-10112046.1970                               7 4.19000E+00 8.56000E+00
n-Co059-MT051-Kinney-10112046A001.1970                           7 4.19000E+00 8.56000E+00
n-Co059-MT051-Kinney-10112052.1970                               5 5.44000E+00 8.56000E+00
n-Co059-MT051-Kinney-10112052A001.1970                           5 5.44000E+00 8.56000E+00
n-Co059-MT051-Lashuk-41186039.1994                              21 1.14000E+00 4.87000E+00
n-Co059-MT051-Leclaire-10785003.1978                            20 1.23000E+00 3.27000E+00
n-Co059-MT051-Leclaire-10785003A001.1978                        20 1.23000E+00 3.27000E+00
n-Co059-MT051-Macgregor-11205011.1958                            1 1.42000E+01 1.42000E+01
n-Co059-MT051-Macgregor-11205011A001.1958                        1 1.42000E+01 1.42000E+01
n-Co059-MT051-Rogers-10268006.1971                               1 1.76000E+00 1.76000E+00
n-Co059-MT051-Rogers-10268006A001.1971                           1 1.76000E+00 1.76000E+00
n-Co059-MT051-Smith-11749004.1964                                2 1.45000E+00 1.50000E+00
n-Co059-MT051-Smith-13131005.1988                               39 1.77000E+00 3.98000E+00
n-Co059-MT051-Takahashi-22155079.1992                            1 1.41000E+01 1.41000E+01
