#              Filename                                         N    min         max     
n-Ag107-rp047108-Lyon-11407019.1959                              1 1.95000E-01 1.95000E-01
n-Ag107-rp047108-Johnsrud-11675013.1959                         20 1.45000E-01 2.45000E+00
n-Ag107-rp047108-Weston-11818007.1960                           22 3.10000E-03 2.50000E-01
n-Ag107-rp047108-Linenberger-11945002.1946                       8 3.00000E-03 5.90000E+00
n-Ag107-rp047108-Macklin-12794002.1982                          31 3.50000E-03 1.95000E+00
n-Ag107-rp047108-Campbell-13497003.1970                          1 2.40000E-02 2.40000E-02
n-Ag107-rp047108-Vervier-20205008.1959                           1 2.50000E-02 2.50000E-02
n-Ag107-rp047108-Ryves-20561006.1974                             1 2.53000E-08 2.53000E-08
n-Ag107-rp047108-Ryves-20791011.1971                             1 2.53000E-08 2.53000E-08
n-Ag107-rp047108-Mizumoto-21814002.1982                         36 3.60000E-03 6.50000E-01
n-Ag107-rp047108-Beghian-22580008.1949                           1 9.00000E-01 9.00000E-01
n-Ag107-rp047108-Farinaarbocco-23266106.2013                     1 2.53000E-08 2.53000E-08
n-Ag107-rp047108-Farinaarbocco-23266107.2013                     3 2.53000E-08 2.53000E-08
n-Ag107-rp047108-Peto-30031013.1967                              1 3.00000E+00 3.00000E+00
n-Ag107-rp047108-Kononov-40076011.1965                          19 2.90000E-02 1.46000E-01
n-Ag107-rp047108-Leipunskiy-40244077.1958                        1 2.00000E-01 2.00000E-01
n-Ag107-rp047108-Leipunskiy-40244098.1958                        2 2.70000E+00 4.00000E+00
n-Ag107-rp047108-Kononov-40421018.1958                           1 2.40000E-02 2.40000E-02
n-Ag107-rp047108-Bokhovko-40967002.1987                         58 4.50000E-03 3.90000E-01
