#              Filename                                         N    min         max
n-Cu063-MT016-Andreev-40212004.1968                              9 1.38700E+01 1.74000E+01
n-Cu063-MT016-Andreev-40212005.1968                              9 1.38700E+01 1.74000E+01
n-Cu063-MT016-Bormann-20835004.1969                              8 1.32100E+01 1.80400E+01
n-Cu063-MT016-Bormann-21339006.1962                              8 1.32000E+01 1.96000E+01
n-Cu063-MT016-Brolleyjr-11303003.1952                            6 1.32000E+01 2.71000E+01
n-Cu063-MT016-Cevolani-21266007.1962                             1 1.41300E+01 1.41300E+01
n-Cu063-MT016-Chatterjee-30061003.1967                           1 1.48000E+01 1.48000E+01
n-Cu063-MT016-Chatterjee-30612002.1969                           3 1.42000E+01 1.48000E+01
n-Cu063-MT016-Cohen-21115005.1956                               12 1.30500E+01 1.75500E+01
n-Cu063-MT016-Crumpton-20930002.1969                             2 1.47000E+01 1.48000E+01
n-Cu063-MT016-Csikai-30033014.1967                               1 1.40100E+01 1.40100E+01
n-Cu063-MT016-Csikai-30038007.1965                               1 1.46000E+01 1.46000E+01
n-Cu063-MT016-Cuzzocrea-20890005.1968                           27 1.37000E+01 1.46700E+01
n-Cu063-MT016-Dejuren-11411003.1960                              1 1.46000E+01 1.46000E+01
n-Cu063-MT016-Ercan-22338013.1991                                1 1.46000E+01 1.46000E+01
n-Cu063-MT016-Ferguson-11356004.1960                             7 1.24100E+01 1.79800E+01
n-Cu063-MT016-Forbes-11474006.1952                               1 1.41000E+01 1.41000E+01
n-Cu063-MT016-Fowler-11797002.1950                               5 1.14400E+01 1.27000E+01
n-Cu063-MT016-Frehaut-20416081.2016                              7 1.18800E+01 1.47600E+01
n-Cu063-MT016-Ghanbari-12950002.1986                             1 1.48000E+01 1.48000E+01
n-Cu063-MT016-Ghanbari-12950003.1986                             1 1.48000E+01 1.48000E+01
n-Cu063-MT016-Glover-31107003.1962                               5 1.38600E+01 1.47700E+01
n-Cu063-MT016-Glover-31107004.1962                               1 1.47700E+01 1.47700E+01
n-Cu063-MT016-Grimeland-20106007.1965                            1 1.48000E+01 1.48000E+01
n-Cu063-MT016-Grimeland-20106008.1965                            1 1.48000E+01 1.48000E+01
n-Cu063-MT016-Ikeda-22547002.1994                                8 1.33000E+01 1.49000E+01
n-Cu063-MT016-Ikeda-22547003.1994                                6 1.34000E+01 1.50000E+01
n-Cu063-MT016-Jarjis-21673003.1978                               5 1.32400E+01 1.59400E+01
n-Cu063-MT016-Jarjis-21673005.1978                              14 1.29200E+01 1.49100E+01
n-Cu063-MT016-Koehler-11785002.1962                              4 1.22500E+01 1.82000E+01
n-Cu063-MT016-Letessier-21401002.1964                            1 1.41000E+01 1.41000E+01
n-Cu063-MT016-Liskien-20377004.1965                             28 1.26000E+01 1.95800E+01
n-Cu063-MT016-MANJUSHREEMAJUMDERR-30296009.1977                  1 1.48000E+01 1.48000E+01
n-Cu063-MT016-Mannhart-22976025.2007                            13 1.11900E+01 1.43270E+01
n-Cu063-MT016-Mccrary-11268004.1960                              8 1.32000E+01 1.53400E+01
n-Cu063-MT016-Mogharrab-21509003.1972                            1 1.41000E+01 1.41000E+01
n-Cu063-MT016-Pansare-330010031.1993                             1 1.47000E+01 1.47000E+01
n-Cu063-MT016-Pansare-330010032.1993                             1 1.47000E+01 1.47000E+01
n-Cu063-MT016-Pasquarelli-20889023.1967                          1 1.47000E+01 1.47000E+01
n-Cu063-MT016-Paul-11274035.1953                                 1 1.45000E+01 1.45000E+01
n-Cu063-MT016-Pollehn-21352008.1961                              1 1.41000E+01 1.41000E+01
n-Cu063-MT016-Qaim-20536008.1972                                 1 1.47000E+01 1.47000E+01
n-Cu063-MT016-Rayburn-11784002.1963                             18 1.20500E+01 1.95700E+01
n-Cu063-MT016-Ryves-20772004.1978                                6 1.46700E+01 1.89500E+01
n-Cu063-MT016-Sakane-22662005.2001                               6 1.34000E+01 1.48700E+01
n-Cu063-MT016-Sakisaka-20329003.1961                             1 1.41000E+01 1.41000E+01
n-Cu063-MT016-Sigg-10776023.1976                                 1 1.46000E+01 1.46000E+01
n-Cu063-MT016-Sigg-10776023A001.1976                             1 1.46000E+01 1.46000E+01
n-Cu063-MT016-Uwamino-22703008.1992                             28 1.15000E+01 3.85000E+01
n-Cu063-MT016-Valkonen-20673008.1976                             1 1.47000E+01 1.47000E+01
n-Cu063-MT016-Yasumi-20280005.1957                               1 1.41000E+01 1.41000E+01
