#              Filename                                         N    min         max     
n-Ni060-rp027060-Cross-11696016.1963                             1 1.45000E+01 1.45000E+01
n-Ni060-rp027060-Greenwood-12977015.1987                         5 1.45000E+01 1.49000E+01
n-Ni060-rp027060-Vonach-13187003.1990                            5 7.71000E+00 1.20000E+01
n-Ni060-rp027060-Wagner-13557002.1991                            8 5.93100E+00 1.26400E+01
n-Ni060-rp027060-Paulsen-20388002.1967                          40 5.76000E+00 1.95500E+01
n-Ni060-rp027060-Paulsen-20390007.1967                           2 8.19000E+00 1.40000E+01
n-Ni060-rp027060-Hemingway-20527005.1973                         1 1.47000E+01 1.47000E+01
n-Ni060-rp027060-Molla-20721052.1977                             1 1.47000E+01 1.47000E+01
n-Ni060-rp027060-Weigel-21609004.1975                            1 1.44000E+01 1.44000E+01
n-Ni060-rp027060-Lees-21634005.1979                              1 1.47000E+01 1.47000E+01
n-Ni060-rp027060-Bahal-21936027.1985                             1 1.47000E+01 1.47000E+01
n-Ni060-rp027060-Konno-22637002.1993                             7 1.33200E+01 1.49100E+01
n-Ni060-rp027060-Meadows-22657004.1996                           1 1.47000E+01 1.47000E+01
n-Ni060-rp027060-Iwasaki-22751006.1993                           3 1.72220E+01 1.91150E+01
n-Ni060-rp027060-Molla-30825011.1986                             1 1.46000E+01 1.46000E+01
n-Ni060-rp027060-Sudar-30995002.1991                             9 5.42700E+00 1.23000E+01
n-Ni060-rp027060-Sudar-30995003.1991                            10 5.23000E+00 1.00800E+01
n-Ni060-rp027060-LuHanlinn-31444003.1994                         4 1.27300E+01 1.74100E+01
n-Ni060-rp027060-Osman-31464017.1996                             1 1.47000E+01 1.47000E+01
n-Ni060-rp027060-Doczi-31495015.1998                             3 1.38200E+01 1.46700E+01
n-Ni060-rp027060-WangYongchangg-32577002.1990                    6 1.36400E+01 1.48000E+01
n-Ni060-rp027060-LiTingyann-32593003.1992                        2 1.40900E+01 1.47700E+01
n-Ni060-rp027060-Maslov-40136010.1974                            1 1.42000E+01 1.42000E+01
n-Ni060-rp027060-Levkovskii-40226013.1970                        1 1.48000E+01 1.48000E+01
n-Ni060-rp027060-Filatenkov-41614029.2016                        8 1.34700E+01 1.48600E+01
