#              Filename                                         N    min         max
n-Mo100-MT102-Anand-30390008.1979                                1 2.50000E-02 2.50000E-02
n-Mo100-MT102-Decorte-23488037.1988                              1 2.53000E-08 2.53000E-08
n-Mo100-MT102-Farinaarbocco-23260078.2014                        1 2.53000E-08 2.53000E-08
n-Mo100-MT102-Farinaarbocco-23260079.2014                        9 2.53000E-08 2.53000E-08
n-Mo100-MT102-Gamgam-02042100.2024                               2 5.00000E-03 1.00000E-02
n-Mo100-MT102-Gleason-10662006.1977                              1 2.53000E-08 2.53000E-08
n-Mo100-MT102-Gleason-10662006A001.1977                          1 2.53000E-08 2.53000E-08
n-Mo100-MT102-Hummel-11010008.1951                               1 2.40000E-02 2.40000E-02
n-Mo100-MT102-Hummel-11010008A001.1951                           1 2.40000E-02 2.40000E-02
n-Mo100-MT102-Johnsrud-11675012.1959                            24 1.50000E-01 6.20000E+00
n-Mo100-MT102-Kadonis-01042100.2024                             20 5.00000E-03 1.00000E-01
n-Mo100-MT102-Kapchigashev-40663005.1963                        39 1.95000E-04 3.50000E-02
n-Mo100-MT102-Kononov-40421016.1958                              1 2.40000E-02 2.40000E-02
n-Mo100-MT102-Leipunskiy-40244076.1958                           1 2.00000E-01 2.00000E-01
n-Mo100-MT102-Leipunskiy-40244097.1958                           2 2.70000E+00 4.00000E+00
n-Mo100-MT102-Lyon-11407014.1959                                 1 1.95000E-01 1.95000E-01
n-Mo100-MT102-Macklin-11399023.1957                              2 2.40000E-02 2.40000E-02
n-Mo100-MT102-Musgrove-30357045.1976                            15 3.50000E-03 1.75000E-01
n-Mo100-MT102-Pasechnik-40336085.1958                            3 2.50000E+00 4.00000E+00
n-Mo100-MT102-Sriramachandramurty-31712008.1973                  1 2.40000E-02 2.40000E-02
n-Mo100-MT102-Tolstikov-40689003.1964                            8 5.00000E-03 1.60000E-01
n-Mo100-MT102-Trofimov-41001009.1987                             1 1.00000E+00 1.00000E+00
n-Mo100-MT102-Vervier-20205007.1959                              1 2.50000E-02 2.50000E-02
n-Mo100-MT102-Wagner-20718006.1980                               1 1.46000E+01 1.46000E+01
n-Mo100-MT102-Weston-11818004.1960                               9 4.00000E-03 1.50000E-01
n-Mo100-MT102-Wyrick-12831009.1982                               1 3.00000E-02 3.00000E-02
