#              Filename                                         N    min         max     
n-Al027-rp012027-Husain-10088002.1970                            1 1.48000E+01 1.48000E+01
n-Al027-rp012027-Salaita-10186004.1971                           1 1.48000E+01 1.48000E+01
n-Al027-rp012027-Smith-102380201.1975                           24 2.80500E+00 3.96200E+00
n-Al027-rp012027-Smith-102380211.1975                           40 4.01200E+00 5.92000E+00
n-Al027-rp012027-Smith-102380221.1975                           18 5.43700E+00 9.96000E+00
n-Al027-rp012027-Grundl-10417006.1967                           12 2.44000E+00 1.41000E+01
n-Al027-rp012027-Sigg-10776003.1976                              1 1.46000E+01 1.46000E+01
n-Al027-rp012027-Kantele-11196006.1962                           1 1.47000E+01 1.47000E+01
n-Al027-rp012027-Kantele-11196007.1962                           3 1.34000E+01 1.42000E+01
n-Al027-rp012027-Husain-10088002A001.1970                        1 1.48000E+01 1.48000E+01
n-Al027-rp012027-Salaita-10186004A001.1971                       1 1.48000E+01 1.48000E+01
n-Al027-rp012027-Smith-102380201A001.1975                       24 2.80500E+00 3.96200E+00
n-Al027-rp012027-Smith-102380211A001.1975                       40 4.01200E+00 5.92000E+00
n-Al027-rp012027-Smith-102380221A001.1975                       18 5.43700E+00 9.96000E+00
n-Al027-rp012027-Grundl-10417006A001.1967                       12 2.44000E+00 1.41000E+01
n-Al027-rp012027-Sigg-10776003A001.1976                          1 1.46000E+01 1.46000E+01
n-Al027-rp012027-Kantele-11196006A001.1962                       1 1.47000E+01 1.47000E+01
n-Al027-rp012027-Kantele-11196007A001.1962                       3 1.34000E+01 1.42000E+01
n-Al027-rp012027-Paul-11274010.1953                              1 1.45000E+01 1.45000E+01
n-Al027-rp012027-Hudsonjr-11453002.1959                          1 1.50000E+01 1.50000E+01
n-Al027-rp012027-Hudsonjr-11453003.1959                         28 1.30300E+01 1.70600E+01
n-Al027-rp012027-Hudsonjr-11453004.1959                          3 1.33000E+01 1.54000E+01
n-Al027-rp012027-Forbes-11474003.1952                            1 1.41000E+01 1.41000E+01
n-Al027-rp012027-Poularikas-11484003.1959                        1 1.48000E+01 1.48000E+01
n-Al027-rp012027-Hassler-11492004.1962                           1 1.44000E+01 1.44000E+01
n-Al027-rp012027-Gabbard-11494004.1962                          14 1.24000E+01 1.77000E+01
n-Al027-rp012027-Ferguson-11512004.1967                         40 1.23500E+01 1.38900E+01
n-Al027-rp012027-Ranakumar-11515002.1968                         1 1.44000E+01 1.44000E+01
n-Al027-rp012027-Henkel-11524002.1954                           38 2.63000E+00 5.18000E+00
n-Al027-rp012027-Harper-12730002.1982                            1 1.42000E+01 1.42000E+01
n-Al027-rp012027-Welch-12912002.1981                             2 2.00000E+01 2.30000E+01
n-Al027-rp012027-Meadows-12969002.1987                           1 1.47400E+01 1.47400E+01
n-Al027-rp012027-Yasumi-20280002.1957                            1 1.41000E+01 1.41000E+01
n-Al027-rp012027-Sakisaka-20329002.1961                          1 1.41000E+01 1.41000E+01
n-Al027-rp012027-Robertson-20799005.1973                         1 1.47800E+01 1.47800E+01
n-Al027-rp012027-Robertson-20822007.1972                        18 4.30000E+00 5.27000E+00
n-Al027-rp012027-Andersson-20842002.1978                         1 1.49000E+01 1.49000E+01
n-Al027-rp012027-Ryves-20867005.1978                             4 1.46500E+01 1.90000E+01
n-Al027-rp012027-Bonazzola-20888003.1964                         1 1.47000E+01 1.47000E+01
n-Al027-rp012027-Cuzzocrea-20890002.1968                        27 1.37000E+01 1.46700E+01
n-Al027-rp012027-LANGMANN-20903003.1962                          1 1.41000E+01 1.41000E+01
n-Al027-rp012027-Mani-20921002.1960                             17 1.19200E+01 2.07200E+01
n-Al027-rp012027-Calvi-20924003.1962                            49 2.62200E+00 5.10000E+00
n-Al027-rp012027-Bass-20928006.1966                            121 6.00000E+00 9.00000E+00
n-Al027-rp012027-Mostafa-21049002.1976                           6 4.42000E+00 8.35000E+00
n-Al027-rp012027-Pollehn-21352013.1961                           1 1.41000E+01 1.41000E+01
n-Al027-rp012027-Depraz-21419003.1960                            1 1.50000E+01 1.50000E+01
n-Al027-rp012027-Mogharrab-21509002.1972                         1 1.41000E+01 1.41000E+01
n-Al027-rp012027-Jarjis-21673002.1978                            5 1.29300E+01 1.59600E+01
n-Al027-rp012027-Jarjis-21673004.1978                            9 1.34300E+01 1.49200E+01
n-Al027-rp012027-Schantl-21846014.1970                           1 1.47000E+01 1.47000E+01
n-Al027-rp012027-Hussain-21879002.1983                          13 2.99200E+00 4.50400E+00
n-Al027-rp012027-Enz-22012002.1985                               7 6.36000E+00 8.29000E+00
n-Al027-rp012027-Tahir-22028002.1985                             9 1.34400E+01 1.49000E+01
n-Al027-rp012027-Tahir-22028003.1985                             9 1.34400E+01 1.49000E+01
n-Al027-rp012027-Tahir-22028004.1985                             9 1.34400E+01 1.49000E+01
n-Al027-rp012027-Tahir-22028005.1985                             9 1.34400E+01 1.49000E+01
n-Al027-rp012027-Tahir-22028006.1985                             9 1.34400E+01 1.49000E+01
n-Al027-rp012027-Ikeda-22089007.1988                             6 1.33300E+01 1.49300E+01
n-Al027-rp012027-Kimura-22093004.1990                            1 1.40500E+01 1.40500E+01
n-Al027-rp012027-Kudo-22094002.1988                              1 4.99200E+00 4.99200E+00
n-Al027-rp012027-Kudo-22094003.1988                              6 1.46000E+01 1.98700E+01
n-Al027-rp012027-Ikeda-22312003.1993                             8 1.33300E+01 1.49100E+01
n-Al027-rp012027-Ercan-22338030.1991                             1 1.46000E+01 1.46000E+01
n-Al027-rp012027-Fessler-22414006.2000                           5 1.60100E+01 2.01710E+01
n-Al027-rp012027-Qaim-22623002.1982                              1 1.47000E+01 1.47000E+01
n-Al027-rp012027-Kobayashi-22624002.1985                         1 1.41000E+01 1.41000E+01
n-Al027-rp012027-Senga-22759002.2000                             2 3.24820E+00 4.06860E+00
n-Al027-rp012027-Senga-22759003.2000                             3 2.78470E+00 3.28430E+00
n-Al027-rp012027-Senga-22759004.2000                             5 4.09030E+00 6.41220E+00
n-Al027-rp012027-Shimizu-22837002.2004                           4 2.46000E+00 3.09000E+00
n-Al027-rp012027-Kawade-22860003.2003                            6 1.33800E+01 1.48800E+01
n-Al027-rp012027-Mannhart-22976003.2007                         24 7.98000E+00 1.49210E+01
n-Al027-rp012027-Furuta-23032002.2008                           22 3.20000E+00 5.93000E+00
n-Al027-rp012027-Tiwari-30011002.1968                            1 1.42000E+01 1.42000E+01
n-Al027-rp012027-Mitra-30013005.1966                             1 1.48000E+01 1.48000E+01
n-Al027-rp012027-Ramaprasad-30088007.1969                        1 1.42000E+01 1.42000E+01
n-Al027-rp012027-Csikai-30118006.1963                            1 1.46000E+01 1.46000E+01
n-Al027-rp012027-Dresler-30263003.1973                           1 1.46000E+01 1.46000E+01
n-Al027-rp012027-Prasad-30336005.1971                            1 1.48000E+01 1.48000E+01
n-Al027-rp012027-Khurana-30403003.1959                           1 1.40000E+01 1.40000E+01
n-Al027-rp012027-ChiFongAiii-30457002.1977                      16 2.78000E+00 4.59000E+00
n-Al027-rp012027-Lakshmanadas-30517002.1978                      1 1.42000E+01 1.42000E+01
n-Al027-rp012027-Ghose-30554002.1978                             1 8.40000E+00 8.40000E+00
n-Al027-rp012027-Ngoc-30562003.1980                              1 1.46000E+01 1.46000E+01
n-Al027-rp012027-Csikai-30640003.1982                            6 1.35000E+01 1.47800E+01
n-Al027-rp012027-Gupta-30707004.1985                             1 1.48000E+01 1.48000E+01
n-Al027-rp012027-Garlea-30804002.1985                            1 1.48000E+01 1.48000E+01
n-Al027-rp012027-Chimoye-30821003.1986                           5 1.38400E+01 1.47100E+01
n-Al027-rp012027-Csikai-30933003.1986                           12 1.34000E+01 1.48300E+01
n-Al027-rp012027-Mukherjee-31161002.1961                         1 1.48000E+01 1.48000E+01
n-Al027-rp012027-Garlea-31459009.1992                            1 1.48000E+01 1.48000E+01
n-Al027-rp012027-Belgaid-31524003.1992                           1 1.47300E+01 1.47300E+01
n-Al027-rp012027-HongyuZhouu-31528011.1997                       1 1.49000E+01 1.49000E+01
n-Al027-rp012027-Vrzalova-317140091.2013                         2 3.04000E+01 3.59000E+01
n-Al027-rp012027-Vrzalova-317140092.2013                         5 4.70000E+01 9.40000E+01
n-Al027-rp012027-Jarosik-31842016.2022                           3 1.75000E+01 2.75000E+01
n-Al027-rp012027-Bradley-32106003.1985                           3 8.60000E+00 1.21000E+01
n-Al027-rp012027-Pansare-330870021.1991                          1 1.47000E+01 1.47000E+01
n-Al027-rp012027-Pansare-330870022.1991                          1 1.47000E+01 1.47000E+01
n-Al027-rp012027-Nemilov-40135003.1974                           4 8.00000E+00 9.30000E+00
n-Al027-rp012027-Aleksandrov-40433003.1975                       1 1.41000E+01 1.41000E+01
n-Al027-rp012027-Melentev-40471002.1978                          1 1.49000E+01 1.49000E+01
n-Al027-rp012027-Shchebolev-40676002.1983                        1 1.48000E+01 1.48000E+01
n-Al027-rp012027-Shchebolev-40676003.1983                        1 1.48000E+01 1.48000E+01
n-Al027-rp012027-Shchebolev-40676004.1983                        1 1.48000E+01 1.48000E+01
n-Al027-rp012027-Chursin-40798008.1963                           1 1.45000E+01 1.45000E+01
n-Al027-rp012027-Filatenkov-41614004.2016                        8 1.34700E+01 1.48100E+01
