#              Filename                                         N    min         max
p-C012-MT003-Auce-D0356002.2005                                  6 8.10000E+01 1.80000E+02
p-C012-MT003-Burge-O1946002.1959                                 2 2.50000E+01 5.40000E+01
p-C012-MT003-Cassels-O1947002.1954                               1 1.34000E+02 1.34000E+02
p-C012-MT003-Dicello-O0341002.1970                              10 9.88000E+00 1.94600E+01
p-C012-MT003-Gooding-O0732002.1959                               1 3.40000E+01 3.40000E+01
p-C012-MT003-Ingemarsson-O0579003.1999                           1 6.55000E+01 6.55000E+01
p-C012-MT003-Kirkby-O0340003.1966                                1 9.91000E+01 9.91000E+01
p-C012-MT003-Makino-O0369002.1964                                1 2.90000E+01 2.90000E+01
p-C012-MT003-Menet-O0081002.1971                                 4 3.00000E+01 6.08000E+01
p-C012-MT003-Menet-O0743002.1969                                 1 6.00000E+01 6.00000E+01
p-C012-MT003-Meyer-O0475002.1960                                 1 6.10000E+01 6.10000E+01
p-C012-MT003-Pollock-O0368002.1965                               1 1.64800E+01 1.64800E+01
p-C012-MT003-Renberg-O0213003.1972                               8 2.31000E+02 5.52000E+02
p-C012-MT003-Slaus-C18620021.1975                               20 2.17000E+01 2.75000E+01
p-C012-MT003-Slaus-C18620022.1975                               20 2.21000E+01 3.52000E+01
p-C012-MT003-Taylor-O0247008.1961                                1 1.37000E+02 1.37000E+02
p-C012-MT003-Trzaska-O0837005.1991                               2 8.00000E+02 1.60000E+03
p-C012-MT003-Wilkins-O0741003.1963                               2 9.94000E+00 1.01600E+01
