#              Filename                                         N    min         max
n-F019-MT001-Abfalterer-13753009.2001                          467 5.29300E+00 5.59100E+02
n-F019-MT001-Abfalterer-13794003.2000                         1977 7.50000E-01 1.12860E+01
n-F019-MT001-Ambrosino-21225004.1965                             1 2.76800E+00 2.76800E+00
n-F019-MT001-Angeli-30113005.1970                                1 1.45000E+01 1.45000E+01
n-F019-MT001-Artemov-31807003.2020                               1 1.41000E+01 1.41000E+01
n-F019-MT001-Becker-11093009.1956                               39 4.38000E+00 5.59500E+00
n-F019-MT001-Becker-11093009A001.1956                           39 4.38000E+00 5.59500E+00
n-F019-MT001-Bilpuch-11427002.1964                             201 4.60000E-02 2.00000E-01
n-F019-MT001-Bockelman-11208005.1950                            48 1.00000E-02 6.90000E-01
n-F019-MT001-Bockelman-11208005A001.1950                        48 1.00000E-02 6.90000E-01
n-F019-MT001-Bondelid-11221004.1957                             41 3.78000E+00 8.09000E+00
n-F019-MT001-Bondelid-11221004A001.1957                         41 3.78000E+00 8.09000E+00
n-F019-MT001-Bratenahl-11155008.1958                             7 7.01000E+00 1.43100E+01
n-F019-MT001-Bratenahl-11155008A001.1958                         7 7.01000E+00 1.43100E+01
n-F019-MT001-Cabe-20479002.1967                                163 4.67000E-01 1.14000E+00
n-F019-MT001-Coon-12524010.1952                                  1 1.41200E+01 1.41200E+01
n-F019-MT001-Day-11068005.1953                                   1 1.90000E+01 1.90000E+01
n-F019-MT001-Day-11068005A001.1953                               1 1.90000E+01 1.90000E+01
n-F019-MT001-Dilg-20602003.1974                                  1 1.88000E-05 1.88000E-05
n-F019-MT001-Fields-11260006.1947                                5 2.40000E-02 8.30000E-01
n-F019-MT001-Fosterjr-10047012.1971                            244 2.25400E+00 1.49440E+01
n-F019-MT001-Fosterjr-10047012A001.1971                        244 2.25400E+00 1.49440E+01
n-F019-MT001-Hibdon-11122006.1964                              829 1.00000E-03 3.00500E-01
n-F019-MT001-Hibdon-11122006A001.1964                          829 1.00000E-03 3.00500E-01
n-F019-MT001-Hibdon-11122007.1964                               13 2.62500E-02 2.76000E-02
n-F019-MT001-Hibdon-11122007A001.1964                           13 2.62500E-02 2.76000E-02
n-F019-MT001-Hibdon-11244005.1955                              105 5.70000E-04 1.61000E-01
n-F019-MT001-Hibdon-11261006.1949                                2 1.20000E-04 3.45000E-04
n-F019-MT001-Hildebrand-11039010.1950                            1 4.20000E+01 4.20000E+01
n-F019-MT001-Hildebrand-11039010A001.1950                        1 4.20000E+01 4.20000E+01
n-F019-MT001-Hunyadi-30173004.1968                              21 1.37300E+01 1.46000E+01
n-F019-MT001-Koester-21660016.1979                               2 1.26000E-06 5.19000E-06
n-F019-MT001-Koester-22217007.1990                               1 1.97000E-03 1.97000E-03
n-F019-MT001-Larson-10778002.1976                             2389 4.55750E-06 2.18230E+01
n-F019-MT001-Larson-10778002A001.1976                         2389 4.55750E-06 2.18230E+01
n-F019-MT001-Nereson-11308003.1954                              30 2.75200E+00 1.31790E+01
n-F019-MT001-Newson-11368003.1961                              108 1.50000E-03 1.25000E-01
n-F019-MT001-Patterson-11589010.1957                           114 1.30200E-01 3.93000E-01
n-F019-MT001-Peterson-11108010.1960                              4 1.77000E+01 2.91000E+01
n-F019-MT001-Peterson-11108010A001.1960                          4 1.77000E+01 2.91000E+01
n-F019-MT001-Rainwater-11145003.1948                            25 2.05000E-08 3.71000E-05
n-F019-MT001-Rainwater-11145003A001.1948                        25 2.05000E-08 3.71000E-05
n-F019-MT001-Singh-10499003.1974                                 7 7.02000E-02 1.83200E-01
n-F019-MT001-Singh-10499003A001.1974                             7 7.02000E-02 1.83200E-01
n-F019-MT001-Singh-10499004.1974                                 9 7.79000E-03 5.28000E-02
n-F019-MT001-Singh-10499004A001.1974                             9 7.79000E-03 5.28000E-02
n-F019-MT001-Singh-10499005.1974                                11 5.42000E-04 2.24000E-02
n-F019-MT001-Singh-10499005A001.1974                            11 5.42000E-04 2.24000E-02
n-F019-MT001-Singh-10499006.1974                               297 5.68413E-04 1.97332E-01
n-F019-MT001-Singh-10499006A001.1974                           297 5.68413E-04 1.97332E-01
n-F019-MT001-Sorriaux-21176003.1965                              9 2.60600E+00 2.85000E+00
n-F019-MT001-Tsukada-20288005.1960                              97 3.37000E+00 5.07000E+00
n-F019-MT001-Tsukada-20288006.1960                              40 3.42000E+00 4.69500E+00
n-F019-MT001-Whalen-11425002.1968                              548 1.00100E-01 6.48900E-01
n-F019-MT001-Willsjr-11319006.1958                             220 6.00000E-01 4.93000E+00
