#              Filename                                         N    min         max     
n-Ni058-rp028057-Barrall-10022014.1969                           1 1.46000E+01 1.46000E+01
n-Ni058-rp028057-Barrall-10031009.1969                           1 1.48000E+01 1.48000E+01
n-Ni058-rp028057-Fink-10484002.1970                              1 1.44000E+01 1.44000E+01
n-Ni058-rp028057-Bayhurst-10536005.1975                          7 1.72300E+01 2.44900E+01
n-Ni058-rp028057-Bayhurst-10536006.1975                          2 1.62100E+01 2.80500E+01
n-Ni058-rp028057-Bayhurst-10536007.1975                          1 2.60600E+01 2.60600E+01
n-Ni058-rp028057-Sigg-10776022.1976                              1 1.46000E+01 1.46000E+01
n-Ni058-rp028057-Hudson-10836004.1978                            5 1.33000E+01 1.71000E+01
n-Ni058-rp028057-Barrall-10022014A001.1969                       1 1.46000E+01 1.46000E+01
n-Ni058-rp028057-Barrall-10031009A001.1969                       1 1.48000E+01 1.48000E+01
n-Ni058-rp028057-Fink-10484002A001.1970                          1 1.44000E+01 1.44000E+01
n-Ni058-rp028057-Bayhurst-10536005A001.1975                      7 1.72300E+01 2.44900E+01
n-Ni058-rp028057-Bayhurst-10536006A001.1975                      2 1.62100E+01 2.80500E+01
n-Ni058-rp028057-Bayhurst-10536007A001.1975                      1 2.60600E+01 2.60600E+01
n-Ni058-rp028057-Sigg-10776022A001.1976                          1 1.46000E+01 1.46000E+01
n-Ni058-rp028057-Hudson-10836004A001.1978                        5 1.33000E+01 1.71000E+01
n-Ni058-rp028057-Paul-11274033.1953                              1 1.45000E+01 1.45000E+01
n-Ni058-rp028057-Rayburn-11328012.1961                           1 1.44000E+01 1.44000E+01
n-Ni058-rp028057-Bramlitt-11590018.1963                          1 1.47000E+01 1.47000E+01
n-Ni058-rp028057-Prestwood-11645006.1961                         9 1.35200E+01 1.97600E+01
n-Ni058-rp028057-Cross-11696014.1963                             1 1.45000E+01 1.45000E+01
n-Ni058-rp028057-Preiss-11740007.1960                            1 1.48000E+01 1.48000E+01
n-Ni058-rp028057-Temperley-11761003.1968                         6 1.37200E+01 1.47900E+01
n-Ni058-rp028057-Harper-12730003.1982                            1 1.42000E+01 1.42000E+01
n-Ni058-rp028057-Spangler-12956004.1975                          1 1.41000E+01 1.41000E+01
n-Ni058-rp028057-Meadows-12969017.1987                           1 1.47400E+01 1.47400E+01
n-Ni058-rp028057-Greenwood-12977014.1987                         5 1.45000E+01 1.49000E+01
n-Ni058-rp028057-Champine-14447004.2016                          5 1.73500E+01 2.13100E+01
n-Ni058-rp028057-Paulsen-20386002.1965                          25 1.29800E+01 1.95800E+01
n-Ni058-rp028057-Hemingway-20527002.1973                         1 1.47000E+01 1.47000E+01
n-Ni058-rp028057-Molla-20721028.1977                             1 1.47000E+01 1.47000E+01
n-Ni058-rp028057-Bormann-20900003.1966                          10 1.29500E+01 1.96000E+01
n-Ni058-rp028057-Jeronymo-20922009.1963                          8 1.25500E+01 2.10000E+01
n-Ni058-rp028057-Bahal-21936028.1985                             1 1.47000E+01 1.47000E+01
n-Ni058-rp028057-Ikeda-21945004.1986                            11 1.35400E+01 1.49200E+01
n-Ni058-rp028057-Pavlik-21965002.1985                           11 1.33050E+01 1.95700E+01
n-Ni058-rp028057-Pavlik-21965003.1985                           18 1.34700E+01 1.48300E+01
n-Ni058-rp028057-Ikeda-22089047.1988                            22 1.35500E+01 1.49600E+01
n-Ni058-rp028057-Kimura-22093014.1990                            1 1.40500E+01 1.40500E+01
n-Ni058-rp028057-Ercan-22338006.1991                             1 1.46000E+01 1.46000E+01
n-Ni058-rp028057-Kobayashi-22624004.1985                         1 1.41000E+01 1.41000E+01
n-Ni058-rp028057-Uno-22702010.1996                               5 1.76000E+01 3.83000E+01
n-Ni058-rp028057-Iwasaki-22752003.1994                           8 1.26870E+01 1.94180E+01
n-Ni058-rp028057-Sakuma-22754008.1992                            3 1.72030E+01 1.91340E+01
n-Ni058-rp028057-Semkova-22820007.2004                           9 1.48100E+01 2.02500E+01
n-Ni058-rp028057-Mannhart-22976022.2007                          9 1.25210E+01 1.44210E+01
n-Ni058-rp028057-Uno-23279018.1996                               6 1.75500E+01 3.00900E+01
n-Ni058-rp028057-Csikai-30033013.1967                            1 1.54000E+01 1.54000E+01
n-Ni058-rp028057-Csikai-30038006.1965                            1 1.46000E+01 1.46000E+01
n-Ni058-rp028057-Chojnacki-30080002.1965                         7 1.33000E+01 1.55000E+01
n-Ni058-rp028057-Araminowicz-30264014.1973                       1 1.46000E+01 1.46000E+01
n-Ni058-rp028057-Adamski-303920021.1980                          4 1.40000E+01 1.79000E+01
n-Ni058-rp028057-Adamski-303920022.1980                          2 1.74000E+01 1.79000E+01
n-Ni058-rp028057-Ngoc-30562016.1980                              6 1.35500E+01 1.47100E+01
n-Ni058-rp028057-Molla-30577004.1983                             1 1.48000E+01 1.48000E+01
n-Ni058-rp028057-Raics-30604002.1981                             5 1.35200E+01 1.48000E+01
n-Ni058-rp028057-ZhaoWenrongg-30637003.1989                     13 1.27900E+01 1.82600E+01
n-Ni058-rp028057-Csikai-30640005.1982                            6 1.35000E+01 1.47800E+01
n-Ni058-rp028057-ZhouMuyaoo-30755007.1987                        1 1.46000E+01 1.46000E+01
n-Ni058-rp028057-Garlea-30804005.1985                            1 1.48000E+01 1.48000E+01
n-Ni058-rp028057-Ribansky-30811002.1985                          1 1.48000E+01 1.48000E+01
n-Ni058-rp028057-Ramarao-30938002.1986                           1 1.40000E+01 1.40000E+01
n-Ni058-rp028057-Viennot-30978015.1991                           6 1.37700E+01 1.48300E+01
n-Ni058-rp028057-Molla-30985012.1991                             5 1.36400E+01 1.48300E+01
n-Ni058-rp028057-Purser-31038003.1959                            1 1.41000E+01 1.41000E+01
n-Ni058-rp028057-Glover-31107012.1962                            9 1.38600E+01 1.48800E+01
n-Ni058-rp028057-Garlea-31459016.1992                            1 1.48000E+01 1.48000E+01
n-Ni058-rp028057-Osman-314640191.1996                            1 1.47000E+01 1.47000E+01
n-Ni058-rp028057-Osman-314640192.1996                            1 1.47000E+01 1.47000E+01
n-Ni058-rp028057-Belgaid-31524016.1992                           1 1.47300E+01 1.47300E+01
n-Ni058-rp028057-Hafiz-31598002.2007                             5 1.39000E+01 1.47000E+01
n-Ni058-rp028057-Harunarrashid-31600002.2006                     1 1.48000E+01 1.48000E+01
n-Ni058-rp028057-LiGuozhengg-31646002.1990                       2 1.41000E+01 1.46200E+01
n-Ni058-rp028057-LiGuozhengg-31646003.1990                       1 1.41000E+01 1.41000E+01
n-Ni058-rp028057-Vrzalova-31714034.2013                          3 1.75000E+01 3.59000E+01
n-Ni058-rp028057-YuanJunqiann-32592005.1992                      6 1.36400E+01 1.46200E+01
n-Ni058-rp028057-Pansare-330010041.1993                          1 1.47000E+01 1.47000E+01
n-Ni058-rp028057-Pansare-330010042.1993                          1 1.47000E+01 1.47000E+01
n-Ni058-rp028057-Pasha-33143003.2020                             1 1.45400E+01 1.45400E+01
n-Ni058-rp028057-Filatenkov-41614028.2016                       15 1.34700E+01 1.48600E+01
