#              Filename                                         N    min         max
n-Mo092-MT016m-Amemiya-218400022.1982                            1 1.48000E+01 1.48000E+01
n-Mo092-MT016m-Bacso-30095003.1965                               1 1.48000E+01 1.48000E+01
n-Mo092-MT016m-Belgaid-31524017.1992                             1 1.47300E+01 1.47300E+01
n-Mo092-MT016m-Filatenkov-41614068.2016                          7 1.36600E+01 1.48100E+01
n-Mo092-MT016m-Fujino-20850017.1977                              1 1.46000E+01 1.46000E+01
n-Mo092-MT016m-Garlea-31459002.1992                              1 1.48000E+01 1.48000E+01
n-Mo092-MT016m-Gueltekin-22392005.2001                           6 1.36000E+01 1.48600E+01
n-Mo092-MT016m-Hasan-30041005.1972                               1 1.48000E+01 1.48000E+01
n-Mo092-MT016m-Ikeda-22089067.1988                               4 1.41400E+01 1.50100E+01
n-Mo092-MT016m-Kanda-20338008.1972                              21 1.34100E+01 1.49200E+01
n-Mo092-MT016m-Lu-10497006.1970                                  1 1.44000E+01 1.44000E+01
n-Mo092-MT016m-Lu-10497006A001.1970                              1 1.44000E+01 1.44000E+01
n-Mo092-MT016m-Marcinkowski-30809012.1986                        7 1.34000E+01 1.66000E+01
n-Mo092-MT016m-Minetti-20891015.1968                             1 1.47000E+01 1.47000E+01
n-Mo092-MT016m-Prasad-30014007.1967                              1 1.48000E+01 1.48000E+01
n-Mo092-MT016m-Qaim-20536018.1972                                1 1.47000E+01 1.47000E+01
n-Mo092-MT016m-Reimer-22889004.2005                              4 1.61000E+01 2.05000E+01
n-Mo092-MT016m-Sigg-10477010.1975                                1 1.48000E+01 1.48000E+01
n-Mo092-MT016m-Sigg-10477010A001.1975                            1 1.48000E+01 1.48000E+01
n-Mo092-MT016m-Srinivasarao-30576003.1981                        1 1.42000E+01 1.42000E+01
