#              Filename                                         N    min         max
n-Bi209-MT001-Ageno-21263009.1953                                1 1.40000E+01 1.40000E+01
n-Bi209-MT001-Ai-30297004.1974                                  33 1.00000E+00 4.83000E+00
n-Bi209-MT001-Alexandrov-41382009.1997                          42 1.02100E-06 9.49400E-05
n-Bi209-MT001-Anderson-14689008.1946                             2 1.55160E-09 2.53000E-08
n-Bi209-MT001-Angeli-30141016.1971                               1 1.47000E+01 1.47000E+01
n-Bi209-MT001-Barschall-12227002.1948                           15 1.79967E-01 1.38700E+00
n-Bi209-MT001-Barschall-12227005.1948                           50 9.33100E-03 5.00713E-01
n-Bi209-MT001-Barschall-12227008.1948                           52 9.19900E-03 4.97275E-01
n-Bi209-MT001-Barschall-12228003.1949                           43 8.50000E-02 5.30000E-01
n-Bi209-MT001-Bessheyko-41250006.1992                            1 1.45700E+01 1.45700E+01
n-Bi209-MT001-Beyster-11220034.1956                             46 1.51000E-01 1.39950E+01
n-Bi209-MT001-Beyster-11220034A001.1956                         46 1.51000E-01 1.39950E+01
n-Bi209-MT001-Bollinger-11690006.1955                           67 1.52000E-06 9.85000E-03
n-Bi209-MT001-Bollinger-116900072.1955                           2 8.10000E-04 2.37000E-03
n-Bi209-MT001-Bratenahl-11155032.1958                            5 7.01000E+00 1.43700E+01
n-Bi209-MT001-Bratenahl-11155032A001.1958                        5 7.01000E+00 1.43700E+01
n-Bi209-MT001-Carlson-11497032.1967                            164 2.46300E+00 7.54300E+00
n-Bi209-MT001-Carpenter-13850011.1959                            1 1.11000E+02 1.11000E+02
n-Bi209-MT001-Cierjacks-20010009.1968                         5632 4.20080E-01 3.19740E+01
n-Bi209-MT001-Coon-12524054.1952                                 1 1.41200E+01 1.41200E+01
n-Bi209-MT001-Coor-11087017.1955                                 1 1.40000E+03 1.40000E+03
n-Bi209-MT001-Coor-11087017A001.1955                             1 1.40000E+03 1.40000E+03
n-Bi209-MT001-Das-13199002.1990                                 97 8.30000E-01 6.01536E+01
n-Bi209-MT001-Das-13199004.1990                               3651 4.66540E-02 6.95470E+01
n-Bi209-MT001-Day-11068013.1953                                  1 1.90000E+01 1.90000E+01
n-Bi209-MT001-Day-11068013A001.1953                              1 1.90000E+01 1.90000E+01
n-Bi209-MT001-Day-12191012.1965                                  4 5.00000E-01 4.10000E+00
n-Bi209-MT001-Deconninck-20172006.1958                           5 2.16000E+00 3.10000E+00
n-Bi209-MT001-Dilg-21353008.1971                                 1 1.30000E-04 1.30000E-04
n-Bi209-MT001-Divadeenam-10523020.1968                         109 1.10000E-01 6.50000E-01
n-Bi209-MT001-Divadeenam-10523020A001.1968                     109 1.10000E-01 6.50000E-01
n-Bi209-MT001-Drigo-20664007.1973                                1 2.45000E+00 2.45000E+00
n-Bi209-MT001-Dukarevich-40813038.1967                           1 1.42000E+01 1.42000E+01
n-Bi209-MT001-Egelstaff-21037011.1955                           49 1.44000E-04 2.86000E-01
n-Bi209-MT001-Egelstaff-21278021.1953                           14 1.67000E-09 5.42000E-09
n-Bi209-MT001-Egelstaff-21278022.1953                           13 8.70000E-10 8.35000E-08
n-Bi209-MT001-Egelstaff-21278023.1953                           42 1.71000E-09 4.93000E-08
n-Bi209-MT001-Fermi-146900051.1947                               1 2.52469E-08 2.52469E-08
n-Bi209-MT001-Fermi-146900052.1947                               1 2.52469E-08 2.52469E-08
n-Bi209-MT001-Fermi-146900053.1947                               1 2.52469E-08 2.52469E-08
n-Bi209-MT001-Fields-11260023.1947                               5 2.40000E-02 8.30000E-01
n-Bi209-MT001-Finlay-13569019.1993                             474 5.29253E+00 5.99640E+02
n-Bi209-MT001-Firk-21318002.1963                                97 9.35000E-03 1.87300E-02
n-Bi209-MT001-Fosterjr-10047093.1971                           236 2.37600E+00 1.48960E+01
n-Bi209-MT001-Fosterjr-10047093A001.1971                       236 2.37600E+00 1.48960E+01
n-Bi209-MT001-Franz-22117014.1988                               22 1.60000E+02 5.75000E+02
n-Bi209-MT001-Garg-11646021.1964                              2726 5.00500E-04 1.54400E-01
n-Bi209-MT001-Gibbons-11864004.1956                            128 7.00000E-04 7.97500E-02
n-Bi209-MT001-Giordano-20806013.1978                             1 2.50000E+00 2.50000E+00
n-Bi209-MT001-Good-11402025.1958                                18 2.15000E-03 2.57000E-03
n-Bi209-MT001-Goodman-11057021.1952                              1 1.40000E+01 1.40000E+01
n-Bi209-MT001-Goodman-11057021A001.1952                          1 1.40000E+01 1.40000E+01
n-Bi209-MT001-Gorlov-403070231.1968                              1 4.00000E+00 4.00000E+00
n-Bi209-MT001-Gorlov-41311013.1967                               1 4.00000E+00 4.00000E+00
n-Bi209-MT001-Hanstein-12589012.1941                             1 9.00000E-07 9.00000E-07
n-Bi209-MT001-Harvey-10449003.1975                            4194 1.05030E-02 1.92170E+00
n-Bi209-MT001-Harvey-10449003A001.1975                        4194 1.05030E-02 1.92170E+00
n-Bi209-MT001-Harvey-12816002.1972                            2369 1.85630E-06 2.49790E-02
n-Bi209-MT001-Harvey-13733010.1982                             322 3.04500E-09 2.30060E-08
n-Bi209-MT001-Harvey-13761011.1977                            3574 6.00600E-09 2.56120E-02
n-Bi209-MT001-Havensjr-11795004.1948                            18 1.84000E-07 2.35000E-05
n-Bi209-MT001-Hibdon-11244009.1955                              34 1.17000E-02 5.10000E-02
n-Bi209-MT001-Hibdon-11261037.1949                               2 1.20000E-04 3.45000E-04
n-Bi209-MT001-Hildebrand-11039032.1950                           1 4.20000E+01 4.20000E+01
n-Bi209-MT001-Hildebrand-11039032A001.1950                       1 4.20000E+01 4.20000E+01
n-Bi209-MT001-Kato-12671002.1953                                27 5.29000E-05 7.54000E-04
n-Bi209-MT001-Khaletskij-40709010.1956                           1 1.48000E+01 1.48000E+01
n-Bi209-MT001-Kim-30831003.2011                                500 6.82500E-01 1.22450E+00
n-Bi209-MT001-Kimball-12234002.1957                              1 2.20000E-01 2.20000E-01
n-Bi209-MT001-Koester-22104004.1988                              6 1.26000E-06 1.43000E-01
n-Bi209-MT001-Koester-22217023.1990                              1 1.97000E-03 1.97000E-03
n-Bi209-MT001-Koester-22716006.1995                              5 1.26000E-06 1.97000E-03
n-Bi209-MT001-Kuijper-20223011.1972                              1 1.47600E+01 1.47600E+01
n-Bi209-MT001-Linlor-12205002.1953                              10 4.60000E+01 1.62000E+02
n-Bi209-MT001-Manero-20209005.1965                              37 3.19000E+00 5.15000E+00
n-Bi209-MT001-Mazari-30037015.1955                               7 1.30000E+01 1.62000E+01
n-Bi209-MT001-Mcgarry-13050002.1955                              1 1.40000E+01 1.40000E+01
n-Bi209-MT001-Miller-11712024.1952                              14 1.00500E+00 3.21000E+00
n-Bi209-MT001-Nereson-11060012.1953                             34 2.92000E+00 1.31340E+01
n-Bi209-MT001-Nereson-11060012A001.1953                         34 2.92000E+00 1.31340E+01
n-Bi209-MT001-Ortega-30378004.1975                              11 1.84400E+01 2.19500E+01
n-Bi209-MT001-Peterson-11108040.1960                             4 1.73000E+01 2.89000E+01
n-Bi209-MT001-Peterson-11108040A001.1960                         4 1.73000E+01 2.89000E+01
n-Bi209-MT001-Popov-40932002.1985                               78 3.48000E-07 1.05000E-04
n-Bi209-MT001-Rayburn-11026032.1965                              1 1.44000E-06 1.44000E-06
n-Bi209-MT001-Rayburn-11026032A001.1965                          1 1.44000E-06 1.44000E-06
n-Bi209-MT001-Sailor-11344003.1955                               1 4.89700E-06 4.89700E-06
n-Bi209-MT001-Schimmerling-10082012.1973                        15 3.79000E+02 1.73100E+03
n-Bi209-MT001-Schimmerling-10082012A001.1973                    15 3.79000E+02 1.73100E+03
n-Bi209-MT001-Seibel-13012002.1967                             429 1.72000E-01 6.00000E-01
n-Bi209-MT001-Seth-11788020.1958                                36 2.64000E-05 1.67000E-03
n-Bi209-MT001-ShenGuanrenn-32580009.1992                         1 1.42000E+01 1.42000E+01
n-Bi209-MT001-Singh-10539004.1976                              634 5.07340E-04 7.49323E-02
n-Bi209-MT001-Singh-10539004A001.1976                          634 5.07340E-04 7.49323E-02
n-Bi209-MT001-Smith-10010008.1970                              650 5.00060E-01 1.19900E+00
n-Bi209-MT001-Smith-10010008A001.1970                          650 5.00060E-01 1.19900E+00
n-Bi209-MT001-Smith-10010009.1970                              412 2.06000E-01 1.40380E+00
n-Bi209-MT001-Smith-10010009A001.1970                          412 2.06000E-01 1.40380E+00
n-Bi209-MT001-Smith-108460021.1980                              32 1.23700E+00 4.35200E+00
n-Bi209-MT001-Smith-108460021A001.1980                          32 1.23700E+00 4.35200E+00
n-Bi209-MT001-Smith-108460022.1980                              32 1.23700E+00 4.35200E+00
n-Bi209-MT001-Smith-108460022A001.1980                          32 1.23700E+00 4.35200E+00
n-Bi209-MT001-Snowdon-11965010.1954                              1 3.70000E+00 3.70000E+00
n-Bi209-MT001-Tutubalin-40559002.1977                            1 1.47000E+01 1.47000E+01
n-Bi209-MT001-Walt-11215056.1955                                 1 4.10000E+00 4.10000E+00
n-Bi209-MT001-Walt-11215056A001.1955                             1 4.10000E+00 4.10000E+00
n-Bi209-MT001-WangTaofengg-32848002.2015                        42 1.22510E-07 9.33763E-05
n-Bi209-MT001-Waschkowski-20603008.1976                          2 1.26000E-06 5.19000E-06
