#              Filename                                         N    min         max
n-Sb121-MT102-Beghian-22580010.1949                              1 9.00000E-01 9.00000E-01
n-Sb121-MT102-Booth-11429019.1958                                1 2.40000E-02 2.40000E-02
n-Sb121-MT102-Decorte-23488054.1988                              1 2.53000E-08 2.53000E-08
n-Sb121-MT102-Farinaarbocco-23260107.2014                        1 2.53000E-08 2.53000E-08
n-Sb121-MT102-Farinaarbocco-23260108.2014                        2 2.53000E-08 2.53000E-08
n-Sb121-MT102-Gamgam-02051121.2024                               2 5.00000E-03 1.00000E-02
n-Sb121-MT102-Hogg-12602004.1970                                 1 2.53000E-08 2.53000E-08
n-Sb121-MT102-Hummel-11010013.1951                               1 2.40000E-02 2.40000E-02
n-Sb121-MT102-Hummel-11010013A001.1951                           1 2.40000E-02 2.40000E-02
n-Sb121-MT102-Kadonis-01051121.2024                             20 5.00000E-03 1.00000E-01
n-Sb121-MT102-Lyon-11407021.1959                                 1 1.95000E-01 1.95000E-01
n-Sb121-MT102-Macklin-11399031.1957                              1 2.40000E-02 2.40000E-02
n-Sb121-MT102-Poenitz-20906012.1966                              3 7.80000E-03 6.40000E-02
n-Sb121-MT102-Ryves-20789027.1970                                1 2.53000E-08 2.53000E-08
n-Sb121-MT102-Schuman-14080028.1970                              1 2.00000E-03 2.00000E-03
n-Sb121-MT102-Sriramachandramurty-31712021.1973                  1 2.40000E-02 2.40000E-02
n-Sb121-MT102-Tolstikov-40005004.1968                           28 1.10000E-02 3.13000E+00
n-Sb121-MT102-Trofimov-40975024.1987                             1 2.00000E+00 2.00000E+00
n-Sb121-MT102-Trofimov-41001015.1987                             1 1.00000E+00 1.00000E+00
