#              Filename                                         N    min         max
n-Pb204-MT004m-Begun-32205003.2002                               1 1.45000E+01 1.45000E+01
n-Pb204-MT004m-Begun-32205024.2002                               6 1.35600E+01 1.45300E+01
n-Pb204-MT004m-Csikai-30119009.1967                              1 1.47000E+01 1.47000E+01
n-Pb204-MT004m-Decowski-30151003.1973                            9 1.28500E+01 1.78300E+01
n-Pb204-MT004m-Hankla-10244018.1972                              1 1.44000E+01 1.44000E+01
n-Pb204-MT004m-Hankla-10244018A001.1972                          1 1.44000E+01 1.44000E+01
n-Pb204-MT004m-Kimura-22093024.1990                              1 1.40500E+01 1.40500E+01
n-Pb204-MT004m-Maslov-40136021.1974                              2 1.42000E+01 1.46000E+01
n-Pb204-MT004m-Pillon-23127002.2002                              2 2.88000E+00 1.44700E+01
n-Pb204-MT004m-Ryves-22148004.1990                               1 1.43000E+01 1.43000E+01
n-Pb204-MT004m-Semkova-22680005.2009                             6 3.45000E+00 2.05300E+01
n-Pb204-MT004m-Smith-107570022.1977                             51 2.63100E+00 9.90300E+00
n-Pb204-MT004m-Smith-107570022A001.1977                         51 2.63100E+00 9.90300E+00
n-Pb204-MT004m-Smith-107570032.1977                              4 2.22000E+00 2.61900E+00
n-Pb204-MT004m-Smith-107570032A001.1977                          4 2.22000E+00 2.61900E+00
n-Pb204-MT004m-Smith-107570042.1977                             10 2.34800E+00 4.90300E+00
n-Pb204-MT004m-Smith-107570042A001.1977                         10 2.34800E+00 4.90300E+00
n-Pb204-MT004m-Smith-107570052.1977                              8 3.36800E+00 3.96000E+00
n-Pb204-MT004m-Smith-107570052A001.1977                          8 3.36800E+00 3.96000E+00
