#              Filename                                         N    min         max
g-U235-MT018-Anderl-M0431003.1973                               31 5.00000E+00 8.00000E+00
g-U235-MT018-Bowman-M0534003.1978                                6 3.25000E+00 5.75000E+00
g-U235-MT018-Bowman-M0601002.1964                               37 6.01000E+00 1.85500E+01
g-U235-MT018-Caldwell-L0050008.1980                             40 5.26000E+00 1.82600E+01
g-U235-MT018-Cetina-M0638005.2002                               43 1.93000E+02 3.77900E+03
g-U235-MT018-Cetina-M0638011.2002                               43 1.93000E+02 3.77900E+03
g-U235-MT018-Frommhold-M0772002.1994                            44 5.00000E+01 7.84000E+02
g-U235-MT018-Huizenga-M0505005.1962                              2 6.14000E+00 7.00000E+00
g-U235-MT018-Khan-M0504002.1972                                 29 5.05000E+00 7.95000E+00
g-U235-MT018-Lepretre-M0491003.1987                             24 3.90000E+01 1.03000E+02
g-U235-MT018-Martins-M0388014.1991                               1 6.90000E+01 6.90000E+01
g-U235-MT018-Ostapenko-M0004007.1978                            21 4.95000E+00 6.95000E+00
g-U235-MT018-Ries-M0492002.1984                                 40 3.90000E+01 1.04500E+02
g-U235-MT018-Ries-M0503002.1984                                 15 1.15000E+01 3.00000E+01
g-U235-MT018-Sanabria-M0750004.2000                             28 6.50000E+01 2.60000E+02
g-U235-MT018-Soldatov-M0731004.1992                             60 5.00000E+00 1.09000E+01
g-U235-MT018-Tavares-M0387005.1991                               1 5.20000E+01 5.20000E+01
g-U235-MT018-Zduchko-M0078016.1978                              21 4.95000E+00 6.95000E+00
g-U235-MT018-Zhuchko-M0084002.1976                              19 4.83000E+00 6.69000E+00
