#              Filename                                         N    min         max
n-Th232-MT001-Abfalterer-13753029.2001                         467 5.29300E+00 5.59100E+02
n-Th232-MT001-Averchenkov-41214002.1961                         16 1.90000E+00 8.00000E+00
n-Th232-MT001-Batchelor-21019008.1965                            4 2.00000E+00 7.00000E+00
n-Th232-MT001-Beshai-20161002.1966                              53 4.05000E-09 2.84400E-08
n-Th232-MT001-Bollinger-12304002.1955                          286 9.70000E-06 2.33100E-03
n-Th232-MT001-Bollinger-123040032.1955                          13 2.18000E-05 2.63000E-04
n-Th232-MT001-Carter-12310002.1955                              12 6.60000E-04 3.70000E-03
n-Th232-MT001-Chrien-10793004.1979                              14 7.38000E-06 9.55800E-05
n-Th232-MT001-Chrien-10793004A001.1979                          14 7.38000E-06 9.55800E-05
n-Th232-MT001-Coon-12524055.1952                                 1 1.41200E+01 1.41200E+01
n-Th232-MT001-Deconninck-20195018.1961                           1 2.84000E+01 2.84000E+01
n-Th232-MT001-Divadeenam-10523018.1968                          10 1.50000E-01 6.00000E-01
n-Th232-MT001-Divadeenam-10523018A001.1968                      10 1.50000E-01 6.00000E-01
n-Th232-MT001-Egelstaff-21036004.1953                           52 1.93000E-09 2.50000E-06
n-Th232-MT001-Fasoli-20500002.1970                             139 1.47000E+00 8.63500E+00
n-Th232-MT001-Filippov-40082021.1968                             8 2.00000E-02 3.50000E-01
n-Th232-MT001-Fosterjr-10047094.1971                           242 2.26300E+00 1.48690E+01
n-Th232-MT001-Fosterjr-10047094A001.1971                       242 2.26300E+00 1.48690E+01
n-Th232-MT001-Garg-12278002.1964                              5877 8.22900E-05 3.96100E-03
n-Th232-MT001-Green-10225005.1973                              356 5.01000E-01 9.59900E+00
n-Th232-MT001-Green-10225005A001.1973                          356 5.01000E-01 9.59900E+00
n-Th232-MT001-Green-10225006.1973                              288 5.00500E-01 8.39600E+00
n-Th232-MT001-Green-10225006A001.1973                          288 5.00500E-01 8.39600E+00
n-Th232-MT001-Grigogev-41372004.1998                            14 3.40000E-06 7.32500E-02
n-Th232-MT001-Grigorev-41151002.1990                            72 7.32500E-06 3.40000E-02
n-Th232-MT001-Grigorev-41151004.1990                            12 7.32500E-06 3.40000E-02
n-Th232-MT001-Grigorev-41299003.1998                            41 3.40000E-06 7.32500E-02
n-Th232-MT001-Grigorev-41299004.1998                            14 3.40000E-06 7.32500E-02
n-Th232-MT001-Grigoriev-41363002.1995                           14 7.32500E-06 1.50000E-01
n-Th232-MT001-Grigoriev-41405009.2000                           14 7.32500E-06 1.50000E-01
n-Th232-MT001-Havensjr-12247002.1951                           101 8.23000E-09 2.08000E-02
n-Th232-MT001-Hibdon-11002004.1954                             133 6.70000E-04 1.55000E-01
n-Th232-MT001-Hibdon-11002004A001.1954                         133 6.70000E-04 1.55000E-01
n-Th232-MT001-Hildebrand-11039033.1950                           1 4.20000E+01 4.20000E+01
n-Th232-MT001-Hildebrand-11039033A001.1950                       1 4.20000E+01 4.20000E+01
n-Th232-MT001-Iwasaki-21766002.1981                             83 4.96000E-02 1.00000E+01
n-Th232-MT001-Kobayashi-20701002.1978                            1 2.40000E-02 2.40000E-02
n-Th232-MT001-Kobayashi-21759002.1982                           80 4.44700E-09 1.90750E-05
n-Th232-MT001-Kobayashi-21964002.1984                          568 3.99740E-09 9.95025E-04
n-Th232-MT001-Lasday-14085002.1950                               1 1.39000E+01 1.39000E+01
n-Th232-MT001-Leroy-22554006.1963                               52 2.01320E+00 1.43170E+01
n-Th232-MT001-Little-10956002.1981                             118 6.33500E-09 1.76550E-05
n-Th232-MT001-Little-10956002A001.1981                         118 6.33500E-09 1.76550E-05
n-Th232-MT001-Manero-20169005.1968                              60 3.34000E+00 5.10000E+00
n-Th232-MT001-Mezentseva-41490003.2003                           9 1.57500E-05 7.32500E-03
n-Th232-MT001-Nedzel-13568014.1954                               1 4.10000E+02 4.10000E+02
n-Th232-MT001-Olsen-10973002.1982                             1782 7.37300E-09 1.54538E-05
n-Th232-MT001-Olsen-10973002A001.1982                         1782 7.37300E-09 1.54538E-05
n-Th232-MT001-Pattenden-20913002.1964                          831 1.52600E-05 2.89300E-04
n-Th232-MT001-Pawlicki-11773005.1953                            53 7.97060E-06 5.46150E-03
n-Th232-MT001-Pilcher-12290002.1955                            139 2.12500E-05 5.80000E-04
n-Th232-MT001-Poenitz-10935004.1981                             47 4.80000E-02 4.80700E+00
n-Th232-MT001-Poenitz-10935004A001.1981                         47 4.80000E-02 4.80700E+00
n-Th232-MT001-Poenitz-12853052.1983                             68 1.81700E+00 2.02500E+01
n-Th232-MT001-Rayburn-11026034.1965                              1 1.44000E-06 1.44000E-06
n-Th232-MT001-Rayburn-11026034A001.1965                          1 1.44000E-06 1.44000E-06
n-Th232-MT001-Ribon-20149052.1969                             1291 2.12320E-04 8.53480E-04
n-Th232-MT001-Ribon-20149053.1969                             1054 8.09720E-04 2.24550E-03
n-Th232-MT001-Ribon-20149054.1969                             1772 2.16470E-03 1.06570E-02
n-Th232-MT001-Seidl-11671014.1954                              128 1.69000E-05 2.25000E-04
n-Th232-MT001-Seth-11788022.1958                                21 5.26000E-07 5.37000E-05
n-Th232-MT001-Tsukada-20288007.1960                             89 3.37000E+00 5.07000E+00
n-Th232-MT001-Uttley-20960002.1962                              13 3.50000E-04 4.50000E-03
n-Th232-MT001-Uttley-20960003.1962                              20 5.50000E-03 6.00000E-02
n-Th232-MT001-Uttley-21088003.1966                              28 6.50000E-03 9.50000E-01
n-Th232-MT001-Walt-117460101.1953                               18 1.10000E-01 3.00000E+00
n-Th232-MT001-Walt-117460102.1953                                1 2.60000E+00 2.60000E+00
n-Th232-MT001-Waschkowski-22138002.1989                          5 1.26000E-06 1.43000E-01
n-Th232-MT001-Whalen-10374002.1971                             513 1.02000E-01 1.46300E+00
n-Th232-MT001-Whalen-10374002A001.1971                         513 1.02000E-01 1.46300E+00
n-Th232-MT001-Whalen-10797002.1978                             125 1.14900E-01 5.03600E+00
n-Th232-MT001-Whalen-10797002A001.1978                         125 1.14900E-01 5.03600E+00
