#              Filename                                         N    min         max     
n-Ba138-rp056139-Gleason-10662012.1977                           1 2.53000E-08 2.53000E-08
n-Ba138-rp056139-Gleason-10662012A001.1977                       1 2.53000E-08 2.53000E-08
n-Ba138-rp056139-Macklin-11399034.1957                           1 2.40000E-02 2.40000E-02
n-Ba138-rp056139-Lyon-11407024.1959                              1 1.95000E-01 1.95000E-01
n-Ba138-rp056139-Johnsrud-11675016.1959                         17 1.49000E-01 2.20000E+00
n-Ba138-rp056139-Colditz-20092012.1968                           1 2.90000E+00 2.90000E+00
n-Ba138-rp056139-Schwerer-20670013.1976                          1 1.46000E+01 1.46000E+01
n-Ba138-rp056139-Magnusson-21004008.1980                         1 1.47000E+01 1.47000E+01
n-Ba138-rp056139-Cuzzocrea-21289003.1967                         1 1.40000E+01 1.40000E+01
n-Ba138-rp056139-Perkin-21438019.1958                            1 1.45000E+01 1.45000E+01
n-Ba138-rp056139-Pepelnik-21999040.1986                          1 1.47000E+01 1.47000E+01
n-Ba138-rp056139-Farinaarbocco-23266122.2013                     1 2.53000E-08 2.53000E-08
n-Ba138-rp056139-Farinaarbocco-23266123.2013                     2 2.53000E-08 2.53000E-08
n-Ba138-rp056139-Decorte-23488059.1988                           1 2.53000E-08 2.53000E-08
n-Ba138-rp056139-Peto-30031017.1967                              1 3.00000E+00 3.00000E+00
n-Ba138-rp056139-Chaubey-30079027.1966                           1 2.40000E-02 2.40000E-02
n-Ba138-rp056139-MANJUSHREEMAJUMDERR-30296005.1977               1 1.48000E+01 1.48000E+01
n-Ba138-rp056139-Vuletin-30314008.1974                           1 1.44000E+01 1.44000E+01
n-Ba138-rp056139-Musgrove-30328016.1976                         13 3.50000E-03 9.00000E-02
n-Ba138-rp056139-Siddappa-30502002.1974                          1 2.30000E-02 2.30000E-02
n-Ba138-rp056139-Nyarko-31698010.2010                            1 2.53000E-08 2.53000E-08
n-Ba138-rp056139-Agbemava-31700002.2011                          1 2.53000E-08 2.53000E-08
n-Ba138-rp056139-Sriramachandramurty-31712023.1973               1 2.40000E-02 2.40000E-02
n-Ba138-rp056139-Panikkath-33097002.2016                         1 2.53000E-08 2.53000E-08
n-Ba138-rp056139-Panikkath-33097003.2016                         1 2.53000E-08 2.53000E-08
n-Ba138-rp056139-Leipunskiy-40244079.1958                        1 2.00000E-01 2.00000E-01
n-Ba138-rp056139-Leipunskiy-40244100.1958                        2 2.70000E+00 4.00000E+00
n-Ba138-rp056139-Pasechnik-40336094.1958                         3 2.50000E+00 4.00000E+00
n-Ba138-rp056139-Kononov-40421020.1958                           1 2.40000E-02 2.40000E-02
n-Ba138-rp056139-Stavisskiy-40642004.1961                       12 8.40000E-02 1.85000E+00
