#              Filename                                         N    min         max
p-Bi209-MT018-Bochagov-A0029005.1978                             1 1.00000E+03 1.00000E+03
p-Bi209-MT018-Brandt-O0605006.1972                               5 5.90000E+02 2.30000E+04
p-Bi209-MT018-Bychenkov-O0709003.1973                            3 9.92000E+01 2.00100E+02
p-Bi209-MT018-Debeauvais-O00370041.1981                          1 3.00000E+05 3.00000E+05
p-Bi209-MT018-Debeauvais-O00370042.1981                          1 3.00000E+05 3.00000E+05
p-Bi209-MT018-Debeauvais-O06410031.1976                          3 6.00000E+02 1.80000E+04
p-Bi209-MT018-Flerov-O0619002.1972                               2 6.50000E+01 8.10000E+01
p-Bi209-MT018-Gadioli-O0622002.1969                             10 3.06000E+01 4.45000E+01
p-Bi209-MT018-Hudis-O06430031.1969                               6 6.00000E+02 2.90000E+04
p-Bi209-MT018-Hudis-O06430032.1969                               4 2.00000E+03 2.90000E+04
p-Bi209-MT018-Hudis-O0644004.1976                                7 6.00000E+02 3.00000E+05
p-Bi209-MT018-Ignatyuk-O0623002.1984                            23 3.57000E+01 6.80000E+01
p-Bi209-MT018-Jungerman-C2444049.1950                            6 2.24670E+02 3.39850E+02
p-Bi209-MT018-Khan-O06110031.1984                                4 7.00000E+03 7.00000E+03
p-Bi209-MT018-Khan-O06110032.1984                                4 7.00000E+03 7.00000E+03
p-Bi209-MT018-Konshin-O0707005.1965                              6 1.50000E+02 6.60000E+02
p-Bi209-MT018-Kotov-O0375002A.1974                               1 1.00000E+03 1.00000E+03
p-Bi209-MT018-Kotov-O1447008.2006                                9 2.07000E+02 1.00000E+03
p-Bi209-MT018-Kowalski-O0613003.1963                             1 1.56000E+02 1.56000E+02
p-Bi209-MT018-Matusevich-O0688006.1968                           4 1.00000E+03 9.00000E+03
p-Bi209-MT018-Maurette-O0649002.1965                             1 1.56000E+02 1.56000E+02
p-Bi209-MT018-Noshad-O1269002.2001                               1 3.00000E+01 3.00000E+01
p-Bi209-MT018-Okolovich-O0627016.1974                            9 2.36000E+01 2.96000E+01
p-Bi209-MT018-Shamov-O0639003.1955                               2 4.60000E+02 6.60000E+02
p-Bi209-MT018-Shigaev-A0047003.1973                              4 7.00000E+01 2.00000E+02
p-Bi209-MT018-Smirnov-O1837002.2004                              4 4.75000E+01 1.77300E+02
p-Bi209-MT018-Smirnov-O1837003.2004                              2 6.40000E+01 1.67000E+02
p-Bi209-MT018-Steiner-O0632005.1956                             13 1.32000E+02 3.36000E+02
p-Bi209-MT018-Sugihara-O0648002.1961                             2 3.60000E+01 5.80000E+01
p-Bi209-MT018-Vaishnene-O00080041.1981                           1 1.00000E+03 1.00000E+03
p-Bi209-MT018-Vaishnene-O00080042.1981                           1 1.00000E+03 1.00000E+03
p-Bi209-MT018-Yurevich-O1028002.2002                             5 1.00000E+03 3.65000E+03
p-Bi209-MT018-decarvalho-O06070032.1962                          1 5.91000E+02 5.91000E+02
