#              Filename                                         N    min         max     
n-Cr053-rp023053-Chittenden-11132005.1961                        1 1.48000E+01 1.48000E+01
n-Cr053-rp023053-Chittenden-11132005A001.1961                    1 1.48000E+01 1.48000E+01
n-Cr053-rp023053-Husain-11657003.1967                            1 1.48000E+01 1.48000E+01
n-Cr053-rp023053-Smith-127130022.1981                           23 4.81500E+00 9.34400E+00
n-Cr053-rp023053-Valkonen-20673005.1976                          1 1.47000E+01 1.47000E+01
n-Cr053-rp023053-Molla-20721015.1977                             1 1.47000E+01 1.47000E+01
n-Cr053-rp023053-Anders-21976019.1985                            1 1.47000E+01 1.47000E+01
n-Cr053-rp023053-Ercan-22338040.1991                             1 1.46000E+01 1.46000E+01
n-Cr053-rp023053-Fessler-22406004.1998                          19 1.15700E+01 2.10700E+01
n-Cr053-rp023053-Kasugai-22433008.1998                           6 1.34000E+01 1.48700E+01
n-Cr053-rp023053-Prasad-30336016.1971                            1 1.48000E+01 1.48000E+01
n-Cr053-rp023053-HoangDacLuccc-30810003.1986                     1 1.48000E+01 1.48000E+01
n-Cr053-rp023053-Ribansky-30812006.1985                          1 1.46000E+01 1.46000E+01
n-Cr053-rp023053-Viennot-30978005.1991                           4 1.37700E+01 1.48300E+01
n-Cr053-rp023053-Osman-31464003.1996                             1 1.47000E+01 1.47000E+01
n-Cr053-rp023053-Lalremruata-33034003.2012                       1 1.48000E+01 1.48000E+01
n-Cr053-rp023053-Pansare-330870051.1991                          1 1.47000E+01 1.47000E+01
n-Cr053-rp023053-Pansare-330870052.1991                          1 1.47000E+01 1.47000E+01
n-Cr053-rp023053-Artemev-41321003.1980                           1 1.48000E+01 1.48000E+01
