#              Filename                                         N    min         max
n-I127-MT001-Angeli-30113018.1970                                1 1.45000E+01 1.45000E+01
n-I127-MT001-Angeli-30141012.1971                                1 1.47000E+01 1.47000E+01
n-I127-MT001-Bockelman-11881006.1949                            31 2.39000E-02 1.37000E+00
n-I127-MT001-Coon-12524041.1952                                  1 1.41200E+01 1.41200E+01
n-I127-MT001-Deconninck-20195015.1961                            1 2.84000E+01 2.84000E+01
n-I127-MT001-Dilg-20583010.1972                                  1 2.70000E-03 2.70000E-03
n-I127-MT001-Fields-11260024.1947                                6 2.40000E-02 8.30000E-01
n-I127-MT001-Fosterjr-10047058.1971                            243 2.26200E+00 1.49940E+01
n-I127-MT001-Fosterjr-10047058A001.1971                        243 2.26200E+00 1.49940E+01
n-I127-MT001-Garg-11905008.1965                               4034 2.90000E-04 1.89800E-03
n-I127-MT001-Gorlov-41311011.1967                                1 4.00000E+00 4.00000E+00
n-I127-MT001-Hildebrand-11039026.1950                            1 4.20000E+01 4.20000E+01
n-I127-MT001-Hildebrand-11039026A001.1950                        1 4.20000E+01 4.20000E+01
n-I127-MT001-Hussain-30245003.1970                               2 1.33600E+01 1.34800E+01
n-I127-MT001-Jonesjr-146910034.1947                              1 2.03000E-05 2.03000E-05
n-I127-MT001-Jonesjr-14691004.1947                              40 1.69800E-07 1.45400E-05
n-I127-MT001-Jonesjr-14691005.1947                              12 2.69200E-09 1.56000E-07
n-I127-MT001-Jonesjr-14691006.1947                               6 1.63400E-05 1.90300E-05
n-I127-MT001-Jonesjr-14691012.1947                              12 1.64600E-05 6.31900E-05
n-I127-MT001-Jonesjr-14691013.1947                              11 1.64200E-05 6.31700E-05
n-I127-MT001-Jonesjr-14691014.1947                               8 2.65000E-05 6.88400E-05
n-I127-MT001-Jonesjr-14691015.1947                              12 1.60600E-05 6.88300E-05
n-I127-MT001-Jonesjr-14691016.1947                               9 1.78200E-05 4.48600E-05
n-I127-MT001-Jonesjr-14691017.1947                              13 1.16700E-05 5.74900E-04
n-I127-MT001-Jonesjr-14691018.1947                              12 2.42700E-09 2.00000E-08
n-I127-MT001-Jonesjr-14691019.1947                              33 2.26900E-08 8.93100E-06
n-I127-MT001-Koester-22001022.1986                               2 1.26000E-06 5.19000E-06
n-I127-MT001-Manero-20209004.1965                               36 3.35000E+00 5.21000E+00
n-I127-MT001-Merrison-21282008.1952                             70 1.76000E-05 5.90000E-04
n-I127-MT001-Miller-11712015.1952                               14 1.00500E+00 3.21000E+00
n-I127-MT001-Newson-11569015.1957                                1 3.25000E-03 3.25000E-03
n-I127-MT001-Noguere-22876002.2005                             235 3.40000E-03 1.08160E+00
n-I127-MT001-Noguere-228760031.2005                            161 3.40000E-03 1.59000E-01
n-I127-MT001-Noguere-228760032.2005                            161 3.40000E-03 1.59000E-01
n-I127-MT001-Seidl-11671009.1954                               122 1.58000E-05 4.75000E-03
n-I127-MT001-Slaughter-11446002.1958                           241 1.70000E-05 6.75000E-04
n-I127-MT001-Tabony-11953007.1968                              102 3.00000E-02 6.50000E-01
n-I127-MT001-Wu-11751006.1947                                   28 1.10000E-08 7.75055E-04
n-I127-MT001-Wu-11751024.1947                                   31 2.26600E-06 1.72803E+00
n-I127-MT001-Wu-11751026.1947                                   28 1.11530E-05 4.52188E+00
