#              Filename                                         N    min         max     
n-Mo097-rp041097-Paul-11274068.1953                              1 1.45000E+01 1.45000E+01
n-Mo097-rp041097-Qaim-20513026.1974                              1 1.47000E+01 1.47000E+01
n-Mo097-rp041097-Rahman-21990005.1985                            8 5.91100E+00 9.57700E+00
n-Mo097-rp041097-Pepelnik-21999030.1986                          1 1.47000E+01 1.47000E+01
n-Mo097-rp041097-Ikeda-22089079.1988                             8 1.33500E+01 1.49400E+01
n-Mo097-rp041097-Reimer-22889009.2005                            4 1.62300E+01 2.06000E+01
n-Mo097-rp041097-Semkova-23233007.2014                           4 8.92000E+00 1.30800E+01
n-Mo097-rp041097-Strohal-30008028.1962                           1 1.46000E+01 1.46000E+01
n-Mo097-rp041097-Tikku-30394011.1972                             1 1.47000E+01 1.47000E+01
n-Mo097-rp041097-Marcinkowski-30809006.1986                      8 1.30000E+01 1.66000E+01
n-Mo097-rp041097-Molla-30825018.1986                             2 1.46000E+01 1.48000E+01
n-Mo097-rp041097-Molla-31491011.1997                             5 1.35700E+01 1.47100E+01
n-Mo097-rp041097-Doczi-31495014.1998                             3 8.97000E+00 1.25300E+01
n-Mo097-rp041097-KongXiangzhongg-32749002.1992                   6 1.34000E+01 1.47900E+01
n-Mo097-rp041097-JunhuaLuoo-32812008.2020                        3 1.35000E+01 1.48000E+01
n-Mo097-rp041097-Sunitha-33141003.2020                           1 1.35200E+01 1.35200E+01
n-Mo097-rp041097-Sunitha-33153003.2020                           1 1.45400E+01 1.45400E+01
n-Mo097-rp041097-Artemev-41321016.1980                           1 1.48000E+01 1.48000E+01
n-Mo097-rp041097-Reimer-41456012.2005                            8 1.34800E+01 1.48200E+01
