#              Filename                                         N    min         max     
n-Mn055-rp025054-Barrall-10022008.1969                           1 1.46000E+01 1.46000E+01
n-Mn055-rp025054-Barrall-10031004.1969                           1 1.48000E+01 1.48000E+01
n-Mn055-rp025054-Barrall-10022008A001.1969                       1 1.46000E+01 1.46000E+01
n-Mn055-rp025054-Barrall-10031004A001.1969                       1 1.48000E+01 1.48000E+01
n-Mn055-rp025054-Menlove-11421005.1967                          10 1.27000E+01 1.93900E+01
n-Mn055-rp025054-Ashby-11632003.1958                             1 1.41000E+01 1.41000E+01
n-Mn055-rp025054-Meadows-12969011.1987                           1 1.47400E+01 1.47400E+01
n-Mn055-rp025054-Greenwood-12977008.1987                         5 1.45000E+01 1.49000E+01
n-Mn055-rp025054-Wenusch-20091003.1962                           1 1.40000E+01 1.40000E+01
n-Mn055-rp025054-Paulsen-20378004.1965                          23 1.26300E+01 1.95900E+01
n-Mn055-rp025054-Schwerer-20811006.1976                          1 1.46000E+01 1.46000E+01
n-Mn055-rp025054-Bormann-20835003.1969                           8 1.29900E+01 1.80600E+01
n-Mn055-rp025054-Kayashima-21300013.1979                         1 1.46000E+01 1.46000E+01
n-Mn055-rp025054-Granger-21514005.1963                           1 1.40000E+01 1.40000E+01
n-Mn055-rp025054-Vonach-21533002.1968                            1 1.41000E+01 1.41000E+01
n-Mn055-rp025054-Bahal-21936010.1985                             1 1.47000E+01 1.47000E+01
n-Mn055-rp025054-Ikeda-22089039.1988                             8 1.33500E+01 1.49300E+01
n-Mn055-rp025054-Kimura-22093009.1990                            1 1.40500E+01 1.40500E+01
n-Mn055-rp025054-Bostan-22292006.1994                            3 1.11400E+01 1.28500E+01
n-Mn055-rp025054-Soewarsono-22335006.1992                        5 1.75500E+01 3.82600E+01
n-Mn055-rp025054-Ercan-22338044.1991                             1 1.46000E+01 1.46000E+01
n-Mn055-rp025054-Uwamino-22703011.1992                          28 1.15000E+01 3.85000E+01
n-Mn055-rp025054-Sakuma-22754007.1992                            3 1.72260E+01 1.91470E+01
n-Mn055-rp025054-Iwasaki-22755004.1997                           9 1.24650E+01 1.89510E+01
n-Mn055-rp025054-Murata-22839002.2008                            1 1.42000E+01 1.42000E+01
n-Mn055-rp025054-Csikai-30033008.1967                            1 1.34100E+01 1.34100E+01
n-Mn055-rp025054-Araminowicz-30264011.1973                       1 1.46000E+01 1.46000E+01
n-Mn055-rp025054-Deak-30333002.1975                              1 1.47000E+01 1.47000E+01
n-Mn055-rp025054-LuHanlinn-30615002.1980                         1 1.45800E+01 1.45800E+01
n-Mn055-rp025054-LuHanlinn-30615003.1980                        14 1.23700E+01 1.82600E+01
n-Mn055-rp025054-Berrada-30805002.1984                           1 1.46000E+01 1.46000E+01
n-Mn055-rp025054-Weigold-31039006.1960                           1 1.45000E+01 1.45000E+01
n-Mn055-rp025054-Kral-31834005.2020                              1 2.91000E+01 2.91000E+01
n-Mn055-rp025054-YanbinZhangg-32701003.2012                      2 1.41000E+01 1.47000E+01
n-Mn055-rp025054-Pasha-33151005.2020                             1 1.45400E+01 1.45400E+01
n-Mn055-rp025054-Salnikov-40037133.1971                          1 1.43600E+01 1.43600E+01
n-Mn055-rp025054-Maslov-40136005.1974                            1 1.46000E+01 1.46000E+01
n-Mn055-rp025054-Filatenkov-41614017.2016                        7 1.35600E+01 1.47800E+01
