#              Filename                                         N    min         max     
n-Tm169-rp069170-Sims-10608019.1970                              1 2.53000E-08 2.53000E-08
n-Tm169-rp069170-Macklin-10873002.1982                          47 3.50000E-03 1.95000E+00
n-Tm169-rp069170-Sims-10608019A001.1970                          1 2.53000E-08 2.53000E-08
n-Tm169-rp069170-Macklin-10873002A001.1982                      47 3.50000E-03 1.95000E+00
n-Tm169-rp069170-Gibbons-11329048.1961                           3 3.00000E-02 1.67000E-01
n-Tm169-rp069170-Gibbons-11329057.1961                          57 9.50000E-03 1.67000E-01
n-Tm169-rp069170-Block-11935017.1961                            46 1.95000E-04 7.80000E-03
n-Tm169-rp069170-Wilhelmy-14128002.2002                         89 1.95650E-06 1.20130E-01
n-Tm169-rp069170-Joly-20787003.1979                              5 5.20000E-01 3.00000E+00
n-Tm169-rp069170-Knorr-21498011.1970                             8 1.37000E-10 3.16800E-09
n-Tm169-rp069170-Farinaarbocco-23260123.2014                     1 2.53000E-08 2.53000E-08
n-Tm169-rp069170-Farinaarbocco-23260124.2014                     1 2.53000E-08 2.53000E-08
n-Tm169-rp069170-Decorte-23488076.1988                           1 2.53000E-08 2.53000E-08
n-Tm169-rp069170-Siddappa-30248010.1974                          1 2.30000E-02 2.30000E-02
n-Tm169-rp069170-JiangSongshengg-30657002.1982                   7 1.58000E-01 1.47000E+00
n-Tm169-rp069170-XuHaishann-30741002.1986                        3 1.01000E+00 1.44000E+00
n-Tm169-rp069170-Lee-30841002.2010                             186 3.46000E-09 1.76700E-04
n-Tm169-rp069170-XiaYijunn-309980032.1988                       19 1.12000E-02 1.00000E-01
n-Tm169-rp069170-JieRenn-32870002.2022                          21 2.99000E-02 2.99035E-01
