#              Filename                                         N    min         max
n-U238-MT018-Adamov-40547015.1977                                1 1.47000E+01 1.47000E+01
n-U238-MT018-Adams-212090022.1961                               14 1.27000E+01 1.94000E+01
n-U238-MT018-Agnew-14731002.1944                                 2 2.50000E+00 3.00000E+00
n-U238-MT018-Aleksandrov-40546004.1979                           1 2.50000E+00 2.50000E+00
n-U238-MT018-Alekseev-41503006.2008                              1 7.20000E-04 7.20000E-04
n-U238-MT018-Alkhazov-31832003.1979                              1 1.47100E+01 1.47100E+01
n-U238-MT018-Alkhazov-40256002.1973                              1 1.48000E+01 1.48000E+01
n-U238-MT018-Alkhazov-41013002.1988                              1 5.00000E+00 5.00000E+00
n-U238-MT018-Allen-21075004.1957                                 6 1.00000E+00 3.00000E+00
n-U238-MT018-Ballini-21093003.1961                              28 1.01000E+00 4.00000E+00
n-U238-MT018-Barrall-10022025.1969                               1 1.46000E+01 1.46000E+01
n-U238-MT018-Barrall-10022025A001.1969                           1 1.46000E+01 1.46000E+01
n-U238-MT018-Barrall-10022026.1969                               1 1.46000E+01 1.46000E+01
n-U238-MT018-Barrall-10022026A001.1969                           1 1.46000E+01 1.46000E+01
n-U238-MT018-Belloni-236530041.2022                              2 2.51000E+00 1.48300E+01
n-U238-MT018-Belloni-236530042.2022                              2 2.51000E+00 1.48300E+01
n-U238-MT018-Billaud-21452002.1958                               1 1.35500E+01 1.35500E+01
n-U238-MT018-Block-10569005.1973                                 2 2.00000E-02 6.50000E-02
n-U238-MT018-Block-10569005A001.1973                             2 2.00000E-02 6.50000E-02
n-U238-MT018-Blons-20796003.1975                               582 5.31570E-01 4.01540E+00
n-U238-MT018-Cance-20779003.1978                                 2 1.39000E+01 1.46000E+01
n-U238-MT018-Difilippo-10674004.1977                             3 1.58250E-02 6.50000E-02
n-U238-MT018-Difilippo-10674004A001.1977                         3 1.58250E-02 6.50000E-02
n-U238-MT018-Difilippo-10674005.1977                          1492 7.00330E-04 5.92740E-02
n-U238-MT018-Difilippo-10674005A001.1977                      1492 7.00330E-04 5.92740E-02
n-U238-MT018-Difilippo-10694004.1980                            32 7.50000E-04 2.50000E+00
n-U238-MT018-Difilippo-10694004A001.1980                        32 7.50000E-04 2.50000E+00
n-U238-MT018-Eismont-22321006.1996                               2 1.35000E+02 1.62000E+02
n-U238-MT018-Emma-21134002.1965                                  7 1.80000E+00 4.50000E+00
n-U238-MT018-Flerov-40424002.1959                                1 1.46000E+01 1.46000E+01
n-U238-MT018-Fursov-41656002.1973                               39 1.58580E+00 7.35470E+00
n-U238-MT018-Garlea-30813008.1984                                1 1.47500E+01 1.47500E+01
n-U238-MT018-Garlea-31459022.1992                                1 1.47580E+01 1.47580E+01
n-U238-MT018-Goldanskii-41212003.1956                            2 1.20000E+02 3.80000E+02
n-U238-MT018-Grundl-10417004.1967                                2 1.19000E+00 1.68000E+00
n-U238-MT018-Grundl-10417004A001.1967                            2 1.19000E+00 1.68000E+00
n-U238-MT018-Hanson-14666003.1943                                6 1.10500E+00 1.79700E+00
n-U238-MT018-Henkel-12321005.1952                               33 1.28000E+00 6.94000E+00
n-U238-MT018-HuZhongkangg-32766002.1980                          3 1.41000E+01 1.50400E+01
n-U238-MT018-Kalinin-40741005.1958                               7 3.10000E+00 6.40000E+00
n-U238-MT018-Katase-20299003.1961                                3 1.35000E+01 1.48000E+01
n-U238-MT018-Kuks-40081002.1971                                  1 2.50000E+00 2.50000E+00
n-U238-MT018-Kuks-40081003.1971                                  1 1.41000E+01 1.41000E+01
n-U238-MT018-Lamphere-12338008.1956                             90 4.20000E-01 2.99500E+00
n-U238-MT018-Leugers-20943003.1976                             144 1.22400E+00 2.00750E+01
n-U238-MT018-Manabe-222820062.1988                               4 1.34700E+01 1.48900E+01
n-U238-MT018-Mangialajo-21127003.1963                            8 1.37400E+01 1.47600E+01
n-U238-MT018-Meadows-102370032.1972                             47 8.99000E-01 5.14700E+00
n-U238-MT018-Meadows-102370032A001.1972                         47 8.99000E-01 5.14700E+00
n-U238-MT018-Meadows-105060022.1975                             22 5.33400E+00 1.04000E+01
n-U238-MT018-Meadows-105060022A001.1975                         22 5.33400E+00 1.04000E+01
n-U238-MT018-Meadows-131340072.1988                              1 1.47400E+01 1.47400E+01
n-U238-MT018-Meadows-131690022.1989                              2 2.15000E+00 2.45300E+00
n-U238-MT018-Meadows-131690032.1989                             42 1.92000E+00 2.55800E+00
n-U238-MT018-Meadows-13586011.1996                               1 1.00000E+01 1.00000E+01
n-U238-MT018-Merla-22304003.1991                                 4 4.80000E+00 1.88000E+01
n-U238-MT018-Merla-22304007.1991                                 1 1.47000E+01 1.47000E+01
n-U238-MT018-Miller-14529002.2015                               18 1.30000E+02 3.00000E+02
n-U238-MT018-Nolte-23078003.2007                                10 3.30000E+01 1.99000E+02
n-U238-MT018-Nyer-12514002.1948                                  1 1.40000E+01 1.40000E+01
n-U238-MT018-Osterhage-20715003.1978                            93 7.00000E-01 1.29900E+01
n-U238-MT018-Osterhage-20715005.1978                            94 7.00000E-01 1.29920E+01
n-U238-MT018-Pankratov-40638005.1960                            16 1.06000E+01 2.15000E+01
n-U238-MT018-Pankratov-40653006.1963                            35 5.10000E+00 3.66000E+01
n-U238-MT018-Salvadorcastineira-23736002.2017                    6 1.80000E+00 2.40000E+00
n-U238-MT018-Shcherbakov-41455010.2002                         166 5.77200E-01 1.96200E+02
n-U238-MT018-Silbert-10290003.1971                               2 2.00000E-02 6.50000E-02
n-U238-MT018-Silbert-10290003A001.1971                           2 2.00000E-02 6.50000E-02
n-U238-MT018-Slovacek-10567002.1977                            162 1.36000E-06 1.69323E-01
n-U238-MT018-Slovacek-10567002A001.1977                        162 1.36000E-06 1.69323E-01
n-U238-MT018-Slovacek-105670042.1977                             3 6.67000E-06 3.68000E-05
n-U238-MT018-Slovacek-105670042A001.1977                         3 6.67000E-06 3.68000E-05
n-U238-MT018-Slovacek-10567006.1977                              3 1.75200E-04 1.58250E-02
n-U238-MT018-Slovacek-10567006A001.1977                          3 1.75200E-04 1.58250E-02
n-U238-MT018-Smith-12316011.1957                                43 1.00000E+00 2.25000E+01
n-U238-MT018-Tovesson-14402008.2014                            174 5.04000E-01 1.98000E+02
n-U238-MT018-Uttley-21468002.1956                                1 1.41000E+01 1.41000E+01
n-U238-MT018-Vorotnikov-40110002.1971                           19 5.50000E-01 1.45000E+00
n-U238-MT018-Vorotnikov-40483002.1975                           71 1.60000E-01 1.55400E+00
n-U238-MT018-White-211950052.1967                                3 2.25000E+00 1.41000E+01
n-U238-MT018-Winkler-22565002.1991                               1 1.45000E+01 1.45000E+01
n-U238-MT018-WuJingxiaa-30669002.1983                            4 4.00000E+00 5.50000E+00
n-U238-MT018-ZhizhouRenn-328860032.2023                        135 5.13000E-01 1.75218E+02
