#              Filename                                         N    min         max     
p-Al027-rp004007-Aleksandrov-A03400023.1988                     15 3.00000E+01 9.90000E+01
p-Al027-rp004007-Titarenko-A0902006.2011                        65 4.08000E+01 2.60500E+03
p-Al027-rp004007-Lavrukhina-A0917002.1962                        1 6.60000E+02 6.60000E+02
p-Al027-rp004007-Williams-B0073018.1967                          1 6.14000E+01 6.14000E+01
p-Al027-rp004007-Cline-B0085027.1971                             1 5.90000E+02 5.90000E+02
p-Al027-rp004007-Sisterson-C0196002.1996                         3 2.00000E+02 5.00000E+02
p-Al027-rp004007-Benioff-C0220027.1960                           1 5.70000E+03 5.70000E+03
p-Al027-rp004007-Baker-C0255003.1958                             5 1.00000E+03 3.00000E+03
p-Al027-rp004007-Marquez-C0259004.1951                           1 3.35000E+02 3.35000E+02
p-Al027-rp004007-Cumming-C0261002.1962                           1 2.80000E+04 2.80000E+04
p-Al027-rp004007-Neuzil-C0265011.1963                            5 3.08980E+01 3.92330E+01
p-Al027-rp004007-Lafleur-C0401003.1966                           2 7.00000E+01 8.50000E+01
p-Al027-rp004007-Taddeucci-C0461002.1997                         2 4.95000E+02 7.95000E+02
p-Al027-rp004007-Kaufman-C2368008.1979                           1 3.00000E+05 3.00000E+05
p-Al027-rp004007-Gruetter-D0028002.1982                          2 5.40000E+02 5.93000E+02
p-Al027-rp004007-Scholten-D0054007.1994                          9 4.08000E+01 9.85000E+01
p-Al027-rp004007-Gruetter-D0505022.1982                         11 3.43000E+01 6.85000E+01
p-Al027-rp004007-Leya-D0640006.1997                              1 1.60000E+03 1.60000E+03
p-Al027-rp004007-Szelecsenyi-D4384002.2017                      46 4.09400E+01 1.99600E+02
p-Al027-rp004007-Miyano-E0057004.1973                           33 2.95200E+01 5.13400E+01
p-Al027-rp004007-Yashima-E1829028.2003                           1 2.30000E+02 2.30000E+02
p-Al027-rp004007-Meigo-E2581002.2017                             2 4.00000E+02 2.98400E+03
p-Al027-rp004007-Matsuda-E2665002.2018                           4 4.00000E+02 3.00000E+03
p-Al027-rp004007-Matsuda-E2667002.2019                           4 4.00000E+02 3.00000E+03
p-Al027-rp004007-Moskaleva-F1215003.1970                         1 3.00000E+04 3.00000E+04
p-Al027-rp004007-Michel-O00780047.1989                           1 6.00000E+02 6.00000E+02
p-Al027-rp004007-Michel-O0276009.1997                          162 2.39000E+01 8.00000E+02
p-Al027-rp004007-Michel-O0277020.1995                            4 8.00000E+02 2.60000E+03
p-Al027-rp004007-Bodemann-O0282008.1993                          7 3.16000E+01 9.85000E+01
p-Al027-rp004007-Schiekel-O0284013.1996                         93 2.11000E+02 3.98000E+02
p-Al027-rp004007-Heydegger-O05010033.1976                        6 1.18000E+02 8.00000E+02
p-Al027-rp004007-Izosimova-O0554007.1978                         2 6.60000E+02 1.00000E+03
p-Al027-rp004007-Fassbender-O0729007.1998                        7 1.40900E+02 2.56600E+02
p-Al027-rp004007-Titarenko-O0985005.1999                        12 6.70000E+01 2.60000E+03
p-Al027-rp004007-Titarenko-O1728002.2009                        19 3.55000E+01 2.60600E+03
p-Al027-rp004007-Raisbeck-O2056004.1974                          1 6.00000E+02 6.00000E+02
p-Al027-rp004007-Ligonniere-O2128002.1964                        1 1.55000E+02 1.55000E+02
p-Al027-rp004007-Bimbot-O2134020.1971                            3 5.00000E+01 1.53000E+02
p-Al027-rp004007-Furukawa-P0016003.1965                         21 2.82000E+01 5.51000E+01
