#              Filename                                         N    min         max     
n-Ru102-rp044103-Hockenbury-10552003.1975                      164 1.65360E-02 7.12010E-02
n-Ru102-rp044103-Macklin-10875014.1980                         521 2.75000E-03 5.87500E-01
n-Ru102-rp044103-Macklin-10875019.1980                           1 3.00000E-02 3.00000E-02
n-Ru102-rp044103-Macklin-10875024.1980                          17 3.50000E-03 5.50000E-01
n-Ru102-rp044103-Hockenbury-10552003A001.1975                  164 1.65360E-02 7.12010E-02
n-Ru102-rp044103-Macklin-10875014A001.1980                     521 2.75000E-03 5.87500E-01
n-Ru102-rp044103-Macklin-10875019A001.1980                       1 3.00000E-02 3.00000E-02
n-Ru102-rp044103-Macklin-10875024A001.1980                      17 3.50000E-03 5.50000E-01
n-Ru102-rp044103-Macklin-11399025.1957                           1 2.40000E-02 2.40000E-02
n-Ru102-rp044103-Lyon-11407016.1959                              1 1.95000E-01 1.95000E-01
n-Ru102-rp044103-Schuman-14080022.1970                           1 2.00000E-03 2.00000E-03
n-Ru102-rp044103-Farinaarbocco-23260082.2014                     1 2.53000E-08 2.53000E-08
n-Ru102-rp044103-Farinaarbocco-23260083.2014                     2 2.53000E-08 2.53000E-08
n-Ru102-rp044103-Decorte-23488039.1988                           1 2.53000E-08 2.53000E-08
n-Ru102-rp044103-Sriramachandramurty-31712009.1973               1 2.40000E-02 2.40000E-02
n-Ru102-rp044103-Panikkath-33134004.2019                         1 2.53000E-08 2.53000E-08
n-Ru102-rp044103-Trofimov-41001010.1987                          1 1.00000E+00 1.00000E+00
n-Ru102-rp044103-Trofimov-41050002.1989                          6 5.00000E-01 1.80000E+00
