#              Filename                                         N    min         max
n-Li006-MT105-Bamejr-11103002.1959                              29 9.00000E-03 3.42000E-01
n-Li006-MT105-Bamejr-11103002A001.1959                          29 9.00000E-03 3.42000E-01
n-Li006-MT105-Barry-20893002.1966                                3 2.50000E-02 1.00000E-01
n-Li006-MT105-Bartle-10446002.1979                              23 2.16000E+00 9.66000E+00
n-Li006-MT105-Bartle-10446002A001.1979                          23 2.16000E+00 9.66000E+00
n-Li006-MT105-Bartle-30651002.1983                              15 1.20000E+01 1.82000E+01
n-Li006-MT105-Blair-11159002.1950                               13 1.42000E-01 6.24000E-01
n-Li006-MT105-Blair-11159002A001.1950                           13 1.42000E-01 6.24000E-01
n-Li006-MT105-Bormann-21668011.1960                              1 1.41000E+01 1.41000E+01
n-Li006-MT105-Bormann-21668012.1960                              1 2.50000E+00 2.50000E+00
n-Li006-MT105-Clements-20400002.1972                            20 1.56000E-01 6.40000E-01
n-Li006-MT105-Clements-20400003.1972                            25 3.32000E-01 2.37000E+00
n-Li006-MT105-Clements-20400004.1972                            23 1.70000E+00 3.90000E+00
n-Li006-MT105-Coates-20410002.1973                             159 1.03840E-03 3.27050E-01
n-Li006-MT105-Conde-20026002.1965                                1 1.00000E-01 1.00000E-01
n-Li006-MT105-Cox-20894003.1967                                  7 1.07000E-02 1.02000E-01
n-Li006-MT105-Drosg-13723002.1994                               18 5.02700E-02 4.08400E+00
n-Li006-MT105-Elpidinskii-40774002.1957                          1 2.50000E+00 2.50000E+00
n-Li006-MT105-Engdahl-10755002.1981                              1 2.28000E-02 2.28000E-02
n-Li006-MT105-Engdahl-10755002A001.1981                          1 2.28000E-02 2.28000E-02
n-Li006-MT105-Fort-20412002.1972                                25 1.40000E-02 1.68000E-01
n-Li006-MT105-Fort-20412003.1972                                20 2.10000E-02 1.74400E-01
n-Li006-MT105-Fort-20412004.1972                                18 1.22000E-01 3.17000E-01
n-Li006-MT105-Fort-20412005.1972                                19 1.22000E-01 3.17000E-01
n-Li006-MT105-Fort-20412006.1972                                18 5.15000E-01 1.70000E+00
n-Li006-MT105-Fort-20412007.1972                                18 5.15000E-01 1.70000E+00
n-Li006-MT105-Fort-20551002.1970                                40 8.18000E-02 5.17000E-01
n-Li006-MT105-Friesenhahn-10303005.1975                        152 2.39130E-03 1.61535E+00
n-Li006-MT105-Friesenhahn-10303005A001.1975                    152 2.39130E-03 1.61535E+00
n-Li006-MT105-Fryejr-11071006.1954                               1 1.41000E+01 1.41000E+01
n-Li006-MT105-Fryejr-11071006A001.1954                           1 1.41000E+01 1.41000E+01
n-Li006-MT105-Gabbard-11098005.1959                            122 2.50000E-02 4.06600E+00
n-Li006-MT105-Gabbard-11098005A001.1959                        122 2.50000E-02 4.06600E+00
n-Li006-MT105-Gabbard-11098006.1959                              4 2.55000E-01 6.00000E-01
n-Li006-MT105-Gabbard-11098006A001.1959                          4 2.55000E-01 6.00000E-01
n-Li006-MT105-Gayther-20862003.1976                            112 3.00000E-03 8.09000E-01
n-Li006-MT105-Goldberg-12954002.1985                             1 1.49200E+01 1.49200E+01
n-Li006-MT105-Gorlov-40708002.1956                              24 9.10000E-03 7.30000E-01
n-Li006-MT105-GuohuiZhangg-32544002.2000                         2 3.67000E+00 4.42000E+00
n-Li006-MT105-GuohuiZhangg-32646002.2003                         2 1.85000E+00 2.67000E+00
n-Li006-MT105-GuohuiZhangg-32651002.2006                         3 1.05000E+00 2.25000E+00
n-Li006-MT105-HuaiyongBaii-32800002.2020                        80 1.00000E-06 3.00000E+00
n-Li006-MT105-Johnson-110820022.1954                             1 2.55000E-01 2.55000E-01
n-Li006-MT105-Johnson-110820022A001.1954                         1 2.55000E-01 2.55000E-01
n-Li006-MT105-Kern-11168002.1958                                35 1.25000E+01 1.82500E+01
n-Li006-MT105-Kern-11168002A001.1958                            35 1.25000E+01 1.82500E+01
n-Li006-MT105-Kirsch-14483002.2017                              47 2.40000E-01 9.80000E+00
n-Li006-MT105-Knitter-20749005.1977                             84 8.50000E-02 5.00000E-01
n-Li006-MT105-Lamaze-10607002.1978                              86 2.78900E-03 7.82218E-01
n-Li006-MT105-Lamaze-10607002A001.1978                          86 2.78900E-03 7.82218E-01
n-Li006-MT105-Macklin-10895002.1979                            106 7.00000E-02 3.00000E+00
n-Li006-MT105-Macklin-10895002A001.1979                        106 7.00000E-02 3.00000E+00
n-Li006-MT105-Mcpherson-10228002.1971                           32 1.00000E-02 2.87000E-01
n-Li006-MT105-Mcpherson-10228002A001.1971                       32 1.00000E-02 2.87000E-01
n-Li006-MT105-Mikhailina-41226003.1961                           1 1.41000E+01 1.41000E+01
n-Li006-MT105-Murray-111050022.1959                             14 1.20000E+00 3.82000E+00
n-Li006-MT105-Murray-111050022A001.1959                         14 1.20000E+00 3.82000E+00
n-Li006-MT105-Murray-111050032.1959                             10 3.60000E+00 7.96000E+00
n-Li006-MT105-Murray-111050032A001.1959                         10 3.60000E+00 7.96000E+00
n-Li006-MT105-Murray-111050042.1959                             11 1.72000E+00 4.13000E+00
n-Li006-MT105-Murray-111050042A001.1959                         11 1.72000E+00 4.13000E+00
n-Li006-MT105-Overley-10382004.1974                             25 1.00000E-01 1.80000E+00
n-Li006-MT105-Overley-10382004A001.1974                         25 1.00000E-01 1.80000E+00
n-Li006-MT105-Pardo-11008002.1959                                1 2.70000E-01 2.70000E-01
n-Li006-MT105-Pardo-11008002A001.1959                            1 2.70000E-01 2.70000E-01
n-Li006-MT105-Perelygin-40455002.1961                            1 2.15000E+00 2.15000E+00
n-Li006-MT105-Poenitz-10378002.1974                             67 9.10000E-02 1.50000E+00
n-Li006-MT105-Poenitz-10378002A001.1974                         67 9.10000E-02 1.50000E+00
n-Li006-MT105-Rendic-30193004.1967                               2 2.70000E+00 1.44000E+01
n-Li006-MT105-Renner-108410031.1978                             12 8.16000E-02 4.66500E-01
n-Li006-MT105-Renner-108410031A001.1978                         12 8.16000E-02 4.66500E-01
n-Li006-MT105-Renner-108410032.1978                             12 8.16000E-02 4.66500E-01
n-Li006-MT105-Renner-108410032A001.1978                         12 8.16000E-02 4.66500E-01
n-Li006-MT105-Renner-10841004.1978                              12 8.16000E-02 4.66500E-01
n-Li006-MT105-Renner-10841004A001.1978                          12 8.16000E-02 4.66500E-01
n-Li006-MT105-Ribe-11094002.1956                                11 8.80000E-01 1.41000E+01
n-Li006-MT105-Ribe-11094002A001.1956                            11 8.80000E-01 1.41000E+01
n-Li006-MT105-Rochman-14108004.2006                            140 1.12000E-07 2.10000E-03
n-Li006-MT105-Rochman-14108005.2006                            110 1.12000E-07 3.08000E-04
n-Li006-MT105-Romano-14105002.2006                             130 1.12000E-07 1.05600E-03
n-Li006-MT105-Schwarz-20059002.1965                             31 2.90000E-03 1.48000E-01
n-Li006-MT105-Schwarz-20059005.1965                             52 1.61000E-01 5.88000E-01
n-Li006-MT105-Weddell-11076002.1954                              2 1.50000E+00 2.00000E+00
n-Li006-MT105-Weddell-11076002A001.1954                          2 1.50000E+00 2.00000E+00
