#              Filename                                         N    min         max
n-Y089-MT002-Andreeff-317540121.1963                             1 5.02500E-05 5.02500E-05
n-Y089-MT002-Bostrom-11130009.1959                               3 3.67000E+00 4.70000E+00
n-Y089-MT002-Bostrom-11130009A001.1959                           3 3.67000E+00 4.70000E+00
n-Y089-MT002-Bostrom-11130011.1959                               1 1.45000E+00 1.45000E+00
n-Y089-MT002-Bostrom-11130011A001.1959                           1 1.45000E+00 1.45000E+00
n-Y089-MT002-Cox-10332090.1972                                   1 8.89200E-01 8.89200E-01
n-Y089-MT002-Cox-10332090A001.1972                               1 8.89200E-01 8.89200E-01
n-Y089-MT002-Koester-218420271.1981                              1 0.00000E+00 0.00000E+00
n-Y089-MT002-Koester-218420272.1981                              1 0.00000E+00 0.00000E+00
n-Y089-MT002-Koester-218420273.1981                              1 0.00000E+00 0.00000E+00
n-Y089-MT002-Landon-11717006.1958                                1 2.20000E+00 2.20000E+00
n-Y089-MT002-Mcdaniel-10770027.1977                              1 2.75000E+00 2.75000E+00
n-Y089-MT002-Mcdaniel-10770027A001.1977                          1 2.75000E+00 2.75000E+00
n-Y089-MT002-Olsson-22048021.1987                                1 2.16000E+01 2.16000E+01
n-Y089-MT002-Olsson-22617003.1985                                1 2.16000E+01 2.16000E+01
n-Y089-MT002-Perey-10130022.1970                                 4 5.50000E+00 8.56000E+00
n-Y089-MT002-Perey-10130022A001.1970                             4 5.50000E+00 8.56000E+00
n-Y089-MT002-Popov-40940003.1986                                20 1.80000E-03 4.42000E-01
n-Y089-MT002-Rustad-11886004.1966                                1 2.53000E-08 2.53000E-08
n-Y089-MT002-Seth-11788004.1958                                  1 2.11000E-03 2.11000E-03
n-Y089-MT002-Towle-21331004.1969                                 2 2.35000E+00 3.77000E+00
n-Y089-MT002-Wilenzick-11287014.1965                             1 6.04000E+00 6.04000E+00
