#              Filename                                         N    min         max
n-Pu239-MT018-Adamchuk-400630063.1955                            1 2.95000E-07 2.95000E-07
n-Pu239-MT018-Adamchuk-40063013.1955                           237 1.21990E-08 9.71990E-04
n-Pu239-MT018-Adamov-40547017.1977                               1 1.47000E+01 1.47000E+01
n-Pu239-MT018-Adams-212090042.1961                              13 1.34000E+01 1.94000E+01
n-Pu239-MT018-Alkhazov-40911007.1983                             1 1.47000E+01 1.47000E+01
n-Pu239-MT018-Allen-21075005.1957                               22 3.00000E-02 3.00000E+00
n-Pu239-MT018-Anderson-12519006.1945                            38 5.20000E-07 4.75000E-04
n-Pu239-MT018-Auclair-21082007.1955                             56 4.30000E-09 9.80000E-07
n-Pu239-MT018-Barton-12490003.1967                               2 3.00000E+00 1.49000E+01
n-Pu239-MT018-Belyaev-40087007.1970                             96 9.93750E-05 9.86274E-03
n-Pu239-MT018-Berceanu-305250021.1979                          213 9.13800E-09 7.15990E-07
n-Pu239-MT018-Berceanu-305250022.1979                          213 9.13800E-09 7.15990E-07
n-Pu239-MT018-Bergman-40470003.1975                             21 2.50000E-04 2.75000E-02
n-Pu239-MT018-Bergman-40601003.1980                              9 2.00000E-04 4.50000E-02
n-Pu239-MT018-Bergman-40751002.1980                             68 1.03000E-04 4.91000E-02
n-Pu239-MT018-Bergman-40751005.1980                             24 1.50000E-04 4.50000E-02
n-Pu239-MT018-Bigham-12356008.1976                               1 2.53000E-08 2.53000E-08
n-Pu239-MT018-Blons-20001002.1970                             7289 3.76940E-05 3.01160E-02
n-Pu239-MT018-Bollinger-12502006.1958                          258 4.36000E-05 3.46000E-02
n-Pu239-MT018-Bollinger-12502008.1958                          220 4.57000E-07 4.34300E-05
n-Pu239-MT018-Bollinger-12502009.1958                           97 7.71000E-06 4.18500E-05
n-Pu239-MT018-Bollinger-12502015.1958                           48 2.40000E-08 4.80000E-07
n-Pu239-MT018-Bollinger-12502016.1958                           12 4.05000E-07 5.70000E-07
n-Pu239-MT018-Borcea-30089002.1970                               1 2.52600E-08 2.52600E-08
n-Pu239-MT018-Cance-20779005.1978                                2 1.39000E+01 1.46000E+01
n-Pu239-MT018-Chelnokov-40105003.1972                           26 2.00000E-04 3.46000E-02
n-Pu239-MT018-Czyzewski-30084002.1966                            5 1.31000E+01 1.53000E+01
n-Pu239-MT018-Davis-10314003.1978                                4 1.40000E-01 9.64000E-01
n-Pu239-MT018-Davis-10314003A001.1978                            4 1.40000E-01 9.64000E-01
n-Pu239-MT018-Deruytter-20132002.1972                          560 1.98100E-08 2.01470E-05
n-Pu239-MT018-Deruytter-20143004.1970                            1 2.53000E-08 2.53000E-08
n-Pu239-MT018-Deruytter-20143006.1970                           33 8.60000E-09 7.17000E-08
n-Pu239-MT018-Dubrovina-40716003.1964                           42 1.63000E-03 1.39000E+00
n-Pu239-MT018-Durham-12428006.1966                               1 2.53000E-08 2.53000E-08
n-Pu239-MT018-Fraysse-21520005.1965                              2 3.21600E-08 6.26000E-08
n-Pu239-MT018-Fraysse-21520007.1965                              1 2.53000E-08 2.53000E-08
n-Pu239-MT018-Fraysse-21520008.1965                              1 2.53000E-08 2.53000E-08
n-Pu239-MT018-Fraysse-21520009.1965                              1 2.53000E-08 2.53000E-08
n-Pu239-MT018-Fursov-41656003.1973                              39 1.36190E+00 7.44140E+00
n-Pu239-MT018-Garlea-30813010.1984                               1 1.47500E+01 1.47500E+01
n-Pu239-MT018-Garlea-31459023.1992                               1 1.47580E+01 1.47580E+01
n-Pu239-MT018-Gavrilov-40467002.1976                             1 2.53000E-08 2.53000E-08
n-Pu239-MT018-Gayther-20428002.1975                            294 1.00480E-03 1.00390E+00
n-Pu239-MT018-Gayther-20428003.1975                             33 1.25000E-03 9.50000E-01
n-Pu239-MT018-Gerasimov-41369025.1997                          376 4.60000E-08 2.69230E-02
n-Pu239-MT018-Grama-30019002.1967                               38 7.60000E-10 3.97000E-09
n-Pu239-MT018-Gwin-10035008.1971                              1317 1.89550E-08 4.23590E-05
n-Pu239-MT018-Gwin-10035008A001.1971                          1317 1.89550E-08 4.23590E-05
n-Pu239-MT018-Gwin-10035009.1971                              2322 3.91660E-05 1.97610E-03
n-Pu239-MT018-Gwin-10035009A001.1971                          2322 3.91660E-05 1.97610E-03
n-Pu239-MT018-Gwin-10267002.1976                                29 7.50000E-05 1.50000E-01
n-Pu239-MT018-Gwin-10267002A001.1976                            29 7.50000E-05 1.50000E-01
n-Pu239-MT018-Gwin-10267015.1976                               105 1.10000E-08 6.95000E-07
n-Pu239-MT018-Gwin-10267015A001.1976                           105 1.10000E-08 6.95000E-07
n-Pu239-MT018-Gwin-10267017.1976                              1949 7.02200E-07 1.94124E-03
n-Pu239-MT018-Gwin-10267017A001.1976                          1949 7.02200E-07 1.94124E-03
n-Pu239-MT018-Gwin-12905003.1984                              1527 1.59400E-09 3.99990E-05
n-Pu239-MT018-Ignatev-40156006.1964                             19 3.17000E-06 3.01500E-05
n-Pu239-MT018-Iyer-30035006.1969                                 1 1.41000E+01 1.41000E+01
n-Pu239-MT018-James-21090002.1966                               99 1.01400E-03 1.49800E-02
n-Pu239-MT018-James-22593003.1970                               15 2.50000E-05 9.50000E-04
n-Pu239-MT018-Kalinin-40741006.1958                             13 3.00000E+00 8.25000E+00
n-Pu239-MT018-Kalinin-40927006.1987                              1 1.92000E+00 1.92000E+00
n-Pu239-MT018-Kari-20786004.1978                               168 9.90000E-01 2.08900E+01
n-Pu239-MT018-Keith-23309004.1968                                1 2.53000E-08 2.53000E-08
n-Pu239-MT018-Kononov-40412006.1975                              7 1.50000E-02 7.50000E-02
n-Pu239-MT018-Kurov-40024005.1972                               30 7.75000E-06 1.75000E-02
n-Pu239-MT018-Kurov-40025005.1971                               20 1.50000E-04 2.48000E-02
n-Pu239-MT018-Leonardjr-124300042.1954                           1 2.99000E-07 2.99000E-07
n-Pu239-MT018-Leonardjr-12434003.1957                            1 1.00000E-07 1.00000E-07
n-Pu239-MT018-Leonardjr-125220021.1955                           1 2.99000E-07 2.99000E-07
n-Pu239-MT018-Leonardjr-12522004.1955                          143 5.00000E-09 2.50000E-06
n-Pu239-MT018-LiJingwenn-30634003.1983                           1 1.47000E+01 1.47000E+01
n-Pu239-MT018-Mahdavi-12826003.1982                              1 1.46300E+01 1.46300E+01
n-Pu239-MT018-Meadows-107340022.1978                            73 1.46000E-01 9.90300E+00
n-Pu239-MT018-Meadows-107340022A001.1978                        73 1.46000E-01 9.90300E+00
n-Pu239-MT018-Meadows-131340092.1988                             1 1.47400E+01 1.47400E+01
n-Pu239-MT018-Merla-22304005.1991                                3 4.90000E+00 1.88000E+01
n-Pu239-MT018-Merla-22304009.1991                                1 1.47000E+01 1.47000E+01
n-Pu239-MT018-Netter-22533003.1956                              40 6.80000E-01 3.36000E+00
n-Pu239-MT018-Nyer-12306006.1950                                 1 1.40000E+01 1.40000E+01
n-Pu239-MT018-Patrick-20002002.1968                           5302 1.00000E-04 2.99290E-02
n-Pu239-MT018-Patrick-20002003.1968                              9 1.50000E-04 9.50000E-04
n-Pu239-MT018-Patrick-20002004.1968                             20 1.50000E-04 2.50000E-02
n-Pu239-MT018-Patrick-20002005.1968                              1 2.40000E-02 2.40000E-02
n-Pu239-MT018-Pauw-20868019.1970                                 1 2.10000E-02 2.10000E-02
n-Pu239-MT018-Perkin-20584007.1965                               1 2.40000E-02 2.40000E-02
n-Pu239-MT018-Pratt-12509002.1956                                1 2.53000E-08 2.53000E-08
n-Pu239-MT018-Raffle-21471009.1959                               1 2.53000E-08 2.53000E-08
n-Pu239-MT018-Raffle-21471010.1959                               6 1.94000E-08 3.41000E-08
n-Pu239-MT018-Richmond-21031002.1956                           175 6.80000E-09 6.90000E-04
n-Pu239-MT018-Richmond-210310073.1956                            1 2.97000E-07 2.97000E-07
n-Pu239-MT018-Rochman-14091003.2005                            106 3.44000E-08 5.67780E-02
n-Pu239-MT018-Rochman-14108002.2006                            111 2.73000E-08 9.77000E-02
n-Pu239-MT018-Rochman-14108003.2006                             52 5.65000E-08 7.10000E-03
n-Pu239-MT018-Ryabov-40104010.1967                            1396 5.55000E-06 2.30500E-02
n-Pu239-MT018-Ryabov-40312004.1976                              11 1.49000E-04 2.42100E-03
n-Pu239-MT018-Ryabov-40312005.1976                              11 3.23100E-03 1.29000E-02
n-Pu239-MT018-Ryabov-404870021.1979                             20 1.50000E-05 2.50000E-03
n-Pu239-MT018-Ryabov-404870022.1979                             20 1.50000E-05 2.50000E-03
n-Pu239-MT018-Ryabov-404870023.1979                             20 1.50000E-05 2.50000E-03
n-Pu239-MT018-Ryabov-404870024.1979                             20 1.50000E-05 2.50000E-03
n-Pu239-MT018-Ryabov-40487003.1979                              17 3.50000E-03 9.50000E-02
n-Pu239-MT018-Ryabov-40487004.1979                              34 3.11000E-03 9.19700E-02
n-Pu239-MT018-Ryabov-40487005.1979                              11 3.10000E-03 1.18800E-02
n-Pu239-MT018-Ryabov-40487006.1979                              27 3.18000E-03 3.48400E-02
n-Pu239-MT018-Ryabov-40487007.1979                              20 1.50000E-05 2.50000E-03
n-Pu239-MT018-Schomberg-20476003.1970                           21 1.50000E-04 2.75000E-02
n-Pu239-MT018-Seppi-11791005.1958                               10 2.53000E-09 4.73000E-09
n-Pu239-MT018-Shcherbakov-41455012.2002                        166 5.77200E-01 1.96200E+02
n-Pu239-MT018-Shunk-12523002.1966                             2867 2.00300E-05 2.97700E-02
n-Pu239-MT018-Smirenkin-40650003.1962                           44 2.90000E-01 2.53000E+00
n-Pu239-MT018-Smith-12316009.1957                               26 2.00000E+00 2.00000E+01
n-Pu239-MT018-Szabo-20567003.1970                               21 3.50000E-02 9.72000E-01
n-Pu239-MT018-Szabo-20569003.1971                               15 1.15000E-02 1.99000E-01
n-Pu239-MT018-Szabo-20570003.1973                               20 8.05000E-01 2.61000E+00
n-Pu239-MT018-Szabo-20618003.1976                               13 2.35000E+00 5.53000E+00
n-Pu239-MT018-Szteinsznaider-21515002.1955                       1 1.07500E+00 1.07500E+00
n-Pu239-MT018-Taschek-14670003.1943                              7 8.70000E-02 1.45800E+00
n-Pu239-MT018-Theobald-209510021.1972                           14 5.50000E-05 1.50000E-03
n-Pu239-MT018-Theobald-209510022.1972                           14 5.50000E-05 1.50000E-03
n-Pu239-MT018-Tovesson-14271002.2010                          1460 1.01000E-08 1.98380E-01
n-Pu239-MT018-Tovesson-142710032.2010                          600 2.00680E-01 1.98000E+02
n-Pu239-MT018-Tunnicliffe-12515002.1951                          1 2.50000E-08 2.50000E-08
n-Pu239-MT018-Tunnicliffe-12515003.1951                          1 5.00000E-08 5.00000E-08
n-Pu239-MT018-Tunnicliffe-12515006.1951                         78 1.06000E-08 5.40000E-07
n-Pu239-MT018-Uttley-21468005.1956                               1 1.41000E+01 1.41000E+01
n-Pu239-MT018-Wagemans-21704007.1980                            15 6.50000E-08 2.50000E-02
n-Pu239-MT018-Wagemans-21704011.1980                          1021 2.22090E-08 1.99910E-06
n-Pu239-MT018-Wagemans-21704012.1980                          4905 2.00100E-06 4.99630E-03
n-Pu239-MT018-Wagemans-21704013.1980                           450 5.00910E-03 2.98510E-02
n-Pu239-MT018-Wagemans-22080004.1988                           514 2.00140E-09 2.03200E-05
n-Pu239-MT018-Wahl-124370042.1954                                2 2.50000E+00 1.41000E+01
n-Pu239-MT018-Weston-10301002.1972                              27 1.50000E-05 9.50000E-03
n-Pu239-MT018-Weston-10301002A001.1972                          27 1.50000E-05 9.50000E-03
n-Pu239-MT018-Weston-12877005.1984                            9692 9.73000E-06 2.00060E-01
n-Pu239-MT018-Weston-12877009.1984                              35 2.50000E-05 9.50000E-02
n-Pu239-MT018-Weston-12877012.1984                              10 1.81550E-05 8.92400E-02
n-Pu239-MT018-Weston-13488003.1992                           22139 9.99273E-05 2.00049E-02
n-Pu239-MT018-Weston-13488005.1992                              19 1.50000E-04 1.50000E-02
n-Pu239-MT018-Weston-13548002.1993                            4424 1.99100E-09 1.00000E-04
n-Pu239-MT018-White-211950072.1967                               4 1.00000E+00 1.41000E+01
n-Pu239-MT018-White-21463006.1965                                5 4.00000E-02 5.50000E-01
n-Pu239-MT018-White-21494004.1966                                2 2.53000E-08 2.53000E-08
n-Pu239-MT018-White-21494010.1966                                1 2.53000E-08 2.53000E-08
n-Pu239-MT018-ZhouXianjiann-30670002.1982                       16 1.00000E+00 5.60000E+00
n-Pu239-MT018-Zhuravlev-40476003.1976                            4 2.00000E-03 1.44000E-01
n-Pu239-MT018-Zhuravlev-40476010.1976                            1 2.53000E-08 2.53000E-08
