#              Filename                                         N    min         max     
n-Na023-rp011024-Yamamuro-10150003.1970                          1 2.53000E-08 2.53000E-08
n-Na023-rp011024-Sigg-10776028.1976                              1 1.46000E+01 1.46000E+01
n-Na023-rp011024-Meadows-11028007.1961                           1 2.53000E-08 2.53000E-08
n-Na023-rp011024-Yamamuro-10150003A001.1970                      1 2.53000E-08 2.53000E-08
n-Na023-rp011024-Sigg-10776028A001.1976                          1 1.46000E+01 1.46000E+01
n-Na023-rp011024-Meadows-11028007A001.1961                       1 2.53000E-08 2.53000E-08
n-Na023-rp011024-Macklin-11331003.1963                           2 3.00000E-02 6.50000E-02
n-Na023-rp011024-Macklin-11399002.1957                           1 2.40000E-02 2.40000E-02
n-Na023-rp011024-Bamejr-11405002.1959                           19 2.00000E-02 9.90000E-01
n-Na023-rp011024-Lyon-11407002.1959                              1 1.95000E-01 1.95000E-01
n-Na023-rp011024-Menlove-11420002.1967                          17 9.70000E-01 1.93900E+01
n-Na023-rp011024-Booth-11429002.1958                             1 2.40000E-02 2.40000E-02
n-Na023-rp011024-Reesejr-11448002.1953                           1 5.50000E-01 5.50000E-01
n-Na023-rp011024-Schuman-14080008.1970                           1 2.00000E-03 2.00000E-03
n-Na023-rp011024-Ryves-20790002.1970                             1 2.53000E-08 2.53000E-08
n-Na023-rp011024-Magnusson-21004006.1980                         1 1.47000E+01 1.47000E+01
n-Na023-rp011024-Cocking-21183002.1956                           1 2.53000E-08 2.53000E-08
n-Na023-rp011024-Lerigoleur-21192003.1966                        7 8.55000E-03 9.60000E-02
n-Na023-rp011024-Lerigoleur-21192005.1966                       11 1.25000E-02 1.34000E-01
n-Na023-rp011024-Perkin-21438002.1958                            1 1.45000E+01 1.45000E+01
n-Na023-rp011024-Rose-21470004.1958                              1 2.53000E-08 2.53000E-08
n-Na023-rp011024-Rose-21470005.1958                              1 2.53000E-08 2.53000E-08
n-Na023-rp011024-Farinaarbocco-23266004.2013                     1 2.53000E-08 2.53000E-08
n-Na023-rp011024-Farinaarbocco-23266005.2013                     2 2.53000E-08 2.53000E-08
n-Na023-rp011024-Decorte-23488002.1988                           1 2.53000E-08 2.53000E-08
n-Na023-rp011024-Csikai-30067002.1967                            1 1.47000E+01 1.47000E+01
n-Na023-rp011024-Csikai-30067019.1967                            7 1.34000E+01 1.50000E+01
n-Na023-rp011024-Hasan-30077002.1968                             1 2.40000E-02 2.40000E-02
n-Na023-rp011024-Holub-30145002.1972                             1 1.44000E+01 1.44000E+01
n-Na023-rp011024-Firestone-317360031.2014                        1 2.53000E-08 2.53000E-08
n-Na023-rp011024-Firestone-317360032.2014                        1 2.53000E-08 2.53000E-08
n-Na023-rp011024-Firestone-317360033.2014                        1 2.53000E-08 2.53000E-08
n-Na023-rp011024-Firestone-317360034.2014                        1 2.53000E-08 2.53000E-08
n-Na023-rp011024-Firestone-31736004.2014                         1 2.53000E-08 2.53000E-08
n-Na023-rp011024-Firestone-31736005.2014                         1 2.53000E-08 2.53000E-08
n-Na023-rp011024-Firestone-31736007.2014                         1 2.53000E-08 2.53000E-08
n-Na023-rp011024-Gandhi-33150002.2020                            1 1.49200E+01 1.49200E+01
n-Na023-rp011024-Gandhi-33154002.2021                            3 6.10000E-01 3.13000E+00
n-Na023-rp011024-Leipunskiy-40244065.1958                        1 2.00000E-01 2.00000E-01
n-Na023-rp011024-Kononov-40421002.1958                           1 2.40000E-02 2.40000E-02
n-Na023-rp011024-Groshev-40589003.1955                           1 2.53000E-08 2.53000E-08
