#              Filename                                         N    min         max     
p-Al027-rp011024-Lagunassolar-A0445003.1988                     22 1.02000E+01 6.66000E+01
p-Al027-rp011024-Titarenko-A09020041.2011                       60 6.60000E+01 2.60500E+03
p-Al027-rp011024-Titarenko-A09020042.2011                       66 4.08000E+01 2.60500E+03
p-Al027-rp011024-Meghir-B0016003.1962                           15 2.70000E+01 8.65000E+01
p-Al027-rp011024-Meghir-B0016006.1962                           11 2.70000E+01 8.65000E+01
p-Al027-rp011024-Schneider-C0199002.1987                         8 4.00000E+01 1.59000E+02
p-Al027-rp011024-VastupalParikhh-C0207005.1960                  14 1.00000E+02 1.00000E+03
p-Al027-rp011024-Parikh-C0208010.1960                            1 3.42000E+02 3.42000E+02
p-Al027-rp011024-Cumming-C0216003.1958                           2 2.00000E+03 3.00000E+03
p-Al027-rp011024-Marquez-C0250012.1952                           1 4.20000E+02 4.20000E+02
p-Al027-rp011024-Cumming-C0261008.1962                           1 2.80000E+04 2.80000E+04
p-Al027-rp011024-Friedlander-C0264002.1955                       5 6.00000E+02 3.00000E+03
p-Al027-rp011024-Gauvin-C0394006.1962                           10 6.00000E+01 1.50000E+02
p-Al027-rp011024-Taddeucci-C0461004.1997                         2 4.95000E+02 7.95000E+02
p-Al027-rp011024-Morgan-C0950003.2003                            6 4.00000E+02 2.24000E+04
p-Al027-rp011024-Cumming-C2011002.1981                           2 8.10000E+02 2.80000E+04
p-Al027-rp011024-Kaufman-C2368013.1979                           1 3.00000E+05 3.00000E+05
p-Al027-rp011024-Pulfer-D0053006.1979                            6 3.49300E+01 7.08700E+01
p-Al027-rp011024-Brun-D0128003.1962                             11 4.05000E+01 1.54700E+02
p-Al027-rp011024-Khandaker-D7003002.2011                         7 3.09000E+01 3.83000E+01
p-Al027-rp011024-Miyano-E0057003.1973                            6 3.40400E+01 5.18000E+01
p-Al027-rp011024-Damdinsuren-F1278003.1987                       1 3.65000E+03 3.65000E+03
p-Al027-rp011024-Titarenko-O0985002.1999                        12 6.70000E+01 2.60000E+03
p-Al027-rp011024-Titarenko-O1728013.2009                        19 3.55000E+01 2.60600E+03
p-Al027-rp011024-Michel-A0100013.1985                           25 4.64000E+01 1.99000E+02
p-Al027-rp011024-Williams-B0073020.1967                         12 3.35000E+01 6.12000E+01
p-Al027-rp011024-Hintz-B0076003.1952                            37 1.34000E+01 1.18000E+02
p-Al027-rp011024-Goebel-B0094002.1961                            1 5.91000E+02 5.91000E+02
p-Al027-rp011024-Cumming-B0095003.1963                           4 3.74000E+01 5.06000E+01
p-Al027-rp011024-Crandall-B0101005.1956                          1 3.50000E+02 3.50000E+02
p-Al027-rp011024-Hogan-B0131002.1978                            10 4.03000E+01 1.00500E+02
p-Al027-rp011024-Gruetter-D0505024.1982                         21 3.43000E+01 6.89000E+01
p-Al027-rp011024-Nair-D6156002.1993                              1 1.79000E+01 1.79000E+01
p-Al027-rp011024-Hirabayashi-E09620021.1982                      1 1.20000E+04 1.20000E+04
p-Al027-rp011024-Hirabayashi-E09620022.1982                      1 1.20000E+04 1.20000E+04
p-Al027-rp011024-Hirabayashi-E09620023.1982                      1 1.20000E+04 1.20000E+04
p-Al027-rp011024-Hirabayashi-E09620024.1982                      1 1.20000E+04 1.20000E+04
p-Al027-rp011024-Uddin-E1894002.2004                             9 3.07260E+01 6.71540E+01
p-Al027-rp011024-Michel-O00780044.1989                           1 6.00000E+02 6.00000E+02
p-Al027-rp011024-Michel-O0276012.1997                          112 2.47000E+01 3.62000E+02
p-Al027-rp011024-Michel-O0277027.1995                            4 8.00000E+02 2.60000E+03
p-Al027-rp011024-Bodemann-O0282010.1993                          2 6.30000E+01 9.40000E+01
p-Al027-rp011024-Schiekel-O0284017.1996                         84 2.11000E+02 3.98000E+02
p-Al027-rp011024-Barashenkov-O0339003.1990                       1 1.10000E+03 1.10000E+03
p-Al027-rp011024-Titarenko-O0900002S.1998                        1 1.50000E+03 1.50000E+03
p-Al027-rp011024-Holub-T0128002.1977                            11 4.00000E+01 8.50000E+01
