#              Filename                                         N    min         max
n-Be009-MT003-Ball-11257002.1958                                 4 7.00000E+00 1.12000E+01
n-Be009-MT003-Beyster-11216002.1955                              1 4.07000E+00 4.07000E+00
n-Be009-MT003-Beyster-11216002A001.1955                          1 4.07000E+00 4.07000E+00
n-Be009-MT003-Beyster-11220002.1956                              1 7.00000E+00 7.00000E+00
n-Be009-MT003-Beyster-11220002A001.1956                          1 7.00000E+00 7.00000E+00
n-Be009-MT003-Cohen-21211002.1961                                1 1.40800E+01 1.40800E+01
n-Be009-MT003-Didier-21501002.1963                               1 1.42000E+01 1.42000E+01
n-Be009-MT003-Eaton-20368003.1968                                7 2.30000E+00 5.20000E+00
n-Be009-MT003-Flerov-40369002.1956                               1 1.45000E+01 1.45000E+01
n-Be009-MT003-Gorbachev-40391004.1958                            1 1.40000E+01 1.40000E+01
n-Be009-MT003-Levin-11192005.1960                                7 2.48000E+00 4.10000E+00
n-Be009-MT003-Levin-11192005A001.1960                            7 2.48000E+00 4.10000E+00
n-Be009-MT003-Macgregor-11226002.1957                            1 1.42000E+01 1.42000E+01
n-Be009-MT003-Macgregor-11226002A001.1957                        1 1.42000E+01 1.42000E+01
n-Be009-MT003-Macgregor-11230002.1958                            1 2.55000E+01 2.55000E+01
n-Be009-MT003-Macgregor-11230002A001.1958                        1 2.55000E+01 2.55000E+01
n-Be009-MT003-Marion-11232005.1959                               2 5.00000E+00 6.00000E+00
n-Be009-MT003-Marion-11232005A001.1959                           2 5.00000E+00 6.00000E+00
n-Be009-MT003-Mctaggart-21750002.1963                            4 1.40000E+01 1.40000E+01
n-Be009-MT003-Schimmerling-10082014.1973                        15 3.79000E+02 1.73100E+03
n-Be009-MT003-Schimmerling-10082014A001.1973                    15 3.79000E+02 1.73100E+03
n-Be009-MT003-Taylor-11217002.1955                               2 1.27000E+01 1.41000E+01
n-Be009-MT003-Taylor-11217002A001.1955                           2 1.27000E+01 1.41000E+01
n-Be009-MT003-Walt-11215003.1955                                 1 4.10000E+00 4.10000E+00
n-Be009-MT003-Walt-11215003A001.1955                             1 4.10000E+00 4.10000E+00
n-Be009-MT003-Weaver-20353003.1974                               9 2.46400E+00 3.92400E+00
