#              Filename                                         N    min         max     
a-Au197-rp081199-Necheva-A0222004.1997                           6 1.95000E+01 3.59000E+01
a-Au197-rp081199-Hashimoto-A0288003.1984                         5 5.40000E+01 1.16000E+02
a-Au197-rp081199-Chakravarty-A0582003.1998                       6 3.48800E+01 4.82100E+01
a-Au197-rp081199-Singh-A0614003.1988                            10 2.64000E+01 7.10000E+01
a-Au197-rp081199-Kurz-B0002003.1971                             15 1.86000E+01 5.24000E+01
a-Au197-rp081199-Lanzafame-B0042003.1970                        48 1.86000E+01 5.67000E+01
a-Au197-rp081199-Nagame-B0172003.1979                           15 2.05000E+01 3.88000E+01
a-Au197-rp081199-Basunia-C1516004.2007                           5 1.79000E+01 2.39000E+01
a-Au197-rp081199-Calboreanu-D0030003.1982                       31 1.82800E+01 2.70100E+01
a-Au197-rp081199-Capurro-D0050003.1985                          16 1.76000E+01 5.43000E+01
a-Au197-rp081199-Szucs-D4406002.2019                             6 1.74800E+01 1.99200E+01
a-Au197-rp081199-Hashimoto-E0808003.1984                         5 5.40000E+01 1.16000E+02
a-Au197-rp081199-Kulko-F0858003.2007                             7 2.05000E+01 3.50000E+01
a-Au197-rp081199-Mukherjee-O1121003.1995                         9 3.14000E+01 7.00000E+01
a-Au197-rp081199-Shah-O1181003.1995                             10 1.95000E+01 4.72000E+01
a-Au197-rp081199-Bhardwaj-O1206003.1986                          8 1.93000E+01 3.79000E+01
a-Au197-rp081199-Ismail-O1266013.1998                           31 1.74000E+01 5.20000E+01
a-Au197-rp081199-Vandevijver-P0086002.1963                       6 2.17000E+01 4.02000E+01
a-Au197-rp081199-Vinciguerra-P0107003.1966                      13 2.29000E+01 4.25000E+01
