#              Filename                                         N    min         max     
n-P031-rp013028-Sigg-10776011.1976                               1 1.46000E+01 1.46000E+01
n-P031-rp013028-Kantele-111960082.1962                           1 1.47000E+01 1.47000E+01
n-P031-rp013028-Sigg-10776011A001.1976                           1 1.46000E+01 1.46000E+01
n-P031-rp013028-Kantele-111960082A001.1962                       1 1.47000E+01 1.47000E+01
n-P031-rp013028-Paul-11274014.1953                               1 1.45000E+01 1.45000E+01
n-P031-rp013028-Gabbard-11494005.1962                            8 1.29500E+01 1.66000E+01
n-P031-rp013028-Pasquarelli-20889015.1967                        1 1.47000E+01 1.47000E+01
n-P031-rp013028-Bass-20928008.1966                             116 6.12500E+00 9.00000E+00
n-P031-rp013028-Cuzzocrea-21131002.1963                         20 3.00000E+00 5.09000E+00
n-P031-rp013028-Bormann-21343007.1963                            7 1.32000E+01 1.97000E+01
n-P031-rp013028-Holmberg-21608002.1978                           1 1.47000E+01 1.47000E+01
n-P031-rp013028-Hannappel-21612003.1979                          1 1.49000E+01 1.49000E+01
n-P031-rp013028-Ercan-22338031.1991                              1 1.46000E+01 1.46000E+01
n-P031-rp013028-Fessler-22414010.2000                            5 1.60440E+01 2.02610E+01
n-P031-rp013028-Kasugai-22434004.1998                            6 1.34000E+01 1.48700E+01
n-P031-rp013028-Garuska-30479004.1978                            1 1.46000E+01 1.46000E+01
n-P031-rp013028-Zupranska-30581002.1980                         10 1.30000E+01 1.78000E+01
n-P031-rp013028-Janczyszyn-307740042.1982                        1 1.49000E+01 1.49000E+01
n-P031-rp013028-Peil-31469002.1965                               1 1.45000E+01 1.45000E+01
n-P031-rp013028-Gopych-41032025.1987                             1 1.46000E+01 1.46000E+01
