#              Filename                                         N    min         max     
n-Cu063-rp029064-Gleason-10662002.1977                           1 2.53000E-08 2.53000E-08
n-Cu063-rp029064-Gleason-10662002A001.1977                       1 2.53000E-08 2.53000E-08
n-Cu063-rp029064-Macklin-11399010.1957                           1 2.40000E-02 2.40000E-02
n-Cu063-rp029064-Lyon-11407005.1959                              1 1.95000E-01 1.95000E-01
n-Cu063-rp029064-Booth-11429008.1958                             1 2.40000E-02 2.40000E-02
n-Cu063-rp029064-Blair-11796002.1944                             5 1.70000E-01 7.50000E-01
n-Cu063-rp029064-Schuman-14080013.1970                           1 2.00000E-03 2.00000E-03
n-Cu063-rp029064-Weigand-14467002.2017                         398 7.40000E-05 6.90483E-01
n-Cu063-rp029064-Newsome-14502002.2018                           2 3.90000E-01 8.80000E-01
n-Cu063-rp029064-Newsome-14502003.2018                           8 1.34000E+00 7.39000E+00
n-Cu063-rp029064-Pinoncelli-20185002.1967                        1 2.53000E-08 2.53000E-08
n-Cu063-rp029064-Vervier-20205004.1959                           1 2.50000E-02 2.50000E-02
n-Cu063-rp029064-Ryves-20561002.1974                             1 2.53000E-08 2.53000E-08
n-Cu063-rp029064-Ryves-20789016.1970                             1 2.53000E-08 2.53000E-08
n-Cu063-rp029064-Perkin-21438009.1958                            1 1.45000E+01 1.45000E+01
n-Cu063-rp029064-Voignier-22006003.1992                          4 5.00000E-01 3.00000E+00
n-Cu063-rp029064-Celenk-22234004.1991                            1 2.53000E-08 2.53000E-08
n-Cu063-rp029064-Mannhart-22902006.2004                          1 9.53000E+00 9.53000E+00
n-Cu063-rp029064-Farinaarbocco-23266054.2013                     1 2.53000E-08 2.53000E-08
n-Cu063-rp029064-Farinaarbocco-23266055.2013                     2 2.53000E-08 2.53000E-08
n-Cu063-rp029064-Decorte-23488018.1988                           1 2.53000E-08 2.53000E-08
n-Cu063-rp029064-Diksic-30023002.1970                            1 3.00000E+00 3.00000E+00
n-Cu063-rp029064-Hasan-30077005.1968                             1 2.40000E-02 2.40000E-02
n-Cu063-rp029064-Anand-30390003.1979                             1 2.50000E-02 2.50000E-02
n-Cu063-rp029064-Chaturvedi-30493003.1970                        1 2.40000E-02 2.40000E-02
n-Cu063-rp029064-Kim-31593002.2007                               4 1.40900E+00 2.01500E+00
n-Cu063-rp029064-Sriramachandramurty-31712015.1973               1 2.40000E-02 2.40000E-02
n-Cu063-rp029064-Tolstikov-40002002.1966                        27 9.00000E-03 3.62800E+00
n-Cu063-rp029064-Zaikin-40248002.1968                           18 2.30000E-01 3.11000E+00
