#              Filename                                         N    min         max
n-Fe054-MT051-Almenramstrom-20788007.1975                        9 2.50000E+00 4.50000E+00
n-Fe054-MT051-Boschung-10037012.1971                             3 4.04000E+00 5.60000E+00
n-Fe054-MT051-Boschung-10037012A001.1971                         3 4.04000E+00 5.60000E+00
n-Fe054-MT051-Elkadi-10958011.1982                               4 7.96000E+00 1.39200E+01
n-Fe054-MT051-Elkadi-10958011A001.1982                           4 7.96000E+00 1.39200E+01
n-Fe054-MT051-Fedorov-40286010.1973                              1 2.90000E+00 2.90000E+00
n-Fe054-MT051-Gilboy-21097008.1965                               7 1.99000E+00 3.99000E+00
n-Fe054-MT051-Guenther-13104004.1986                            28 1.98000E+00 3.97000E+00
n-Fe054-MT051-Guenther-13104008.1986                            32 1.42100E+00 3.55600E+00
n-Fe054-MT051-Kinney-10469017.1974                               3 5.50000E+00 8.50000E+00
n-Fe054-MT051-Kinney-10469017A001.1974                           3 5.50000E+00 8.50000E+00
n-Fe054-MT051-Kinney-10469020.1974                               7 5.50000E+00 8.50000E+00
n-Fe054-MT051-Kinney-10469020A001.1974                           7 5.50000E+00 8.50000E+00
n-Fe054-MT051-Kinney-10469022.1974                               4 5.50000E+00 7.00000E+00
n-Fe054-MT051-Kinney-10469022A001.1974                           4 5.50000E+00 7.00000E+00
n-Fe054-MT051-Kinney-10469023.1974                               1 5.50000E+00 5.50000E+00
n-Fe054-MT051-Kinney-10469023A001.1974                           1 5.50000E+00 5.50000E+00
n-Fe054-MT051-Kinney-10469025.1974                               7 5.50000E+00 8.50000E+00
n-Fe054-MT051-Kinney-10469025A001.1974                           7 5.50000E+00 8.50000E+00
n-Fe054-MT051-Kinney-10469026.1974                               6 5.50000E+00 8.01000E+00
n-Fe054-MT051-Kinney-10469026A001.1974                           6 5.50000E+00 8.01000E+00
n-Fe054-MT051-Kinney-10469027.1974                               6 5.50000E+00 8.01000E+00
n-Fe054-MT051-Kinney-10469027A001.1974                           6 5.50000E+00 8.01000E+00
n-Fe054-MT051-Kinney-10469028.1974                               1 8.50000E+00 8.50000E+00
n-Fe054-MT051-Kinney-10469028A001.1974                           1 8.50000E+00 8.50000E+00
n-Fe054-MT051-Korzh-32230012.1987                                3 5.00000E+00 7.00000E+00
n-Fe054-MT051-Korzh-32230013.1987                                3 5.00000E+00 7.00000E+00
n-Fe054-MT051-Korzh-40531120.1975                                3 2.00000E+00 3.00000E+00
n-Fe054-MT051-Korzh-40532017.1977                                3 2.00000E+00 3.00000E+00
n-Fe054-MT051-Mittler-10519002.1975                             29 1.45500E+00 3.96200E+00
n-Fe054-MT051-Mittler-10519002A001.1975                         29 1.45500E+00 3.96200E+00
n-Fe054-MT051-Olacel-23461015.2018                             326 1.41240E+00 1.76020E+01
n-Fe054-MT051-Rodgers-11276004.1967                              1 2.33000E+00 2.33000E+00
