#              Filename                                         N    min         max
n-Br079-MT016-Araminowicz-30264022.1973                          1 1.46000E+01 1.46000E+01
n-Br079-MT016-Bormann-21503005.1967                              9 1.31800E+01 1.62500E+01
n-Br079-MT016-Carles-21400004.1963                               1 1.41000E+01 1.41000E+01
n-Br079-MT016-Cevolani-21266010.1962                             1 1.41300E+01 1.41300E+01
n-Br079-MT016-ChangLinLannn-31615007.2008                        2 1.35000E+01 1.48000E+01
n-Br079-MT016-Grimeland-20106009.1965                            1 1.48000E+01 1.48000E+01
n-Br079-MT016-Grimeland-20106010.1965                            1 1.48000E+01 1.48000E+01
n-Br079-MT016-Koehler-11785003.1962                              8 1.22500E+01 1.81000E+01
n-Br079-MT016-LiangyongZhaoo-31676002.2009                       2 1.35000E+01 1.46000E+01
n-Br079-MT016-Minetti-21104003.1967                              1 1.47000E+01 1.47000E+01
n-Br079-MT016-Okumura-20303010.1967                              9 1.33900E+01 1.49600E+01
n-Br079-MT016-Pansare-330010051.1993                             1 1.47000E+01 1.47000E+01
n-Br079-MT016-Pansare-330010052.1993                             1 1.47000E+01 1.47000E+01
n-Br079-MT016-Paul-11274056.1953                                 1 1.45000E+01 1.45000E+01
n-Br079-MT016-Rayburn-11328019.1961                              1 1.44000E+01 1.44000E+01
n-Br079-MT016-Sakane-22662006.2001                               6 1.34000E+01 1.48700E+01
n-Br079-MT016-Valkonen-20673023.1976                             1 1.47000E+01 1.47000E+01
n-Br079-MT016-Venugopalarao-10157003.1971                        1 1.44000E+01 1.44000E+01
n-Br079-MT016-Venugopalarao-10157003A001.1971                    1 1.44000E+01 1.44000E+01
n-Br079-MT016-Williams-12827002.1981                             1 1.46000E+01 1.46000E+01
n-Br079-MT016-Williams-12827003.1981                             1 1.46000E+01 1.46000E+01
