#              Filename                                         N    min         max     
p-Cu063-rp030063-Antropov-A0072005.1980                          1 6.07000E+00 6.07000E+00
p-Cu063-rp030063-Sevior-A0198007.1983                           29 4.24600E+00 4.83300E+00
p-Cu063-rp030063-Levkovski-A0510078.1991                        25 7.70000E+00 2.95000E+01
p-Cu063-rp030063-Ghoshal-B0017005.1950                          18 3.90000E+00 2.21000E+01
p-Cu063-rp030063-Steinberg-B0031002.1973                         7 1.50000E+03 1.15000E+04
p-Cu063-rp030063-Blaser-B0048002.1951                            9 4.22000E+00 6.30000E+00
p-Cu063-rp030063-Taketani-B0051004.1962                          6 4.20000E+00 6.52000E+00
p-Cu063-rp030063-Taketani-B0051007.1962                          4 4.31000E+00 6.56000E+00
p-Cu063-rp030063-Meadows-B0054004.1953                          16 5.00000E+00 9.92000E+01
p-Cu063-rp030063-Colle-B0057002.1974                            49 3.99000E+00 2.50200E+01
p-Cu063-rp030063-Hille-B0058002.1972                             8 8.70000E+00 1.58000E+01
p-Cu063-rp030063-Howe-B0060002.1958                             15 4.50000E+00 1.14000E+01
p-Cu063-rp030063-Humes-B0061005.1963                             1 6.75000E+00 6.75000E+00
p-Cu063-rp030063-Jones-B0063002.1961                             1 9.85000E+00 9.85000E+00
p-Cu063-rp030063-Dell-B0064005.1965                              1 6.75000E+00 6.75000E+00
p-Cu063-rp030063-Hansen-B0066004.1962                            6 6.00000E+00 1.10000E+01
p-Cu063-rp030063-Chackett-B0070002.1962                          1 9.30000E+00 9.30000E+00
p-Cu063-rp030063-Reuland-B0071004.1969                           1 4.00000E+02 4.00000E+02
p-Cu063-rp030063-Qiang-C0739005.1990                            41 4.23100E+00 6.54000E+00
p-Cu063-rp030063-Albert-C2006002.1961                            1 9.85000E+00 9.85000E+00
p-Cu063-rp030063-Switkowski-D0118006.1978                        9 4.21474E+00 6.53755E+00
p-Cu063-rp030063-Ivascu-D0646006.2010                            2 5.14000E+00 5.23000E+00
p-Cu063-rp030063-Antropov-O0076006.1985                          1 6.24000E+00 6.24000E+00
p-Cu063-rp030063-Wing-T0124004.1962                             22 4.50000E+00 1.05000E+01
p-Cu063-rp030063-Johnson-T0126034.1964                          29 4.26000E+00 5.81100E+00
p-Cu063-rp030063-Johnson-T0135003.1960                          29 4.24000E+00 5.78000E+00
