#              Filename                                         N    min         max     
n-Au197-rp079196n-Hankla-10244007.1972                           1 1.44000E+01 1.44000E+01
n-Au197-rp079196n-Hankla-10244007A001.1972                       1 1.44000E+01 1.44000E+01
n-Au197-rp079196n-Tewes-11504015.1960                           14 9.35000E+00 1.51000E+01
n-Au197-rp079196n-Prestwood-11645025.1961                       10 1.21300E+01 1.97600E+01
n-Au197-rp079196n-Harper-12730006.1982                           1 1.42000E+01 1.42000E+01
n-Au197-rp079196n-Ghorai-129080022.1984                          5 1.42000E+01 1.82000E+01
n-Au197-rp079196n-Ghorai-12908003.1984                           1 1.42000E+01 1.42000E+01
n-Au197-rp079196n-Dilg-20802017.1968                             1 1.47000E+01 1.47000E+01
n-Au197-rp079196n-Laurec-21709010.1981                           2 1.41000E+01 1.48000E+01
n-Au197-rp079196n-Ikeda-22089109.1988                           11 1.35500E+01 1.49600E+01
n-Au197-rp079196n-Tsinganis-23154003.2011                        4 9.00000E+00 1.05000E+01
n-Au197-rp079196n-Uno-23279002.1996                              6 1.75500E+01 3.00900E+01
n-Au197-rp079196n-Kalamara-233960031.2018                        6 1.53000E+01 2.09000E+01
n-Au197-rp079196n-Kalamara-233960032.2018                        6 1.53000E+01 2.09000E+01
n-Au197-rp079196n-Kalamara-23396005.2018                        12 1.53000E+01 2.09000E+01
n-Au197-rp079196n-Reggoug-306980041.1982                         1 1.47000E+01 1.47000E+01
n-Au197-rp079196n-Mangal-31254007.1965                           1 1.48000E+01 1.48000E+01
n-Au197-rp079196n-Belgaid-31524021.1992                          1 1.47300E+01 1.47300E+01
n-Au197-rp079196n-Majerle-31767003.2016                          8 1.73000E+01 3.55000E+01
n-Au197-rp079196n-Chudoba-31787006.2018                          8 1.74000E+01 3.35000E+01
n-Au197-rp079196n-Jarosik-31842011.2022                          3 1.75000E+01 2.75000E+01
n-Au197-rp079196n-Vrzalova-31857009.2023                         8 3.04000E+01 9.40000E+01
n-Au197-rp079196n-YunfengMouu-326470022.2002                     1 1.40000E+01 1.40000E+01
n-Au197-rp079196n-ChuanxinZhuu-326960112.2011                    6 1.34000E+01 1.48000E+01
n-Au197-rp079196n-Tawade-33177005.2022                           1 1.46000E+01 1.46000E+01
n-Au197-rp079196n-Filatenkov-41614230.2016                       8 1.34800E+01 1.48300E+01
