#              Filename                                         N    min         max
n-Cu063-MT107-Artemev-41321008.1980                              1 1.48000E+01 1.48000E+01
n-Cu063-MT107-Barrall-10022016.1969                              1 1.46000E+01 1.46000E+01
n-Cu063-MT107-Barrall-10022016A001.1969                          1 1.46000E+01 1.46000E+01
n-Cu063-MT107-Bormann-20471002.1972                              1 1.42000E+01 1.42000E+01
n-Cu063-MT107-Csikai-222050021.1991                              1 1.45000E+01 1.45000E+01
n-Cu063-MT107-Csikai-222050022.1991                              1 1.45000E+01 1.45000E+01
n-Cu063-MT107-Czapp-20088004.1960                                1 1.40000E+01 1.40000E+01
n-Cu063-MT107-Filatenkov-41614030.2016                           8 1.34700E+01 1.48600E+01
n-Cu063-MT107-Garuska-30553004.1980                              1 1.46000E+01 1.46000E+01
n-Cu063-MT107-Gledenov-32748003.2014                             4 5.00000E+00 6.50000E+00
n-Cu063-MT107-Greenwood-12977016.1987                            5 1.45000E+01 1.49000E+01
n-Cu063-MT107-Ikeda-22658004.1996                                2 1.45000E+01 1.48000E+01
n-Cu063-MT107-Kayashima-21300010.1979                            1 1.46000E+01 1.46000E+01
n-Cu063-MT107-Konno-22637005.1993                                8 1.33200E+01 1.49100E+01
n-Cu063-MT107-LuHanlinn-31407002.1990                            6 1.28200E+01 1.76300E+01
n-Cu063-MT107-Maslov-40136013.1974                               1 1.46000E+01 1.46000E+01
n-Cu063-MT107-Meadows-13586005.1996                              1 1.00000E+01 1.00000E+01
n-Cu063-MT107-Meadows-13586015.1996                              1 1.47000E+01 1.47000E+01
n-Cu063-MT107-Meadows-22657005.1996                              1 1.47000E+01 1.47000E+01
n-Cu063-MT107-Paulsen-20388004.1967                             40 5.76000E+00 1.95500E+01
n-Cu063-MT107-Paulsen-20390010.1967                              2 8.19000E+00 1.47000E+01
n-Cu063-MT107-Plompen-22684012.2002                              9 1.33200E+01 1.99400E+01
n-Cu063-MT107-Semkova-22745002.2004                              8 1.33500E+01 1.99700E+01
n-Cu063-MT107-WangYongchangg-32576002.1990                       6 1.36400E+01 1.48000E+01
n-Cu063-MT107-Winkler-109210022.1980                             8 3.56000E+00 5.26800E+00
n-Cu063-MT107-Winkler-109210022A001.1980                         8 3.56000E+00 5.26800E+00
n-Cu063-MT107-Winkler-109210032.1980                            21 5.12000E+00 9.87300E+00
n-Cu063-MT107-Winkler-109210032A001.1980                        21 5.12000E+00 9.87300E+00
n-Cu063-MT107-Winkler-21219002.1978                              1 1.48000E+01 1.48000E+01
