#              Filename                                         N    min         max
n-Al027-MT001-Abfalterer-14184002.1993                         514 5.00300E+00 6.99800E+00
n-Al027-MT001-Ageno-21263003.1953                                1 1.40000E+01 1.40000E+01
n-Al027-MT001-Ahmed-30096002.1966                                1 7.56400E-01 7.56400E-01
n-Al027-MT001-Albergotti-11467003.1966                          38 1.23000E+01 1.60000E+01
n-Al027-MT001-Allen-23521003.1947                               19 2.00450E+00 3.78360E+00
n-Al027-MT001-Allen-23521004.1947                                2 3.50000E-01 5.50000E-01
n-Al027-MT001-Ambrosino-21225005.1965                            1 2.76800E+00 2.76800E+00
n-Al027-MT001-Angeli-30113008.1970                               1 1.45000E+01 1.45000E+01
n-Al027-MT001-Ashmore-21680006.1957                              1 3.51200E+02 3.51200E+02
n-Al027-MT001-Atchison-23102002.2009                             1 2.00000E-13 2.00000E-13
n-Al027-MT001-Atkinson-11112009.1961                             1 5.00000E+03 5.00000E+03
n-Al027-MT001-Atkinson-11112009A001.1961                         1 5.00000E+03 5.00000E+03
n-Al027-MT001-Auman-10230007.1972                                7 2.92500E+01 5.89000E+01
n-Al027-MT001-Auman-10230007A001.1972                            7 2.92500E+01 5.89000E+01
n-Al027-MT001-Bally-30206002.1962                               34 2.92750E-09 5.51860E-09
n-Al027-MT001-Biel-10603003.1976                                 8 5.40710E+04 2.79060E+05
n-Al027-MT001-Biel-10603003A001.1976                             8 5.40710E+04 2.79060E+05
n-Al027-MT001-Bowen-21103004.1961                               64 1.58000E+01 1.17500E+02
n-Al027-MT001-Bratenahl-11155010.1958                            6 7.01000E+00 1.43900E+01
n-Al027-MT001-Bratenahl-11155010A001.1958                        6 7.01000E+00 1.43900E+01
n-Al027-MT001-Bratenahl-11472005.1950                            1 8.40000E+01 8.40000E+01
n-Al027-MT001-Brown-11468002.1958                              131 2.77000E-09 7.20000E-07
n-Al027-MT001-Bubb-10379007.1974                                 5 2.29000E+01 4.41500E+01
n-Al027-MT001-Bubb-10379007A001.1974                             5 2.29000E+01 4.41500E+01
n-Al027-MT001-Bubb-10379008.1974                                 4 2.14000E+01 3.97000E+01
n-Al027-MT001-Bubb-10379008A001.1974                             4 2.14000E+01 3.97000E+01
n-Al027-MT001-Cabe-20480005.1973                               518 3.00000E-02 1.20300E+00
n-Al027-MT001-Calvi-20924004.1962                              100 2.48500E+00 5.21000E+00
n-Al027-MT001-Carlson-11497003.1967                            441 4.50000E+00 1.30700E+01
n-Al027-MT001-Carpenter-13850003.1959                            1 1.11000E+02 1.11000E+02
n-Al027-MT001-Chien-11201010.1966                              526 3.19500E-01 1.00000E+00
n-Al027-MT001-Chien-11201010A001.1966                          526 3.19500E-01 1.00000E+00
n-Al027-MT001-Chien-11201011.1966                              347 1.00200E+00 1.51500E+00
n-Al027-MT001-Chien-11201011A001.1966                          347 1.00200E+00 1.51500E+00
n-Al027-MT001-Cierjacks-20010004.1968                         5101 5.00000E-01 3.19740E+01
n-Al027-MT001-Cook-11074011.1954                                 3 1.41000E+01 1.80000E+01
n-Al027-MT001-Cook-11074011A001.1954                             3 1.41000E+01 1.80000E+01
n-Al027-MT001-Cook-11146010.1949                                 1 8.30000E+01 8.30000E+01
n-Al027-MT001-Cook-11146010A001.1949                             1 8.30000E+01 8.30000E+01
n-Al027-MT001-Coon-12524013.1952                                 1 1.41200E+01 1.41200E+01
n-Al027-MT001-Coor-11087009.1955                                 1 1.40000E+03 1.40000E+03
n-Al027-MT001-Coor-11087009A001.1955                             1 1.40000E+03 1.40000E+03
n-Al027-MT001-Cranberg-11499002.1957                            87 5.55600E-01 6.03300E-01
n-Al027-MT001-Culler-11088006.1955                               4 9.34000E+01 1.06800E+02
n-Al027-MT001-Culler-11088006A001.1955                           4 9.34000E+01 1.06800E+02
n-Al027-MT001-Day-11068006.1953                                  1 1.90000E+01 1.90000E+01
n-Al027-MT001-Day-11068006A001.1953                              1 1.90000E+01 1.90000E+01
n-Al027-MT001-Deconninck-20195004.1961                           1 2.84000E+01 2.84000E+01
n-Al027-MT001-Dejuren-11174010.1950                              1 9.50000E+01 9.50000E+01
n-Al027-MT001-Dejuren-11174010A001.1950                          1 9.50000E+01 9.50000E+01
n-Al027-MT001-Dejuren-11176006.1950                              1 2.70000E+02 2.70000E+02
n-Al027-MT001-Dejuren-11176006A001.1950                          1 2.70000E+02 2.70000E+02
n-Al027-MT001-Dejuren-11177004.1951                              4 1.80000E+02 2.40000E+02
n-Al027-MT001-Dejuren-11177004A001.1951                          4 1.80000E+02 2.40000E+02
n-Al027-MT001-Didier-22573005.1961                               1 1.46700E+01 1.46700E+01
n-Al027-MT001-Dilg-20602005.1974                                 1 1.88000E-05 1.88000E-05
n-Al027-MT001-Dzhelepov-41261008.1955                            1 5.90000E+02 5.90000E+02
n-Al027-MT001-Ergashev-31847004.2021                             1 1.41000E+01 1.41000E+01
n-Al027-MT001-Fasoli-20978003.1966                              74 5.48200E+00 7.35900E+00
n-Al027-MT001-Fermi-146900031.1947                               1 2.52469E-08 2.52469E-08
n-Al027-MT001-Fermi-146900032.1947                               1 2.52469E-08 2.52469E-08
n-Al027-MT001-Fermi-146900033.1947                               1 2.52469E-08 2.52469E-08
n-Al027-MT001-Fields-11260009.1947                               6 2.40000E-02 8.30000E-01
n-Al027-MT001-Filippov-40082004.1968                            26 3.60000E-02 2.32000E+00
n-Al027-MT001-Filippov-41301004.1975                             2 5.00000E-01 9.50000E-01
n-Al027-MT001-Finlay-13569008.1993                             474 5.29253E+00 5.99640E+02
n-Al027-MT001-Fosterjr-10047015.1971                           245 2.27000E+00 1.47640E+01
n-Al027-MT001-Fosterjr-10047015A001.1971                       245 2.27000E+00 1.47640E+01
n-Al027-MT001-Fox-11175008.1950                                  1 2.70000E+02 2.70000E+02
n-Al027-MT001-Fox-11175008A001.1950                              1 2.70000E+02 2.70000E+02
n-Al027-MT001-Franz-22117005.1988                               22 1.60000E+02 5.75000E+02
n-Al027-MT001-Galloway-11522003.1966                           347 1.99500E+00 1.00500E+01
n-Al027-MT001-Garg-116460022.1964                                5 5.90600E-03 1.45300E-01
n-Al027-MT001-Garg-11646003.1964                               968 3.99500E-03 1.18600E-02
n-Al027-MT001-Good-11178005.1941                                 1 9.00000E-01 9.00000E-01
n-Al027-MT001-Good-11178005A001.1941                             1 9.00000E-01 9.00000E-01
n-Al027-MT001-Good-11402005.1958                                18 4.88000E-03 6.35000E-03
n-Al027-MT001-Goodman-11057008.1952                              1 1.40000E+01 1.40000E+01
n-Al027-MT001-Goodman-11057008A001.1952                          1 1.40000E+01 1.40000E+01
n-Al027-MT001-Gould-13119002.1986                                4 5.20000E+00 1.65000E+01
n-Al027-MT001-Hanstein-12589005.1941                             1 9.00000E-07 9.00000E-07
n-Al027-MT001-Harvey-13761006.1977                            1333 1.55280E-09 2.56400E-02
n-Al027-MT001-Harvey-13761007.1977                            6336 1.53420E-09 2.59470E-02
n-Al027-MT001-Havensjr-11361003.1952                             5 8.30000E-08 7.40000E-07
n-Al027-MT001-Heeringa-22175002.1989                             8 2.20000E+01 5.00000E+01
n-Al027-MT001-Henkel-11384005.1950                             136 1.20000E-02 8.96000E-01
n-Al027-MT001-Henkel-11518003.1953                             198 8.00000E-01 7.76000E+00
n-Al027-MT001-Heuer-20560003.1974                               41 5.51000E+00 9.58000E+00
n-Al027-MT001-Hibdon-11261008.1949                               2 1.20000E-04 3.45000E-04
n-Al027-MT001-Hibdon-11460004.1969                             102 2.75000E-02 1.30000E-01
n-Al027-MT001-Hibdon-11460005.1969                              48 3.35000E-02 9.20000E-02
n-Al027-MT001-Hibdon-11460006.1969                             300 1.37000E-01 6.02000E-01
n-Al027-MT001-Hibdon-11460007.1969                             472 1.30000E-01 6.26000E-01
n-Al027-MT001-Hibdon-11483005.1959                             558 1.50000E-03 4.48000E-01
n-Al027-MT001-Hibdon-11483006.1959                               4 3.53000E-02 2.23000E-01
n-Al027-MT001-Hildebrand-11039013.1950                           1 4.20000E+01 4.20000E+01
n-Al027-MT001-Hildebrand-11039013A001.1950                       1 4.20000E+01 4.20000E+01
n-Al027-MT001-Hillman-11081008.1954                              2 4.75000E+01 8.80000E+01
n-Al027-MT001-Hillman-11081008A001.1954                          2 4.75000E+01 8.80000E+01
n-Al027-MT001-Jones-10194006.1971                                1 2.55770E+04 2.55770E+04
n-Al027-MT001-Jones-10194006A001.1971                            1 2.55770E+04 2.55770E+04
n-Al027-MT001-Jones-11206004.1968                                1 2.47780E+04 2.47780E+04
n-Al027-MT001-Jones-11206004A001.1968                            1 2.47780E+04 2.47780E+04
n-Al027-MT001-Khaletskij-40709005.1956                           1 1.48000E+01 1.48000E+01
n-Al027-MT001-Kiehn-11477005.1954                                9 2.42000E+00 2.58000E+00
n-Al027-MT001-Koester-21660015.1979                              2 1.26000E-06 5.19000E-06
n-Al027-MT001-Koester-22217010.1990                              1 1.97000E-03 1.97000E-03
n-Al027-MT001-Kondaiah-30343003.1973                             1 2.50000E-02 2.50000E-02
n-Al027-MT001-Ladenburg-13790006.1937                            1 2.44000E+00 2.44000E+00
n-Al027-MT001-Lakin-10196003.1970                                1 2.97490E+03 2.97490E+03
n-Al027-MT001-Lakin-10196003A001.1970                            1 2.97490E+03 2.97490E+03
n-Al027-MT001-Larson-12882005.1980                             685 1.99940E+00 8.06200E+01
n-Al027-MT001-Malik-10501003.1970                                4 7.00000E-08 8.35000E-07
n-Al027-MT001-Malik-10501003A001.1970                            4 7.00000E-08 8.35000E-07
n-Al027-MT001-Mazari-30037003.1955                               7 1.30000E+01 1.62000E+01
n-Al027-MT001-Mccallum-21122002.1960                            11 1.27900E+01 2.08000E+01
n-Al027-MT001-Measday-11151006.1966                              7 8.82000E+01 1.50900E+02
n-Al027-MT001-Measday-11151006A001.1966                          7 8.82000E+01 1.50900E+02
n-Al027-MT001-Meier-21042004.1953                               96 1.88000E+00 3.78000E+00
n-Al027-MT001-Melkonian-11535002.1952                           26 3.10000E-06 8.20000E-04
n-Al027-MT001-Merrison-21282002.1952                            89 1.13000E-06 3.60000E-03
n-Al027-MT001-Mildner-14302002.1993                            140 1.01000E-09 6.67000E-07
n-Al027-MT001-Minor-11505002.1969                                1 8.94000E+00 8.94000E+00
n-Al027-MT001-Mitra-31318002.1962                                1 1.40000E+01 1.40000E+01
n-Al027-MT001-Morales-30764004.1991                              2 1.76000E+01 1.98000E+01
n-Al027-MT001-Moxon-21676003.1974                                1 2.50000E-06 2.50000E-06
n-Al027-MT001-Mubarakmand-30305003.1974                         12 1.70000E+00 1.43000E+01
n-Al027-MT001-Murthy-10403005.1975                               7 3.30730E+04 2.72060E+05
n-Al027-MT001-Murthy-10403005A001.1975                           7 3.30730E+04 2.72060E+05
n-Al027-MT001-Nedzel-13568007.1954                               1 4.10000E+02 4.10000E+02
n-Al027-MT001-Nereson-11060006.1953                             35 2.89800E+00 1.30780E+01
n-Al027-MT001-Nereson-11060006A001.1953                         35 2.89800E+00 1.30780E+01
n-Al027-MT001-Norman-103200023.1972                             20 7.90000E-01 3.62000E+00
n-Al027-MT001-Norman-103200023A001.1972                         20 7.90000E-01 3.62000E+00
n-Al027-MT001-Norman-10320003.1972                             129 7.12000E-01 3.48200E+00
n-Al027-MT001-Norman-10320003A001.1972                         129 7.12000E-01 3.48200E+00
n-Al027-MT001-Ohkubo-21926003.1987                            1010 9.84400E-03 9.34660E-01
n-Al027-MT001-Ohkubo-21926004.1987                             927 7.11810E-04 7.88080E-02
n-Al027-MT001-Ortega-30378006.1975                              11 1.84400E+01 2.19500E+01
n-Al027-MT001-Pantuev-41208005.1962                              1 8.30000E+03 8.30000E+03
n-Al027-MT001-Parker-13026005.1970                               1 4.83740E+03 4.83740E+03
n-Al027-MT001-Perey-10377004.1972                             3701 1.87360E-01 4.85830E+01
n-Al027-MT001-Perey-10377004A001.1972                         3701 1.87360E-01 4.85830E+01
n-Al027-MT001-Peterson-11108012.1960                             5 1.80000E+01 2.77000E+01
n-Al027-MT001-Peterson-11108012A001.1960                         5 1.80000E+01 2.77000E+01
n-Al027-MT001-Pierre-11486004.1959                               1 1.40000E+01 1.40000E+01
n-Al027-MT001-Rayburn-11026010.1965                              1 1.44000E-06 1.44000E-06
n-Al027-MT001-Rayburn-11026010A001.1965                          1 1.44000E-06 1.44000E-06
n-Al027-MT001-Robinson-10020002.1969                             1 1.49700E+01 1.49700E+01
n-Al027-MT001-Robinson-10020002A001.1969                         1 1.49700E+01 1.49700E+01
n-Al027-MT001-Rohr-22331004.1994                             49709 2.50010E-01 1.99980E+01
n-Al027-MT001-Rohrer-114760021.1954                              1 6.40000E-03 6.40000E-03
n-Al027-MT001-Royer-12661004.1977                                1 1.86000E-04 1.86000E-04
n-Al027-MT001-Schimmerling-10082004.1973                        15 3.79000E+02 1.73100E+03
n-Al027-MT001-Schimmerling-10082004A001.1973                    15 3.79000E+02 1.73100E+03
n-Al027-MT001-Schneider-11514002.1968                            6 9.94000E+01 1.51900E+02
n-Al027-MT001-Schwartz-10004002.1974                          3384 4.94600E-01 1.60639E+01
n-Al027-MT001-Schwartz-10004002A001.1974                      3384 4.94600E-01 1.60639E+01
n-Al027-MT001-Seagondollar-11510003.1947                        77 2.40000E-02 3.80000E+00
n-Al027-MT001-Sherr-11138005.1945                                1 2.54000E+01 2.54000E+01
n-Al027-MT001-Sherr-11138005A001.1945                            1 2.54000E+01 2.54000E+01
n-Al027-MT001-Singh-10515004.1975                              432 4.05900E-03 4.19116E-01
n-Al027-MT001-Singh-10515004A001.1975                          432 4.05900E-03 4.19116E-01
n-Al027-MT001-Stafford-22559004.1951                            28 2.00000E+00 5.94100E+00
n-Al027-MT001-Steyerl-23506002.1969                              1 5.26000E-13 5.26000E-13
n-Al027-MT001-Taylor-21378004.1953                               9 3.00000E+01 1.53000E+02
n-Al027-MT001-Thibault-22549003.1967                             1 2.70000E+00 2.70000E+00
n-Al027-MT001-Toller-11394005.1958                             166 7.06400E-04 1.57700E-01
n-Al027-MT001-Towle-20958002.1962                                4 9.80000E-01 3.99000E+00
n-Al027-MT001-Tsukada-20325004.1963                             22 1.25300E+01 1.29500E+01
n-Al027-MT001-Tsukada-20325005.1963                              5 1.30000E+01 1.70000E+01
n-Al027-MT001-Tsukada-22628003.1966                              2 3.95000E+00 4.70000E+00
n-Al027-MT001-Vervier-20204004.1958                             20 1.37000E+01 1.47600E+01
n-Al027-MT001-Walt-11215012.1955                                 1 4.10000E+00 4.10000E+00
n-Al027-MT001-Walt-11215012A001.1955                             1 4.10000E+00 4.10000E+00
n-Al027-MT001-Waymire-20671002.1976                             20 5.22000E+00 7.24000E+00
n-Al027-MT001-Weil-11482003.1958                                37 4.03000E+00 8.08000E+00
n-Al027-MT001-Whitehead-11475003.1953                            1 3.70000E+00 3.70000E+00
n-Al027-MT001-Winterhalter-30025002.1962                         1 2.76000E+00 2.76000E+00
n-Al027-MT001-Zinn-11136010.1939                                 2 2.46000E+00 2.88000E+00
n-Al027-MT001-Zinn-11136010A001.1939                             2 2.46000E+00 2.88000E+00
