#              Filename                                         N    min         max     
n-Si028-rp013028-Singh-10217002.1970                             1 1.45000E+01 1.45000E+01
n-Si028-rp013028-Singh-10217002A001.1970                         1 1.45000E+01 1.45000E+01
n-Si028-rp013028-Paul-11274011.1953                              1 1.45000E+01 1.45000E+01
n-Si028-rp013028-Kern-11464004.1959                             33 1.23300E+01 1.82400E+01
n-Si028-rp013028-Ranakumar-11515003.1968                         1 1.44000E+01 1.44000E+01
n-Si028-rp013028-Mainsbridge-11552010.1963                     120 5.06000E+00 8.42000E+00
n-Si028-rp013028-Marion-11567002.1956                           39 4.40000E+00 8.09000E+00
n-Si028-rp013028-Meadows-12969004.1987                           1 1.47400E+01 1.47400E+01
n-Si028-rp013028-Sanchez-20755004.1975                           1 1.41000E+01 1.41000E+01
n-Si028-rp013028-Robertson-20799006.1973                         1 1.47800E+01 1.47800E+01
n-Si028-rp013028-Pasquarelli-20889009.1967                       1 1.47000E+01 1.47000E+01
n-Si028-rp013028-Jeronymo-20922004.1963                          8 1.25500E+01 2.10000E+01
n-Si028-rp013028-Bass-20928007.1966                            121 6.00000E+00 9.00000E+00
n-Si028-rp013028-Crumpton-20931003.1969                          1 1.47000E+01 1.47000E+01
n-Si028-rp013028-Cohen-21115003.1956                            18 1.30500E+01 1.75000E+01
n-Si028-rp013028-Pepelnik-219990061.1986                         1 1.47000E+01 1.47000E+01
n-Si028-rp013028-Ikeda-22089008.1988                             6 1.33200E+01 1.49100E+01
n-Si028-rp013028-Ercan-22338032.1991                             1 1.46000E+01 1.46000E+01
n-Si028-rp013028-Fessler-22414007.2000                           4 1.70250E+01 2.03030E+01
n-Si028-rp013028-Kasugai-22433003.1998                           6 1.34000E+01 1.48700E+01
n-Si028-rp013028-Mannhart-22976005.2007                         19 6.94300E+00 1.39670E+01
n-Si028-rp013028-Furuta-23032003.2008                            7 4.23000E+00 5.93000E+00
n-Si028-rp013028-Mitra-30013006.1966                             1 1.48000E+01 1.48000E+01
n-Si028-rp013028-Dresler-30263004.1973                           1 1.46000E+01 1.46000E+01
n-Si028-rp013028-Prasad-30336006.1971                            1 1.48000E+01 1.48000E+01
n-Si028-rp013028-Ghose-30554003.1978                             1 8.40000E+00 8.40000E+00
n-Si028-rp013028-Ngoc-30562004.1980                              1 1.46000E+01 1.46000E+01
n-Si028-rp013028-Chimoye-30821004.1986                           5 1.38400E+01 1.47100E+01
n-Si028-rp013028-Csikai-30933004.1986                           12 1.34000E+01 1.48300E+01
n-Si028-rp013028-Birk-31097003.1963                              8 5.35000E+00 6.40000E+00
n-Si028-rp013028-Khurana-31316003.1965                           1 1.48000E+01 1.48000E+01
n-Si028-rp013028-Belgaid-31524004.1992                           1 1.47300E+01 1.47300E+01
n-Si028-rp013028-Bradley-32106002.1985                           1 8.60000E+00 8.60000E+00
n-Si028-rp013028-HongYuZhouuu-32688005.2011                      1 1.49000E+01 1.49000E+01
n-Si028-rp013028-Aleksandrov-40433005.1975                       1 1.41000E+01 1.41000E+01
n-Si028-rp013028-Shchebolev-40539002.1977                        1 1.48000E+01 1.48000E+01
n-Si028-rp013028-Klochkova-41036002.1990                         1 1.41000E+01 1.41000E+01
n-Si028-rp013028-Klochkova-41118005.1994                         1 1.41000E+01 1.41000E+01
n-Si028-rp013028-Filatenkov-41614006.2016                        5 1.34700E+01 1.48100E+01
