#              Filename                                         N    min         max     
n-Sm152-rp062153-Macklin-11399040.1957                           1 2.40000E-02 2.40000E-02
n-Sm152-rp062153-Lyon-11407028.1959                              1 1.95000E-01 1.95000E-01
n-Sm152-rp062153-Macklin-12095007.1963                           1 3.00000E-02 3.00000E-02
n-Sm152-rp062153-Tattersall-20638048.1960                        1 2.53000E-08 2.53000E-08
n-Sm152-rp062153-Pattenden-21325012.1958                         1 2.53000E-08 2.53000E-08
n-Sm152-rp062153-Wisshak-22374011.1993                          18 4.00000E-03 2.12500E-01
n-Sm152-rp062153-Bensch-22612005.1971                            4 2.40000E-02 9.74000E-01
n-Sm152-rp062153-Diamet-22783006.1999                            3 2.00000E-02 6.75000E-02
n-Sm152-rp062153-Karadag-22964002.2007                           1 2.50000E-08 2.50000E-08
n-Sm152-rp062153-Farinaarbocco-23266134.2013                     1 2.53000E-08 2.53000E-08
n-Sm152-rp062153-Farinaarbocco-23266135.2013                     3 2.53000E-08 2.53000E-08
n-Sm152-rp062153-Decorte-23488067.1988                           1 2.53000E-08 2.53000E-08
n-Sm152-rp062153-Peto-30031021.1967                              1 3.00000E+00 3.00000E+00
n-Sm152-rp062153-Chaubey-30079031.1966                           1 2.40000E-02 2.40000E-02
n-Sm152-rp062153-Siddappa-30502014.1974                          1 2.30000E-02 2.30000E-02
n-Sm152-rp062153-ZhouZuyinggg-30685003.1984                      6 1.59000E-01 1.47300E+00
n-Sm152-rp062153-Nguyen-30843002.2017                            1 2.53000E-08 2.53000E-08
n-Sm152-rp062153-LuoXiaobingg-31452002.1994                     10 2.20000E-02 1.01900E+00
n-Sm152-rp062153-Tan-31599003.2008                               2 5.50000E-02 1.44000E-01
n-Sm152-rp062153-Uddin-31647002.2008                             1 5.36000E-08 5.36000E-08
n-Sm152-rp062153-Nyarko-31698006.2010                            1 2.53000E-08 2.53000E-08
n-Sm152-rp062153-Agbemava-31717003.2011                          1 2.53000E-08 2.53000E-08
n-Sm152-rp062153-Uddin-31739002.2014                             1 3.34000E-08 3.34000E-08
n-Sm152-rp062153-Kononov-40520011.1977                          38 6.50000E-03 3.35000E-01
n-Sm152-rp062153-Trofimov-40975021.1987                          1 2.00000E+00 2.00000E+00
n-Sm152-rp062153-Trofimov-41001025.1987                          1 1.00000E+00 1.00000E+00
n-Sm152-rp062153-Bokhovko-41148008.1991                         57 5.50000E-03 3.90000E-01
