#              Filename                                         N    min         max
n-Np237-MT001-Adamchuk-40063010.1955                           190 2.69990E-06 1.19990E-02
n-Np237-MT001-Adamchuk-40063012.1955                            87 9.39990E-09 9.69990E-06
n-Np237-MT001-Auchampaugh-12792003.1984                      19737 3.84000E-05 2.04930E-01
n-Np237-MT001-Auchampaugh-12792005.1984                       1024 3.50000E-05 1.29980E-04
n-Np237-MT001-Cline-124770022.1959                              12 1.32500E-06 9.38000E-06
n-Np237-MT001-Cline-124770043.1959                               1 4.89000E-07 4.89000E-07
n-Np237-MT001-Cline-12477006.1959                              393 2.95760E-06 3.57380E-05
n-Np237-MT001-Grigogev-41372005.1998                            14 3.40000E-06 7.32500E-02
n-Np237-MT001-Grigorev-41299006.1998                            42 3.40000E-06 7.32500E-02
n-Np237-MT001-Grigorev-41299007.1998                            14 3.40000E-06 7.32500E-02
n-Np237-MT001-Harvey-14252002.1998                             474 8.77300E-03 7.14000E+01
n-Np237-MT001-Kornilov-41332007.2000                            61 5.00000E-01 9.00000E+00
n-Np237-MT001-Lychagin-41370002.1997                            63 5.00000E-01 9.40000E+00
n-Np237-MT001-Mewissen-20725011.1979                            28 3.96080E-05 4.02580E-05
n-Np237-MT001-Paya-20447002.1972                             13789 6.26320E-07 3.99840E-03
n-Np237-MT001-Slaughter-12478002.1961                          744 2.15700E-07 4.13300E-05
n-Np237-MT001-Smith-124870034.1957                               1 4.89000E-07 4.89000E-07
n-Np237-MT001-Smith-12487004.1957                              252 2.01600E-08 2.87600E-06
