#              Filename                                         N    min         max
p-Th232-MT018-Bochagov-A0029004.1978                             1 1.00000E+03 1.00000E+03
p-Th232-MT018-Brandt-O0605005.1972                               1 5.90000E+02 5.90000E+02
p-Th232-MT018-Choppin-P0028002.1963                              9 2.84900E+00 1.18730E+01
p-Th232-MT018-Choppin-P0028006.1963                             21 5.95600E+00 1.19580E+01
p-Th232-MT018-Debeauvais-O00370031.1981                          1 3.00000E+05 3.00000E+05
p-Th232-MT018-Debeauvais-O00370032.1981                          1 3.00000E+05 3.00000E+05
p-Th232-MT018-Debeauvais-O06410021.1976                          4 6.00000E+02 2.30000E+04
p-Th232-MT018-Duijvestijn-O05182621.1999                         1 1.90000E+02 1.90000E+02
p-Th232-MT018-Duijvestijn-O05182622.1999                         1 1.90000E+02 1.90000E+02
p-Th232-MT018-Eaker-O0628002.1976                                1 1.56000E+01 1.56000E+01
p-Th232-MT018-Freid-O0621002.1968                                2 9.50000E+00 1.13000E+01
p-Th232-MT018-Isaev-O1708002.2008                                2 2.65000E+01 6.29000E+01
p-Th232-MT018-Jungerman-C2444048.1950                            4 2.23870E+02 3.39460E+02
p-Th232-MT018-Kononov-A0024003.1978                              4 4.30000E+00 7.00000E+00
p-Th232-MT018-Konshin-O0707004.1965                              5 1.50000E+02 6.60000E+02
p-Th232-MT018-Kotov-O1447007.2006                                9 2.07000E+02 1.00000E+03
p-Th232-MT018-Kurcewicz-O00190031.1982                           1 8.00000E+00 8.00000E+00
p-Th232-MT018-Kurcewicz-O0019004.1982                           15 3.95000E+00 1.09500E+01
p-Th232-MT018-Mccormick-O06400032.1954                          30 8.60000E+00 2.16000E+01
p-Th232-MT018-Saintlaurent-O0780010.1984                         4 1.40000E+02 1.00000E+03
p-Th232-MT018-Steiner-O0632004.1956                             15 1.14000E+02 3.36000E+02
p-Th232-MT018-Szerypo-A0383003.1986                             13 9.00000E+00 1.98000E+01
p-Th232-MT018-Tewes-O0661005.1952                                7 6.63000E+00 2.11900E+01
p-Th232-MT018-Todorovic-O06020021.1973                           1 1.22000E+04 1.22000E+04
p-Th232-MT018-Todorovic-O06020022.1973                           1 1.22000E+04 1.22000E+04
p-Th232-MT018-Todorovic-O06030021.1974                           3 1.40000E+04 2.30000E+04
p-Th232-MT018-Todorovic-O06030022.1974                           3 1.40000E+04 2.30000E+04
p-Th232-MT018-Vaishnene-O0008003.1981                            1 1.00000E+03 1.00000E+03
p-Th232-MT018-Vinogradov-O0624006.1955                           1 4.80000E+02 4.80000E+02
p-Th232-MT018-Wenger-O1284003.2006                               1 5.90000E+02 5.90000E+02
p-Th232-MT018-Yurevich-O1028003.2002                             2 1.00000E+03 2.55000E+03
p-Th232-MT018-decarvalho-O06070022.1962                          1 5.91000E+02 5.91000E+02
p-Th232-MT018-decarvalho-O0608003.1963                           2 2.00000E+04 2.18000E+04
