#              Filename                                         N    min         max
n-Cu065-MT102-Beghian-22580004.1949                              1 9.00000E-01 9.00000E-01
n-Cu065-MT102-Booth-11429009.1958                                1 2.40000E-02 2.40000E-02
n-Cu065-MT102-Chaubey-30079004.1966                              1 2.40000E-02 2.40000E-02
n-Cu065-MT102-Colditz-20092007.1968                              1 2.90000E+00 2.90000E+00
n-Cu065-MT102-Decorte-23488019.1988                              1 2.53000E-08 2.53000E-08
n-Cu065-MT102-Farinaarbocco-23266058.2013                        1 2.53000E-08 2.53000E-08
n-Cu065-MT102-Farinaarbocco-23266059.2013                        1 2.53000E-08 2.53000E-08
n-Cu065-MT102-Gamgam-02029065.2024                               2 5.00000E-03 1.00000E-02
n-Cu065-MT102-Hummel-11010005.1951                               1 2.40000E-02 2.40000E-02
n-Cu065-MT102-Hummel-11010005A001.1951                           1 2.40000E-02 2.40000E-02
n-Cu065-MT102-Johnsrud-11675005.1959                            26 1.45000E-01 6.15000E+00
n-Cu065-MT102-Kadonis-01029065.2024                             20 5.00000E-03 1.00000E-01
n-Cu065-MT102-Kononov-40421007.1958                              1 2.40000E-02 2.40000E-02
n-Cu065-MT102-Leipunskiy-40244028.1958                           1 2.00000E-01 2.00000E-01
n-Cu065-MT102-Leipunskiy-40244093.1958                           3 2.00000E-01 4.00000E+00
n-Cu065-MT102-Lyon-11407006.1959                                 1 1.95000E-01 1.95000E-01
n-Cu065-MT102-Macklin-11399011.1957                              1 2.40000E-02 2.40000E-02
n-Cu065-MT102-Newsome-14502004.2018                              2 3.90000E-01 8.80000E-01
n-Cu065-MT102-Newsome-14502005.2018                              8 1.34000E+00 7.39000E+00
n-Cu065-MT102-Pasechnik-40336080.1958                            3 2.50000E+00 4.00000E+00
n-Cu065-MT102-Perkin-21438010.1958                               1 1.45000E+01 1.45000E+01
n-Cu065-MT102-Peto-30031004.1967                                 1 3.00000E+00 3.00000E+00
n-Cu065-MT102-Prokop-14571002.2019                             264 1.01000E-06 9.33100E-01
n-Cu065-MT102-Ryves-20561004.1974                                1 2.53000E-08 2.53000E-08
n-Cu065-MT102-Ryves-20789018.1970                                1 2.53000E-08 2.53000E-08
n-Cu065-MT102-Schuman-14080015.1970                              1 2.00000E-03 2.00000E-03
n-Cu065-MT102-Stavisskiy-40642003.1961                          27 2.30000E-02 1.92500E+00
n-Cu065-MT102-Tolstikov-40689002.1964                           29 3.30000E-03 2.10000E-01
n-Cu065-MT102-Vervier-20205005.1959                              1 2.50000E-02 2.50000E-02
n-Cu065-MT102-Voignier-22006004.1992                             4 5.00000E-01 3.00000E+00
n-Cu065-MT102-Zaikin-40248003.1968                              21 2.30000E-01 3.11000E+00
