#              Filename                                         N    min         max
n-U234-MT018-Adamov-40547021.1977                                1 1.47000E+01 1.47000E+01
n-U234-MT018-Babcock-12294004.1961                               5 1.30000E+01 1.80000E+01
n-U234-MT018-Babcock-12294005.1961                              10 3.50000E-01 1.88000E+00
n-U234-MT018-Florek-41513002.2008                               19 7.00000E-09 9.80000E-08
n-U234-MT018-Heyse-23082002.2007                                42 5.51270E-04 5.98700E-04
n-U234-MT018-Heyse-230820031.2007                               34 4.83830E-06 5.56890E-06
n-U234-MT018-Heyse-230820032.2007                               22 4.83830E-06 5.53110E-06
n-U234-MT018-James-10620004.1977                              4746 2.27500E-06 8.85890E+00
n-U234-MT018-James-10620004A001.1977                          4746 2.27500E-06 8.85890E+00
n-U234-MT018-James-20975002.1968                               276 5.00000E-06 1.47530E-02
n-U234-MT018-Kalamara-23766002.2020                              3 1.48000E+01 1.78000E+01
n-U234-MT018-Karadimos-232310022.2014                          395 1.00578E-02 1.33426E+00
n-U234-MT018-Karadimos-232310032.2014                           74 1.41266E+00 1.88470E+02
n-U234-MT018-Lamphere-123250022.1962                           131 5.65000E-01 4.05400E+00
n-U234-MT018-Lamphere-123250032.1962                            28 1.36000E-01 6.06000E-01
n-U234-MT018-Lamphere-123250042.1962                             5 5.01000E-01 7.56000E-01
n-U234-MT018-Lamphere-13776002.1953                             68 3.80000E-01 4.05000E+00
n-U234-MT018-Leonard-12286005.1961                               1 5.20000E-06 5.20000E-06
n-U234-MT018-Lowry-13857002.1954                                21 3.00000E-01 1.50000E+00
n-U234-MT018-Manabe-222820042.1988                               4 1.34700E+01 1.48900E+01
n-U234-MT018-Meadows-106540032.1978                             56 6.00000E-01 9.90500E+00
n-U234-MT018-Meadows-106540032A001.1978                         56 6.00000E-01 9.90500E+00
n-U234-MT018-Meadows-131340052.1988                              1 1.47400E+01 1.47400E+01
n-U234-MT018-Odegaarden-12320002.1960                           20 4.18000E-06 5.68000E-06
n-U234-MT018-Odegaarden-123200033.1960                           1 5.20000E-06 5.20000E-06
n-U234-MT018-Paradela-23126005.2010                             22 5.05000E-05 8.00000E-01
n-U234-MT018-Paradela-23126006.2010                            375 1.01160E-02 9.54990E+02
n-U234-MT018-Paradela-23126007.2010                           8360 6.61074E-07 9.99425E-03
n-U234-MT018-Perkin-20584003.1965                                1 2.40000E-02 2.40000E-02
n-U234-MT018-Stamatopoulos-23393002.2018                         6 4.25000E-01 1.00000E+01
n-U234-MT018-Tovesson-14402004.2014                            141 3.09000E-01 1.95000E+02
n-U234-MT018-White-211950032.1967                                4 1.00000E+00 1.41000E+01
n-U234-MT018-White-21463003.1965                                 5 4.00000E-02 5.05000E-01
