#              Filename                                         N    min         max     
n-Ti046-rp022045-Sigg-10776020.1976                              1 1.46000E+01 1.46000E+01
n-Ti046-rp022045-Sigg-10776020A001.1976                          1 1.46000E+01 1.46000E+01
n-Ti046-rp022045-Rayburn-11328009.1961                           1 1.44000E+01 1.44000E+01
n-Ti046-rp022045-Poularikas-11484005.1959                        1 1.48000E+01 1.48000E+01
n-Ti046-rp022045-Pai-11630003.1966                               5 1.36000E+01 1.95000E+01
n-Ti046-rp022045-Prestwood-11645005.1961                         9 1.34000E+01 1.97600E+01
n-Ti046-rp022045-Paulsen-20486002.1975                          18 1.37900E+01 1.95900E+01
n-Ti046-rp022045-Molla-20721002.1977                             1 1.47000E+01 1.47000E+01
n-Ti046-rp022045-Bormann-20887012.1965                           7 1.41000E+01 1.96000E+01
n-Ti046-rp022045-Crumpton-20931004.1969                          1 1.47000E+01 1.47000E+01
n-Ti046-rp022045-Cevolani-21266006.1962                          1 1.41300E+01 1.41300E+01
n-Ti046-rp022045-Ikeda-22089025.1988                             6 1.36300E+01 1.50100E+01
n-Ti046-rp022045-Csikai-30038004.1965                            1 1.46000E+01 1.46000E+01
n-Ti046-rp022045-Araminowicz-30264008.1973                       1 1.46000E+01 1.46000E+01
n-Ti046-rp022045-Molla-30577002.1983                             1 1.48000E+01 1.48000E+01
n-Ti046-rp022045-Csikai-30640004.1982                            6 1.35000E+01 1.47800E+01
n-Ti046-rp022045-ZhouMuyaoo-30755004.1987                        1 1.46000E+01 1.46000E+01
n-Ti046-rp022045-Dighe-30962002.1991                             1 1.47000E+01 1.47000E+01
n-Ti046-rp022045-Pansare-330010071.1993                          1 1.47000E+01 1.47000E+01
n-Ti046-rp022045-Pansare-330010072.1993                          1 1.47000E+01 1.47000E+01
n-Ti046-rp022045-Maslov-40136003.1974                            1 1.42000E+01 1.42000E+01
