#              Filename                                         N    min         max
n-Re187-MT102-Anand-30390020.1979                                1 2.50000E-02 2.50000E-02
n-Re187-MT102-Bergman-40246003.1971                             64 2.25000E-07 2.61820E-02
n-Re187-MT102-Farinaarbocco-23266155.2013                        1 2.53000E-08 2.53000E-08
n-Re187-MT102-Farinaarbocco-23266156.2013                        6 2.53000E-08 2.53000E-08
n-Re187-MT102-Farinaarbocco-23266157.2013                        6 2.53000E-08 2.53000E-08
n-Re187-MT102-Friesenhahn-12163009.1968                         11 4.00000E-04 4.00000E-02
n-Re187-MT102-Friesenhahn-12163010.1968                         16 1.00000E-08 1.00000E-06
n-Re187-MT102-Friesenhahn-12163011.1968                          1 2.53000E-08 2.53000E-08
n-Re187-MT102-Gamgam-02075187.2024                               2 5.00000E-03 1.00000E-02
n-Re187-MT102-Kadonis-01075187.2024                             20 5.00000E-03 1.00000E-01
n-Re187-MT102-Karam-12179005.1963                                1 2.53000E-08 2.53000E-08
n-Re187-MT102-Lindner-10221049.1976                             16 1.21000E-01 2.73000E+00
n-Re187-MT102-Lindner-10221049A001.1976                         16 1.21000E-01 2.73000E+00
n-Re187-MT102-Linenberger-147220032.1943                         1 2.40000E-01 2.40000E-01
n-Re187-MT102-Macklin-11399047.1957                              1 2.40000E-02 2.40000E-02
n-Re187-MT102-Stupegia-12162004.1965                            33 4.60000E-03 2.64400E+00
n-Re187-MT102-Tan-31713003.2011                                  5 2.40000E-02 1.48000E-01
n-Re187-MT102-Trofimov-40975017.1987                             1 2.00000E+00 2.00000E+00
n-Re187-MT102-Trofimov-41001036.1987                             1 1.00000E+00 1.00000E+00
