#              Filename                                         N    min         max
n-Li007-MT002-Alfimenkov-40658002.1982                          18 2.00000E-03 7.45000E-02
n-Li007-MT002-Alfimenkov-40658003.1982                           1 5.00000E-04 5.00000E-04
n-Li007-MT002-Armstrong-11024008.1964                            1 1.41000E+01 1.41000E+01
n-Li007-MT002-Armstrong-11024008A001.1964                        1 1.41000E+01 1.41000E+01
n-Li007-MT002-Batchelor-21147046.1963                            3 1.50000E+00 4.00000E+00
n-Li007-MT002-ChenGuanrenn-30623006.1981                         1 1.47000E+01 1.47000E+01
n-Li007-MT002-Drosg-12928005.1988                                1 1.41000E+01 1.41000E+01
n-Li007-MT002-Hopkins-11153016.1968                              2 3.35000E+00 4.83000E+00
n-Li007-MT002-Hopkins-11153016A001.1968                          2 3.35000E+00 4.83000E+00
n-Li007-MT002-Knitter-20395002.1968                              8 1.12000E+00 2.30000E+00
n-Li007-MT002-Knox-10710007.1979                                14 4.08000E+00 7.50000E+00
n-Li007-MT002-Knox-10710007A001.1979                            14 4.08000E+00 7.50000E+00
n-Li007-MT002-Knox-10914005.1979                                 5 2.63066E+00 4.66656E+00
n-Li007-MT002-Knox-10914005A001.1979                             5 2.63066E+00 4.66656E+00
n-Li007-MT002-Merchez-21177007.1966                              1 1.41000E+01 1.41000E+01
n-Li007-MT002-Stelson-11049005.1951                              1 2.56000E-01 2.56000E-01
n-Li007-MT002-Stelson-11049005A001.1951                          1 2.56000E-01 2.56000E-01
n-Li007-MT002-Takahashi-22773012.1992                            1 1.41000E+01 1.41000E+01
n-Li007-MT002-Thomas-11091002.1956                               1 2.10000E-01 2.10000E-01
n-Li007-MT002-Thomas-11091002A001.1956                           1 2.10000E-01 2.10000E-01
n-Li007-MT002-Thomas-12679003.1954                               1 1.40000E+01 1.40000E+01
n-Li007-MT002-Willard-11092006.1956                              1 2.56000E-01 2.56000E-01
n-Li007-MT002-Willard-11092006A001.1956                          1 2.56000E-01 2.56000E-01
n-Li007-MT002-ZhangKunn-32512003.1995                            1 1.47000E+01 1.47000E+01
