#              Filename                                         N    min         max     
p-C012-rp006011-Hintz-B0076005.1952                             42 8.50000E+00 1.04000E+02
p-C012-rp006011-Goebel-B0094003.1961                             1 5.91000E+02 5.91000E+02
p-C012-rp006011-Cumming-B0095002.1963                            9 2.07000E+01 5.05000E+01
p-C012-rp006011-Crandall-B0101002.1956                          10 1.70000E+02 3.50000E+02
p-C012-rp006011-Measday-C0058002.1966                           17 5.07000E+01 1.58600E+02
p-C012-rp006011-Valentin-C0062011.1965                           1 5.70000E+03 5.70000E+03
p-C012-rp006011-VastupalParikhh-C0206002.1960                    5 2.88000E+02 3.83000E+02
p-C012-rp006011-Cumming-C0216002.1958                            6 2.00000E+03 3.00000E+03
p-C012-rp006011-Benioff-C0220003.1960                            1 5.70000E+03 5.70000E+03
p-C012-rp006011-Horwitz-C0221002.1960                            5 3.00000E+03 6.00000E+03
p-C012-rp006011-Horwitz-C0221003.1960                            1 4.10000E+03 4.10000E+03
p-C012-rp006011-Cumming-C0231002.1962                            1 2.80000E+04 2.80000E+04
p-C012-rp006011-Hogstrom-C1911002.1976                           1 8.00000E+02 8.00000E+02
p-C012-rp006011-Hogstrom-C1911003.1976                           2 8.00000E+02 8.00000E+02
p-C012-rp006011-Kaufman-C2341002.1976                            1 3.00000E+05 3.00000E+05
p-C012-rp006011-Warshaw-C2359002.1954                            2 2.83000E+02 3.87000E+02
p-C012-rp006011-Warshaw-C2359003.1954                            1 4.00000E+02 4.00000E+02
p-C012-rp006011-Brun-D0128005.1962                               1 1.50000E+02 1.50000E+02
p-C012-rp006011-Akagi-E2449005.2013                              4 3.25000E+01 6.96000E+01
p-C012-rp006011-Matsushita-E2501002.2016                        35 1.05300E+01 6.76100E+01
p-C012-rp006011-Kozma-F1218002.1990                              1 3.65000E+03 3.65000E+03
p-C012-rp006011-Butler-O0415002.1972                             1 7.60000E+03 7.60000E+03
p-C012-rp006011-Poskanzer-O0429002.1964                          1 1.00000E+03 1.00000E+03
p-C012-rp006011-Horst-O2553003.2019                              8 4.07000E+01 2.15100E+02
p-C012-rp006011-Whitehead-P0051002.1958                         31 2.76000E+01 4.18000E+01
p-C012-rp006011-Whitehead-P0051003.1958                         36 1.80000E+01 3.18000E+01
