#              Filename                                         N    min         max
n-Ta181-MT016g-Araminowicz-30264041.1973                         1 1.46000E+01 1.46000E+01
n-Ta181-MT016g-Bhatia-14358002.2013                             12 7.93000E+00 1.48000E+01
n-Ta181-MT016g-Bormann-20834018.1968                            11 1.29600E+01 1.82500E+01
n-Ta181-MT016g-Brzosko-30110003.1967                             1 1.42000E+01 1.42000E+01
n-Ta181-MT016g-ChuanxinZhuu-32696009.2011                        6 1.34000E+01 1.48000E+01
n-Ta181-MT016g-Csikai-30640009.1982                              6 1.35000E+01 1.47800E+01
n-Ta181-MT016g-FanPeiguoo-30733002.1985                          1 8.50000E+00 8.50000E+00
n-Ta181-MT016g-Filatenkov-41614179.2016                          8 1.34700E+01 1.48600E+01
n-Ta181-MT016g-Ikeda-22089106.1988                               8 1.33300E+01 1.49200E+01
n-Ta181-MT016g-JunhuaLuoo-14235007.2009                          3 1.35000E+01 1.47000E+01
n-Ta181-MT016g-Kasugai-22351005.1993                             6 1.34000E+01 1.48700E+01
n-Ta181-MT016g-Lakshmanadas-30471004.1978                        1 1.42000E+01 1.42000E+01
n-Ta181-MT016g-LuHanlinn-30724003.1985                          33 1.23200E+01 1.82500E+01
n-Ta181-MT016g-Misra-30507004.1979                               1 1.46000E+01 1.46000E+01
n-Ta181-MT016g-Mogharrab-21509005.1972                           1 1.41000E+01 1.41000E+01
n-Ta181-MT016g-Paul-11274093.1953                                1 1.45000E+01 1.45000E+01
n-Ta181-MT016g-Poularikas-11957004.1960                          1 1.48000E+01 1.48000E+01
n-Ta181-MT016g-Prestwood-11645024.1961                           8 1.38800E+01 1.97600E+01
n-Ta181-MT016g-Ryves-21627002.1980                               1 1.46800E+01 1.46800E+01
n-Ta181-MT016g-Semkova-22877010.2007                             7 1.40100E+01 1.93000E+01
n-Ta181-MT016g-Vrzalova-31714007.2013                            4 4.70000E+01 7.28000E+01
