#              Filename                                         N    min         max
n-Rh103-MT004m-Cross-11697002.1963                               4 2.20000E+00 1.40000E+01
n-Rh103-MT004m-Fotiades-14461010.2016                           40 7.80000E-01 1.96800E+01
n-Rh103-MT004m-Kimura-20312002.1969                             14 1.80000E-01 4.60000E+00
n-Rh103-MT004m-LiJianweii-30782006.1988                          9 3.74000E+00 5.18000E+00
n-Rh103-MT004m-Miah-22367002.1996                               14 5.68900E+00 1.20030E+01
n-Rh103-MT004m-Nagel-20198014.1966                               1 1.42000E+01 1.42000E+01
n-Rh103-MT004m-Nagel-20198015.1966                               1 1.42000E+01 1.42000E+01
n-Rh103-MT004m-Paulsen-20864002.1980                            67 1.99000E-01 1.67000E+01
n-Rh103-MT004m-Pazsit-30116003.1972                              1 1.47000E+01 1.47000E+01
n-Rh103-MT004m-Pazsit-30266002.1975                              1 2.70000E+00 2.70000E+00
n-Rh103-MT004m-Pazsit-30266003.1975                              1 1.48000E+01 1.48000E+01
n-Rh103-MT004m-Santry-10386002.1974                             10 1.22000E-01 4.55000E-01
n-Rh103-MT004m-Santry-10386002A001.1974                         10 1.22000E-01 4.55000E-01
n-Rh103-MT004m-Santry-10386003.1974                             36 1.45000E-01 6.00000E+00
n-Rh103-MT004m-Santry-10386003A001.1974                         36 1.45000E-01 6.00000E+00
n-Rh103-MT004m-Santry-10386004.1974                              7 4.80000E+00 6.50000E+00
n-Rh103-MT004m-Santry-10386004A001.1974                          7 4.80000E+00 6.50000E+00
n-Rh103-MT004m-Santry-10386005.1974                             21 5.00000E+00 1.35800E+01
n-Rh103-MT004m-Santry-10386005A001.1974                         21 5.00000E+00 1.35800E+01
n-Rh103-MT004m-Santry-10386006.1974                              5 1.35800E+01 1.47400E+01
n-Rh103-MT004m-Santry-10386006A001.1974                          5 1.35800E+01 1.47400E+01
