#              Filename                                         N    min         max     
n-Zr090-rp039090m-Husain-10088007.1970                           1 1.48000E+01 1.48000E+01
n-Zr090-rp039090m-Lu-10145002.1970                               1 1.44000E+01 1.44000E+01
n-Zr090-rp039090m-Sigg-10477002.1975                             1 1.48000E+01 1.48000E+01
n-Zr090-rp039090m-Husain-10088007A001.1970                       1 1.48000E+01 1.48000E+01
n-Zr090-rp039090m-Lu-10145002A001.1970                           1 1.44000E+01 1.44000E+01
n-Zr090-rp039090m-Sigg-10477002A001.1975                         1 1.48000E+01 1.48000E+01
n-Zr090-rp039090m-Alford-11871002.1961                           1 1.47000E+01 1.47000E+01
n-Zr090-rp039090m-Spangler-12956005.1975                         1 1.41000E+01 1.41000E+01
n-Zr090-rp039090m-Qaim-20513011.1974                             1 1.47000E+01 1.47000E+01
n-Zr090-rp039090m-Fujino-20850002.1977                           1 1.46000E+01 1.46000E+01
n-Zr090-rp039090m-Barreirafilho-21902006.1982                    1 1.44000E+01 1.44000E+01
n-Zr090-rp039090m-Ikeda-22089054.1988                            6 1.33300E+01 1.49300E+01
n-Zr090-rp039090m-Ibnmajah-22144002.1990                         6 5.40900E+00 7.70400E+00
n-Zr090-rp039090m-Ibnmajah-22144008.1990                         6 8.21500E+00 1.06140E+01
n-Zr090-rp039090m-Ibnmajah-22664004.2001                         2 1.14400E+01 1.23700E+01
n-Zr090-rp039090m-Semkova-22822003.2010                         10 1.31000E+01 2.06000E+01
n-Zr090-rp039090m-Tikku-30394008.1972                            1 1.47000E+01 1.47000E+01
n-Zr090-rp039090m-Srinivasarao-30574012.1978                     1 1.42000E+01 1.42000E+01
n-Zr090-rp039090m-Molla-30825012.1986                            1 1.48000E+01 1.48000E+01
n-Zr090-rp039090m-Marcinkowski-30940002.1990                     8 1.34000E+01 1.66000E+01
n-Zr090-rp039090m-Molla-30985006.1991                            6 1.36400E+01 1.48300E+01
n-Zr090-rp039090m-Raics-30988003.1991                           12 5.38000E+00 1.22500E+01
n-Zr090-rp039090m-Osman-31464022.1996                            1 1.47000E+01 1.47000E+01
n-Zr090-rp039090m-RanjitaSarkarr-31488002.1998                   1 1.48000E+01 1.48000E+01
n-Zr090-rp039090m-Doczi-31495009.1998                            5 7.16000E+00 1.25300E+01
n-Zr090-rp039090m-Grallert-31496037.1993                         1 1.46000E+01 1.46000E+01
n-Zr090-rp039090m-Thiep-31543011.2003                            1 1.48000E+01 1.48000E+01
n-Zr090-rp039090m-Prajapati-33037005.2012                        1 9.85000E+00 9.85000E+00
n-Zr090-rp039090m-Levkovskii-40226018.1970                       1 1.48000E+01 1.48000E+01
n-Zr090-rp039090m-Ovechkin-40923003.1986                         1 1.48000E+01 1.48000E+01
n-Zr090-rp039090m-Filatenkov-41614057.2016                       7 1.35600E+01 1.47800E+01
n-Zr090-rp039090m-Goncalves-30740004.1987                        1 1.48000E+01 1.48000E+01
