#              Filename                                         N    min         max     
n-Nb093-rp039090m-Husain-10088009.1970                           1 1.48000E+01 1.48000E+01
n-Nb093-rp039090m-Lu-10145025.1970                               1 1.44000E+01 1.44000E+01
n-Nb093-rp039090m-Gaiser-10863002.1979                           1 1.41000E+01 1.41000E+01
n-Nb093-rp039090m-Husain-10088009A001.1970                       1 1.48000E+01 1.48000E+01
n-Nb093-rp039090m-Lu-10145025A001.1970                           1 1.44000E+01 1.44000E+01
n-Nb093-rp039090m-Gaiser-10863002A001.1979                       1 1.41000E+01 1.41000E+01
n-Nb093-rp039090m-Bramlitt-11590056.1963                         1 1.47000E+01 1.47000E+01
n-Nb093-rp039090m-Alford-11871003.1961                           1 1.47000E+01 1.47000E+01
n-Nb093-rp039090m-Harper-12730005.1982                           1 1.42000E+01 1.42000E+01
n-Nb093-rp039090m-Ryves-21827003.1981                            1 1.46800E+01 1.46800E+01
n-Nb093-rp039090m-Anders-21976032.1985                           1 1.47000E+01 1.47000E+01
n-Nb093-rp039090m-Ikeda-22089066.1988                            8 1.33400E+01 1.49300E+01
n-Nb093-rp039090m-Mannan-22095002.1988                          13 4.15000E+00 1.06100E+01
n-Nb093-rp039090m-Woelfle-22108003.1988                         15 1.25500E+01 1.95800E+01
n-Nb093-rp039090m-Fessler-22414020.2000                          5 1.60330E+01 2.02290E+01
n-Nb093-rp039090m-Shimizu-22837017.2004                          1 3.09000E+00 3.09000E+00
n-Nb093-rp039090m-Furuta-23032015.2008                           4 4.49000E+00 5.24000E+00
n-Nb093-rp039090m-Turkiewicz-30312007.1975                      10 1.30400E+01 1.78500E+01
n-Nb093-rp039090m-FanPeiguoo-30733010.1985                       1 8.50000E+00 8.50000E+00
n-Nb093-rp039090m-Kim-30737003.1986                              1 1.46000E+01 1.46000E+01
n-Nb093-rp039090m-Garlea-30807002.1985                           1 1.48000E+01 1.48000E+01
n-Nb093-rp039090m-Molla-30985003.1991                            6 1.36400E+01 1.48300E+01
n-Nb093-rp039090m-Garlea-31459019.1992                           1 1.48000E+01 1.48000E+01
n-Nb093-rp039090m-Doczi-31495008.1998                            1 1.13400E+01 1.13400E+01
n-Nb093-rp039090m-HuangJianzhouu-32585004.1977                   7 1.28700E+01 1.75500E+01
n-Nb093-rp039090m-Pasha-33129003.2019                            1 1.47800E+01 1.47800E+01
n-Nb093-rp039090m-Pasha-33148002.2020                            1 1.45400E+01 1.45400E+01
n-Nb093-rp039090m-Attar-33176003.2022                            5 1.37300E+01 1.47700E+01
n-Nb093-rp039090m-Levkovskii-40226026.1970                       1 1.48000E+01 1.48000E+01
n-Nb093-rp039090m-Filatenkov-41614064.2016                      15 1.34700E+01 1.48600E+01
n-Nb093-rp039090m-Honusek-316910041.2011                         7 1.80000E+01 3.56250E+01
n-Nb093-rp039090m-Honusek-316910042.2011                         7 1.80000E+01 3.56250E+01
n-Nb093-rp039090m-Honusek-316910051.2011                         6 2.25000E+01 3.50000E+01
n-Nb093-rp039090m-Honusek-316910052.2011                         6 2.25000E+01 3.50000E+01
n-Nb093-rp039090m-Majerle-31767019.2016                          7 1.73000E+01 3.55000E+01
