#              Filename                                         N    min         max     
n-Zr090-rp040089m-Husain-10088017.1970                           1 1.48000E+01 1.48000E+01
n-Zr090-rp040089m-Sigg-10477007.1975                             1 1.48000E+01 1.48000E+01
n-Zr090-rp040089m-Eapen-10493012.1975                            1 1.48000E+01 1.48000E+01
n-Zr090-rp040089m-Lu-10497002.1970                               1 1.44000E+01 1.44000E+01
n-Zr090-rp040089m-Sothras-108350102.1977                         1 1.48000E+01 1.48000E+01
n-Zr090-rp040089m-Husain-10088017A001.1970                       1 1.48000E+01 1.48000E+01
n-Zr090-rp040089m-Sigg-10477007A001.1975                         1 1.48000E+01 1.48000E+01
n-Zr090-rp040089m-Eapen-10493012A001.1975                        1 1.48000E+01 1.48000E+01
n-Zr090-rp040089m-Lu-10497002A001.1970                           1 1.44000E+01 1.44000E+01
n-Zr090-rp040089m-Sothras-108350102A001.1977                     1 1.48000E+01 1.48000E+01
n-Zr090-rp040089m-Paul-11274064.1953                             1 1.45000E+01 1.45000E+01
n-Zr090-rp040089m-Bramlitt-11590039.1963                         1 1.47000E+01 1.47000E+01
n-Zr090-rp040089m-Reed-11896002.1960                             1 1.41000E+01 1.41000E+01
n-Zr090-rp040089m-Rieder-20033011.1966                           1 1.47000E+01 1.47000E+01
n-Zr090-rp040089m-Kanda-20338003.1972                            6 1.34400E+01 1.48700E+01
n-Zr090-rp040089m-Fujino-20850015.1977                           1 1.46000E+01 1.46000E+01
n-Zr090-rp040089m-Minetti-20891012.1968                          1 1.47000E+01 1.47000E+01
n-Zr090-rp040089m-Barreirafilho-21902007.1982                    1 1.44000E+01 1.44000E+01
n-Zr090-rp040089m-Ikeda-22089052.1988                            6 1.34800E+01 1.49600E+01
n-Zr090-rp040089m-Kimura-22093018.1990                           1 1.40500E+01 1.40500E+01
n-Zr090-rp040089m-Ibnmajah-22664002.2001                         1 1.23700E+01 1.23700E+01
n-Zr090-rp040089m-Semkova-22822014.2010                          9 1.48000E+01 2.06000E+01
n-Zr090-rp040089m-Mangal-30060006.1963                           1 1.48000E+01 1.48000E+01
n-Zr090-rp040089m-Sailer-30438007.1977                           1 1.48100E+01 1.48100E+01
n-Zr090-rp040089m-Srinivasarao-30574009.1978                     1 1.42000E+01 1.42000E+01
n-Zr090-rp040089m-Goncalves-30740002.1987                        1 1.48000E+01 1.48000E+01
n-Zr090-rp040089m-Molla-30985004.1991                            5 1.36400E+01 1.48300E+01
n-Zr090-rp040089m-Osman-31464028.1996                            1 1.47000E+01 1.47000E+01
n-Zr090-rp040089m-Thiep-31543014.2003                            1 1.48000E+01 1.48000E+01
n-Zr090-rp040089m-XinyiChangg-32851003.2021                      3 1.35000E+01 1.48000E+01
n-Zr090-rp040089m-Attar-33015002.2008                            5 1.37300E+01 1.47700E+01
n-Zr090-rp040089m-Ovechkin-40923002.1986                         1 1.48000E+01 1.48000E+01
n-Zr090-rp040089m-Filatenkov-41614059.2016                       8 1.34700E+01 1.48100E+01
