#              Filename                                         N    min         max     
d-Al027-rp011024-Roehm-B0099004.1969                            21 1.05000E+01 1.61000E+01
d-Al027-rp011024-Watson-D0070003.1973                           10 1.29000E+01 1.52700E+01
d-Al027-rp011024-Bem-D0453002.2009                              22 3.38000E+00 2.01800E+01
d-Al027-rp011024-Batzel-P0067002.1953                           21 1.14000E+01 1.93000E+01
d-Al027-rp011024-Batzel-P0067003.1953                           18 9.70000E+00 1.89000E+02
d-Al027-rp011024-Batzel-P0067004.1953                           13 2.49000E+01 1.89000E+02
d-Al027-rp011024-TaoZhenlann-S0011002.1987                      10 1.20000E+01 1.57000E+01
d-Al027-rp011024-ZHAOWENRONGG-S0043002.1995                     19 1.15740E+01 2.19850E+01
d-Al027-rp011024-Weinreich-A0169014.1980                        30 4.03000E+01 8.85000E+01
d-Al027-rp011024-Zarubin-A0667002.1979                          14 7.83000E+00 1.17300E+01
d-Al027-rp011024-Banaigs-B0013003.1971                           1 2.33000E+03 2.33000E+03
d-Al027-rp011024-Clarke-C2394002.1947                           19 1.03020E+01 1.43570E+01
d-Al027-rp011024-Lebeda-D0777016.2015                           15 3.04000E+00 1.97400E+01
d-Al027-rp011024-Takacs-D4081003.2001                           40 1.27000E+01 4.98000E+01
d-Al027-rp011024-Hubbard-D4103002.1949                           1 1.94000E+02 1.94000E+02
d-Al027-rp011024-Wilson-D4104022.1976                            2 1.21000E+01 1.64500E+01
d-Al027-rp011024-Hermanne-D4253007.2012                         16 7.50000E+00 4.84000E+01
d-Al027-rp011024-Hermanne-D4253010.2012                         19 6.50000E+00 4.96000E+01
d-Al027-rp011024-Khandaker-E2540002.2017                        18 3.40000E+00 2.34000E+01
d-Al027-rp011024-Kozma-F1258002.1990                             2 6.00000E+03 7.30000E+03
d-Al027-rp011024-Vespalec-F1349002.2017                          1 7.00000E+03 7.00000E+03
d-Al027-rp011024-Michel-A0158002.1982                           23 1.21000E+01 8.40900E+01
d-Al027-rp011024-Crandall-B0101006.1956                          1 1.90000E+02 1.90000E+02
d-Al027-rp011024-Martens-B0142004.1970                          37 1.72000E+01 5.17000E+01
d-Al027-rp011024-Hagiwara-E1985004.2004                         21 4.39000E+00 3.94400E+01
d-Al027-rp011024-Ochiai-E2121002.2007                           24 1.89600E+01 4.45700E+01
