#              Filename                                         N    min         max
n-Pu240-MT018-Aleksandrov-40673004.1983                          1 1.20000E+00 1.20000E+00
n-Pu240-MT018-Auchampaugh-10564003.1975                        419 7.70790E-04 1.97982E-03
n-Pu240-MT018-Auchampaugh-10564003A001.1975                    419 7.70790E-04 1.97982E-03
n-Pu240-MT018-Belloni-236530021.2022                             2 2.51000E+00 1.48300E+01
n-Pu240-MT018-Belloni-236530022.2022                             2 2.51000E+00 1.48300E+01
n-Pu240-MT018-Budtzjorgensen-21764003.1981                     481 1.00000E-02 1.48600E-01
n-Pu240-MT018-Byers-12552002.1966                             2374 2.00400E-05 9.77900E-01
n-Pu240-MT018-Cance-21821002.1982                                1 2.47000E+00 2.47000E+00
n-Pu240-MT018-Cance-21821003.1982                                1 2.47000E+00 2.47000E+00
n-Pu240-MT018-Eastwood-12011006.1958                             1 2.53000E-08 2.53000E-08
n-Pu240-MT018-Fomushkin-40434002.1975                           10 3.00000E-03 1.50000E-01
n-Pu240-MT018-Fomushkin-40434003.1975                           83 1.80000E-03 1.51000E-01
n-Pu240-MT018-Fursov-41656004.1973                              41 1.35720E+00 7.30700E+00
n-Pu240-MT018-Gul-31711006.1986                                  1 1.47000E+01 1.47000E+01
n-Pu240-MT018-Henkel-12549002.1957                              21 2.70000E-01 8.12000E+00
n-Pu240-MT018-Kari-20786002.1978                               124 1.00000E+00 2.12000E+01
n-Pu240-MT018-Kazarinova-40636004.1961                           1 2.50000E+00 2.50000E+00
n-Pu240-MT018-Kazarinova-40636005.1961                           1 1.46000E+01 1.46000E+01
n-Pu240-MT018-Khan-30548002.1980                                 1 1.48000E+01 1.48000E+01
n-Pu240-MT018-Laptev-41487004.2007                             166 5.77170E-01 1.96150E+02
n-Pu240-MT018-Laptev-41487011.2007                             166 5.77200E-01 1.96200E+02
n-Pu240-MT018-Leonardjr-12525002.1956                           67 3.05000E-07 1.29800E-06
n-Pu240-MT018-Leonardjr-12525003.1956                            1 1.06000E-06 1.06000E-06
n-Pu240-MT018-Meadows-127140022.1981                            55 3.35000E-01 9.59700E+00
n-Pu240-MT018-Migneco-20005002.1968                           3290 1.99970E-04 7.98800E-03
n-Pu240-MT018-Nesterov-40021002.1960                            73 4.00000E-02 3.79000E+00
n-Pu240-MT018-Nesterov-41675002.1959                            19 1.41200E-01 1.40400E+01
n-Pu240-MT018-Nesterov-41675003.1959                             1 1.50000E+01 1.50000E+01
n-Pu240-MT018-Nesterov-41675004.1959                             1 3.00000E+00 3.00000E+00
n-Pu240-MT018-Perkin-20584008.1965                               1 2.40000E-02 2.40000E-02
n-Pu240-MT018-Pratt-12509004.1956                                1 2.53000E-08 2.53000E-08
n-Pu240-MT018-Ruddick-21189002.1964                             13 6.10000E-02 4.85000E-01
n-Pu240-MT018-Salvadorcastineira-23281002.2015                  10 5.00000E-01 1.80000E+00
n-Pu240-MT018-Salvadorcastineira-23281003.2015                  12 1.60000E+00 3.00000E+00
n-Pu240-MT018-Salvadorcastineira-23281004.2015                   5 5.00000E-01 1.80000E+00
n-Pu240-MT018-Salvadorcastineira-23281005.2015                  19 5.00000E-01 3.00000E+00
n-Pu240-MT018-Stamatopoulos-23458004.2020                      199 9.01631E-09 7.85288E-07
n-Pu240-MT018-Stamatopoulos-23458005.2020                    12291 8.00141E-07 9.99616E-03
n-Pu240-MT018-Stamatopoulos-234580062.2020                    1080 1.00038E-02 5.75000E+00
n-Pu240-MT018-Tovesson-14223002.2009                          1000 2.00680E-03 1.98380E+02
n-Pu240-MT018-Weston-12877003.1984                            9587 9.73000E-06 2.00060E-01
n-Pu240-MT018-Weston-12877007.1984                              35 2.50000E-05 9.50000E-02
n-Pu240-MT018-Weston-12877010.1984                              10 1.81550E-05 8.92400E-02
n-Pu240-MT018-White-211950082.1967                               4 1.00000E+00 1.41000E+01
