#              Filename                                         N    min         max     
n-V051-rp021048-Paul-11274027.1953                               1 1.45000E+01 1.45000E+01
n-V051-rp021048-Bramlitt-11590013.1963                           1 1.47000E+01 1.47000E+01
n-V051-rp021048-Hillman-11610006.1962                            1 1.45000E+01 1.45000E+01
n-V051-rp021048-Poularikas-11683002.1960                         1 1.48000E+01 1.48000E+01
n-V051-rp021048-Warren-12769003.1982                             1 1.42000E+01 1.42000E+01
n-V051-rp021048-Kanno-129040022.1984                            20 5.51500E+00 9.56700E+00
n-V051-rp021048-Spangler-12956011.1975                           1 1.41000E+01 1.41000E+01
n-V051-rp021048-Meadows-12969009.1987                            1 1.47400E+01 1.47400E+01
n-V051-rp021048-Gabbard-13033002.1960                            2 1.31500E+01 1.65200E+01
n-V051-rp021048-Vonach-20086002.1958                             1 1.41000E+01 1.41000E+01
n-V051-rp021048-Kumabe-20283006.1958                             1 1.48000E+01 1.48000E+01
n-V051-rp021048-Paulsen-20485002.1974                           26 1.02600E+01 1.95900E+01
n-V051-rp021048-Mannhart-20611006.1975                           1 1.41900E+01 1.41900E+01
n-V051-rp021048-Molla-20721013.1977                              1 1.47000E+01 1.47000E+01
n-V051-rp021048-Robertson-20799013.1973                          1 1.47800E+01 1.47800E+01
n-V051-rp021048-Schwerer-20811005.1976                           1 1.46000E+01 1.46000E+01
n-V051-rp021048-Vonach-20815011.1968                             1 1.47000E+01 1.47000E+01
n-V051-rp021048-Bormann-20904003.1961                            9 1.26000E+01 1.96000E+01
n-V051-rp021048-Crumpton-20931007.1969                           1 1.47000E+01 1.47000E+01
n-V051-rp021048-Anders-21976015.1985                             1 1.47000E+01 1.47000E+01
n-V051-rp021048-Ikeda-22089035.1988                              8 1.33400E+01 1.49400E+01
n-V051-rp021048-Kimura-22093008.1990                             1 1.40500E+01 1.40500E+01
n-V051-rp021048-Subasi-22478004.1998                             6 1.36000E+01 1.49000E+01
n-V051-rp021048-Reimer-22656003.2002                             9 1.17000E+01 2.05000E+01
n-V051-rp021048-Uwamino-22703014.1992                           36 3.50000E+00 3.85000E+01
n-V051-rp021048-Mannhart-22976012.2007                          15 7.85800E+00 1.44660E+01
n-V051-rp021048-Garuska-30479005.1978                            1 1.46000E+01 1.46000E+01
n-V051-rp021048-LUHANLINNN-30523006.1989                        11 1.14000E+01 1.79700E+01
n-V051-rp021048-Zupranska-30581003.1980                         10 1.30000E+01 1.78000E+01
n-V051-rp021048-Khan-30654003.1983                               1 1.47000E+01 1.47000E+01
n-V051-rp021048-FanPeiguoo-30733006.1985                         1 8.50000E+00 8.50000E+00
n-V051-rp021048-Molla-30825008.1986                              1 1.48000E+01 1.48000E+01
n-V051-rp021048-Molla-31449004.1994                              2 1.41000E+01 1.47100E+01
n-V051-rp021048-Doczi-31495003.1998                              4 9.92000E+00 1.25300E+01
n-V051-rp021048-Grallert-31496004.1993                           1 1.46000E+01 1.46000E+01
n-V051-rp021048-Cezarsuita-31498004.1997                         2 1.24000E+01 1.33000E+01
n-V051-rp021048-Kral-31834003.2020                               1 2.91000E+01 2.91000E+01
n-V051-rp021048-Attallah-31851007.2022                           1 1.00000E+00 1.00000E+00
n-V051-rp021048-HuShangbinn-32756002.1999                        6 1.35000E+01 1.48000E+01
n-V051-rp021048-Levkovskii-40226010.1970                         1 1.48000E+01 1.48000E+01
n-V051-rp021048-Dolya-41306002.1977                              1 1.47000E+01 1.47000E+01
n-V051-rp021048-Filatenkov-41614015.2016                         8 1.35600E+01 1.48200E+01
n-V051-rp021048-Majerle-31784009.2017                            5 1.71000E+01 3.26000E+01
n-V051-rp021048-Majerle-31784010.2017                            8 1.71000E+01 3.42000E+01
