#              Filename                                         N    min         max
n-Be009-MT001-Adair-11249002.1949                               67 2.65060E-02 7.57430E-01
n-Be009-MT001-Aizawa-21864002.1983                               1 2.43000E-02 2.43000E-02
n-Be009-MT001-Allen-23521002.1947                               14 4.25800E-01 3.99420E+00
n-Be009-MT001-Anderson-14689003.1946                             2 1.55160E-09 2.53000E-08
n-Be009-MT001-Anderson-14689004.1946                             2 1.55160E-09 2.53000E-08
n-Be009-MT001-Angeli-30113002.1970                               1 1.45000E+01 1.45000E+01
n-Be009-MT001-Auchampaugh-10884002.1979                       3250 1.06030E+00 1.39010E+01
n-Be009-MT001-Auchampaugh-10884002A001.1979                   3250 1.06030E+00 1.39010E+01
n-Be009-MT001-Auman-10230002.1972                                5 3.63400E+01 5.89000E+01
n-Be009-MT001-Auman-10230002A001.1972                            5 3.63400E+01 5.89000E+01
n-Be009-MT001-Becker-11093003.1956                              97 4.35000E+00 8.73500E+00
n-Be009-MT001-Becker-11093003A001.1956                          97 4.35000E+00 8.73500E+00
n-Be009-MT001-Bilpuch-11011003.1961                            796 5.30000E-02 8.51000E-01
n-Be009-MT001-Bilpuch-11011003A001.1961                        796 5.30000E-02 8.51000E-01
n-Be009-MT001-Bilpuch-11011004.1961                            102 5.80000E-01 8.25000E-01
n-Be009-MT001-Bilpuch-11011004A001.1961                        102 5.80000E-01 8.25000E-01
n-Be009-MT001-Block-20420002.1975                                1 2.35000E-02 2.35000E-02
n-Be009-MT001-Bockelman-11048004.1951                          117 1.37000E+00 3.35000E+00
n-Be009-MT001-Bockelman-11048004A001.1951                      117 1.37000E+00 3.35000E+00
n-Be009-MT001-Bockelman-11208002.1950                           89 2.25000E-01 1.44300E+00
n-Be009-MT001-Bockelman-11208002A001.1950                       89 2.25000E-01 1.44300E+00
n-Be009-MT001-Bondelid-11221002.1957                            41 3.78000E+00 8.09000E+00
n-Be009-MT001-Bondelid-11221002A001.1957                        41 3.78000E+00 8.09000E+00
n-Be009-MT001-Bratenahl-11155006.1958                            5 6.83000E+00 1.41100E+01
n-Be009-MT001-Bratenahl-11155006A001.1958                        5 6.83000E+00 1.41100E+01
n-Be009-MT001-Bubb-10379002.1974                                 5 2.29000E+01 4.41500E+01
n-Be009-MT001-Bubb-10379002A001.1974                             5 2.29000E+01 4.41500E+01
n-Be009-MT001-Bubb-10379003.1974                                 5 2.07000E+01 4.39000E+01
n-Be009-MT001-Bubb-10379003A001.1974                             5 2.07000E+01 4.39000E+01
n-Be009-MT001-Cabe-20480024.1973                               263 1.22000E-01 1.20000E+00
n-Be009-MT001-Cabe-20480025.1973                                12 1.78000E-01 1.12500E+00
n-Be009-MT001-Cook-11074005.1954                                 8 1.41000E+01 1.80000E+01
n-Be009-MT001-Cook-11074005A001.1954                             8 1.41000E+01 1.80000E+01
n-Be009-MT001-Cook-11146005.1949                                 1 8.30000E+01 8.30000E+01
n-Be009-MT001-Cook-11146005A001.1949                             1 8.30000E+01 8.30000E+01
n-Be009-MT001-Coon-12524004.1952                                 1 1.41200E+01 1.41200E+01
n-Be009-MT001-Coor-11087005.1955                                 1 1.40000E+03 1.40000E+03
n-Be009-MT001-Coor-11087005A001.1955                             1 1.40000E+03 1.40000E+03
n-Be009-MT001-Danon-14154003.2007                               20 2.39700E-02 9.41800E-01
n-Be009-MT001-Danon-14154004.2007                               20 2.38700E-02 9.41800E-01
n-Be009-MT001-Danon-14154005.2007                               20 2.39700E-02 9.38000E-01
n-Be009-MT001-Danon-14233003.2009                               20 2.38365E-02 9.47623E-01
n-Be009-MT001-Dejuren-11174006.1950                              1 9.50000E+01 9.50000E+01
n-Be009-MT001-Dejuren-11174006A001.1950                          1 9.50000E+01 9.50000E+01
n-Be009-MT001-Dejuren-11176004.1950                              1 2.70000E+02 2.70000E+02
n-Be009-MT001-Dejuren-11176004A001.1950                          1 2.70000E+02 2.70000E+02
n-Be009-MT001-Didier-22573003.1961                               1 1.46700E+01 1.46700E+01
n-Be009-MT001-Dzhelepov-41261005.1955                            1 5.90000E+02 5.90000E+02
n-Be009-MT001-Fermi-11248002.1947                               45 2.69000E-09 1.99500E-07
n-Be009-MT001-Fermi-11248003.1947                               12 2.81800E-08 5.01200E-07
n-Be009-MT001-Fermi-146900021.1947                               1 2.52469E-08 2.52469E-08
n-Be009-MT001-Fermi-146900022.1947                               1 2.52469E-08 2.52469E-08
n-Be009-MT001-Fermi-146900023.1947                               1 2.52469E-08 2.52469E-08
n-Be009-MT001-Fields-11260002.1947                               6 2.40000E-02 8.30000E-01
n-Be009-MT001-Filippov-40082002.1968                            14 7.00000E-02 5.55000E+00
n-Be009-MT001-Finlay-13569002.1993                             474 5.29253E+00 5.99640E+02
n-Be009-MT001-Flerov-40425003.1960                               1 1.40000E+01 1.40000E+01
n-Be009-MT001-Fossan-11256002.1961                             170 3.38100E+00 1.60000E+01
n-Be009-MT001-Fosterjr-10047007.1971                           254 2.25900E+00 1.47990E+01
n-Be009-MT001-Fosterjr-10047007A001.1971                       254 2.25900E+00 1.47990E+01
n-Be009-MT001-Fowler-11252002.1959                             185 1.91100E+00 4.55500E+00
n-Be009-MT001-Fox-11175005.1950                                  1 2.70000E+02 2.70000E+02
n-Be009-MT001-Fox-11175005A001.1950                              1 2.70000E+02 2.70000E+02
n-Be009-MT001-Franz-22117002.1988                               22 1.60000E+02 5.75000E+02
n-Be009-MT001-Gerasimov-40207002.1972                          501 4.52100E-09 1.16100E-05
n-Be009-MT001-Gerasimov-40207003.1972                          503 4.52100E-09 1.16100E-05
n-Be009-MT001-Gerasimov-40207004.1972                          503 4.52100E-09 1.16100E-05
n-Be009-MT001-Gerasimov-40207005.1972                          504 4.52100E-09 1.16100E-05
n-Be009-MT001-Gerasimov-40207006.1972                            4 6.05500E-06 6.05500E-06
n-Be009-MT001-Good-11178003.1941                                 1 9.00000E-01 9.00000E-01
n-Be009-MT001-Good-11178003A001.1941                             1 9.00000E-01 9.00000E-01
n-Be009-MT001-Goodman-11057004.1952                              1 1.40000E+01 1.40000E+01
n-Be009-MT001-Goodman-11057004A001.1952                          1 1.40000E+01 1.40000E+01
n-Be009-MT001-Gorlov-41311002.1967                               1 4.00000E+00 4.00000E+00
n-Be009-MT001-Harvey-13733002.1982                            1124 1.52310E-09 9.72660E-06
n-Be009-MT001-Harvey-13874002.1982                            3830 1.50080E-09 1.52760E-06
n-Be009-MT001-Hibdon-11244002.1955                              57 1.11500E-03 5.50000E-02
n-Be009-MT001-Hibdon-11261002.1949                               2 1.20000E-04 3.45000E-04
n-Be009-MT001-Hildebrand-11039005.1950                           1 4.20000E+01 4.20000E+01
n-Be009-MT001-Hildebrand-11039005A001.1950                       1 4.20000E+01 4.20000E+01
n-Be009-MT001-Hodgson-21281002.1952                              1 5.00275E-03 5.00275E-03
n-Be009-MT001-Hunyadi-30173002.1968                             21 1.37300E+01 1.46000E+01
n-Be009-MT001-Jones-10194004.1971                                1 2.55770E+04 2.55770E+04
n-Be009-MT001-Jones-10194004A001.1971                            1 2.55770E+04 2.55770E+04
n-Be009-MT001-Jones-11206002.1968                                1 2.47780E+04 2.47780E+04
n-Be009-MT001-Jones-11206002A001.1968                            1 2.47780E+04 2.47780E+04
n-Be009-MT001-Khaletskij-40709013.1956                           1 1.48000E+01 1.48000E+01
n-Be009-MT001-Koester-22620002.1972                              2 1.25000E-06 5.20000E-06
n-Be009-MT001-Lasday-11041003.1951                               1 1.39000E+01 1.39000E+01
n-Be009-MT001-Lasday-11041003A001.1951                           1 1.39000E+01 1.39000E+01
n-Be009-MT001-Levin-11192004.1960                                7 2.48000E+00 4.10000E+00
n-Be009-MT001-Levin-11192004A001.1960                            7 2.48000E+00 4.10000E+00
n-Be009-MT001-Liu-32767002.2017                                500 1.00700E-09 9.93140E-07
n-Be009-MT001-Marion-11232007.1959                               2 5.00000E+00 6.00000E+00
n-Be009-MT001-Marion-11232007A001.1959                           2 5.00000E+00 6.00000E+00
n-Be009-MT001-Murthy-10403003.1975                               7 3.30730E+04 2.72060E+05
n-Be009-MT001-Murthy-10403003A001.1975                           7 3.30730E+04 2.72060E+05
n-Be009-MT001-Nedzel-13568004.1954                               1 4.10000E+02 4.10000E+02
n-Be009-MT001-Nereson-11060003.1953                             33 2.60000E+00 1.30920E+01
n-Be009-MT001-Nereson-11060003A001.1953                         33 2.60000E+00 1.30920E+01
n-Be009-MT001-Parker-13026003.1970                               1 4.83740E+03 4.83740E+03
n-Be009-MT001-Perrin-21175002.1962                              11 1.87000E-01 2.12000E-01
n-Be009-MT001-Perrin-21175003.1962                              14 1.64500E-01 2.35000E-01
n-Be009-MT001-Peterson-11108006.1960                             4 1.75000E+01 2.79000E+01
n-Be009-MT001-Peterson-11108006A001.1960                         4 1.75000E+01 2.79000E+01
n-Be009-MT001-Rainwater-11258002.1944                           29 7.46208E-08 6.63907E-04
n-Be009-MT001-Rainwater-11258003.1944                           16 2.16007E-08 1.14291E-07
n-Be009-MT001-Rainwater-11258004.1944                           38 3.57563E-09 1.63649E-07
n-Be009-MT001-Rapp-14349002.2012                              6119 4.00000E-01 2.00100E+01
n-Be009-MT001-Rapp-14349003.2012                              6119 4.00000E-01 2.00100E+01
n-Be009-MT001-Rapp-14349004.2012                              6086 4.00000E-01 2.00100E+01
n-Be009-MT001-Schimmerling-10082002.1973                        15 3.79000E+02 1.73100E+03
n-Be009-MT001-Schimmerling-10082002A001.1973                    15 3.79000E+02 1.73100E+03
n-Be009-MT001-Schwartz-10070003.1971                          3450 4.96400E-01 1.99200E+01
n-Be009-MT001-Schwartz-10070003A001.1971                      3450 4.96400E-01 1.99200E+01
n-Be009-MT001-Stafford-22559003.1951                            16 2.00000E+00 5.96000E+00
n-Be009-MT001-Stelson-11242002.1954                             59 5.05500E-01 8.50000E-01
n-Be009-MT001-Sugimoto-13154006.1989                           580 1.00000E+00 1.08400E+01
n-Be009-MT001-Thibault-22549002.1967                             1 2.70000E+00 2.70000E+00
n-Be009-MT001-Walt-11215004.1955                                 1 4.10000E+00 4.10000E+00
n-Be009-MT001-Walt-11215004A001.1955                             1 4.10000E+00 4.10000E+00
n-Be009-MT001-Willard-112140022.1955                             2 6.20000E-01 8.10000E-01
n-Be009-MT001-Willard-112140022A001.1955                         2 6.20000E-01 8.10000E-01
n-Be009-MT001-Zubov-41227005.1961                                4 3.20000E+00 4.50000E+00
