#              Filename                                         N    min         max     
n-Zr094-rp038091-Lu-10145024.1970                                1 1.44000E+01 1.44000E+01
n-Zr094-rp038091-Lu-10145024A001.1970                            1 1.44000E+01 1.44000E+01
n-Zr094-rp038091-Bayhurst-11462012.1961                         13 1.21300E+01 1.97600E+01
n-Zr094-rp038091-Bramlitt-11590043.1963                          1 1.47000E+01 1.47000E+01
n-Zr094-rp038091-Blosser-11803004.1955                           1 1.40000E+01 1.40000E+01
n-Zr094-rp038091-Brolleyjr-11860003.1955                         2 1.41000E+01 1.49000E+01
n-Zr094-rp038091-Reed-11896012.1960                              1 1.41000E+01 1.41000E+01
n-Zr094-rp038091-Champine-14447005.2016                          5 1.73500E+01 2.13100E+01
n-Zr094-rp038091-Qaim-20513020.1974                              1 1.47000E+01 1.47000E+01
n-Zr094-rp038091-Fujino-20850011.1977                            1 1.46000E+01 1.46000E+01
n-Zr094-rp038091-Anders-21976030.1985                            1 1.47000E+01 1.47000E+01
n-Zr094-rp038091-Ikeda-22089061.1988                             6 1.33400E+01 1.49500E+01
n-Zr094-rp038091-Ibnmajah-22144006.1990                          3 6.48000E+00 7.70400E+00
n-Zr094-rp038091-Ibnmajah-22144012.1990                          6 8.21500E+00 1.06140E+01
n-Zr094-rp038091-Ibnmajah-22664009.2001                          2 1.14400E+01 1.23700E+01
n-Zr094-rp038091-Semkova-22822011.2010                           6 1.48000E+01 2.06000E+01
n-Zr094-rp038091-Sailer-30438014.1977                            1 1.48100E+01 1.48100E+01
n-Zr094-rp038091-Srinivasarao-30574013.1978                      1 1.42000E+01 1.42000E+01
n-Zr094-rp038091-Marcinkowski-30940007.1990                      8 1.34000E+01 1.66000E+01
n-Zr094-rp038091-Molla-30985010.1991                             5 1.36400E+01 1.48300E+01
n-Zr094-rp038091-Raics-30988006.1991                             8 8.20000E+00 1.22500E+01
n-Zr094-rp038091-Mukherjee-31330005.1963                         1 1.45000E+01 1.45000E+01
n-Zr094-rp038091-Doczi-31495006.1998                             2 1.13400E+01 1.25300E+01
n-Zr094-rp038091-Grallert-31496016.1993                          1 1.46000E+01 1.46000E+01
n-Zr094-rp038091-Levkovskii-40016014.1964                        1 1.40000E+01 1.40000E+01
n-Zr094-rp038091-Levkovskii-40226023.1970                        1 1.48000E+01 1.48000E+01
n-Zr094-rp038091-Filatenkov-41614062.2016                        7 1.35600E+01 1.47800E+01
