#              Filename                                         N    min         max
n-P031-MT001-Abfalterer-13753011.2001                          467 5.29300E+00 5.59100E+02
n-P031-MT001-Abfalterer-13794004.2000                         1977 7.50000E-01 1.12860E+01
n-P031-MT001-Ageno-21263004.1953                                 1 1.40000E+01 1.40000E+01
n-P031-MT001-Angeli-30113010.1970                                1 1.45000E+01 1.45000E+01
n-P031-MT001-Cabe-20479003.1967                                167 8.30000E-01 1.19900E+00
n-P031-MT001-Coon-12524015.1952                                  1 1.41200E+01 1.41200E+01
n-P031-MT001-Cuzzocrea-21221002.1960                            97 2.42000E+00 5.17000E+00
n-P031-MT001-Deconninck-20195005.1961                            1 2.84000E+01 2.84000E+01
n-P031-MT001-Fasoli-20978005.1966                              125 5.37300E+00 8.54500E+00
n-P031-MT001-Fields-11260010.1947                                6 2.40000E-02 8.30000E-01
n-P031-MT001-Fosterjr-10047017.1971                            243 2.26700E+00 1.49210E+01
n-P031-MT001-Fosterjr-10047017A001.1971                        243 2.26700E+00 1.49210E+01
n-P031-MT001-Good-11402006.1958                                 27 6.25000E-03 1.95000E-02
n-P031-MT001-Hansen-11564002.1953                              196 1.25000E-01 8.31000E-01
n-P031-MT001-Hansen-14212002.1953                              367 1.16310E-01 8.32880E-01
n-P031-MT001-Havensjr-11361004.1952                             45 2.36000E-08 2.37000E-04
n-P031-MT001-Hibdon-11261009.1949                                2 1.20000E-04 3.45000E-04
n-P031-MT001-Kellie-20464002.1972                              558 7.00000E-01 9.01000E+00
n-P031-MT001-Koester-22217012.1990                               1 1.97000E-03 1.97000E-03
n-P031-MT001-Nereson-11308005.1954                              31 2.77500E+00 1.30910E+01
n-P031-MT001-Norman-10320005.1972                              132 7.81000E-01 3.51000E+00
n-P031-MT001-Norman-10320005A001.1972                          132 7.81000E-01 3.51000E+00
n-P031-MT001-Patterson-11589002.1957                            49 4.05000E-02 1.78000E-01
n-P031-MT001-Patterson-11589003.1957                             6 1.51500E-01 1.61000E-01
n-P031-MT001-Ricamo-21168005.1951                               80 1.91000E+00 3.67000E+00
n-P031-MT001-Rohr-22332002.1995                              44822 3.00010E-01 1.99960E+01
n-P031-MT001-Salama-30746002.1986                               72 7.38030E-09 1.81149E-06
n-P031-MT001-Snowdon-11559002.1953                              65 4.00000E-02 6.82000E-01
n-P031-MT001-Tsukada-20292005.1963                              27 3.23900E+00 4.44700E+00
