#              Filename                                         N    min         max
n-Am241-MT018-Aleksandrov-40546002.1979                          1 2.50000E+00 2.50000E+00
n-Am241-MT018-Aleksandrov-40673002.1983                          1 2.90000E+00 2.90000E+00
n-Am241-MT018-Aleksandrov-40673006.1983                          1 2.90000E+00 2.90000E+00
n-Am241-MT018-Alekseev-41573002.2014                           310 6.50000E-08 8.72000E-03
n-Am241-MT018-Bak-40062009.1967                                  1 2.00000E-07 2.00000E-07
n-Am241-MT018-Belloni-231480042.2010                            15 5.31500E-01 2.35100E+01
n-Am241-MT018-Bowman-12571007.1965                             483 3.21000E-08 5.22600E-03
n-Am241-MT018-Bowman-12572010.1968                               1 2.50000E+00 2.50000E+00
n-Am241-MT018-Cance-21159002.1977                                3 9.30000E-01 2.66000E+00
n-Am241-MT018-Cance-21621002.1981                                1 1.46000E+01 1.46000E+01
n-Am241-MT018-Dabbs-12809002.1983                             1806 1.88300E-08 8.85500E-02
n-Am241-MT018-Dabbs-12809003.1983                              101 1.02900E-01 1.87400E+01
n-Am241-MT018-Derrien-20415002.1975                           2156 9.99670E-07 4.00360E-05
n-Am241-MT018-Fomushkin-400120102.1969                          14 4.40000E-01 3.62000E+00
n-Am241-MT018-Fomushkin-40779005.1967                            1 1.45000E+01 1.45000E+01
n-Am241-MT018-Fomushkin-40779011.1967                            1 1.45000E+01 1.45000E+01
n-Am241-MT018-Gavrilov-40467003.1976                             1 2.53000E-08 2.53000E-08
n-Am241-MT018-Gayther-20785003.1977                             23 5.50000E-05 9.50000E-03
n-Am241-MT018-Gerasimov-40085005.1966                          503 2.31000E-08 1.25000E-05
n-Am241-MT018-Gerasimov-40270003.1966                          588 2.31000E-08 5.03000E-05
n-Am241-MT018-Gerasimov-40801002.1962                           15 4.00000E-09 4.20000E-07
n-Am241-MT018-Gerasimov-41369023.1997                          356 4.30000E-08 4.68880E-02
n-Am241-MT018-Golovnya-41361002.1994                             1 1.47000E+01 1.47000E+01
n-Am241-MT018-Gul-31711007.1986                                  1 1.47000E+01 1.47000E+01
n-Am241-MT018-Hirose-23338002.2017                             909 1.00180E-07 2.00090E-05
n-Am241-MT018-Iyer-30035007.1969                                 1 1.41000E+01 1.41000E+01
n-Am241-MT018-Iyer-30518003.1976                                 6 7.00000E-01 2.49000E+00
n-Am241-MT018-Kazarinova-40636008.1961                           1 2.50000E+00 2.50000E+00
n-Am241-MT018-Kazarinova-40636009.1961                           1 1.46000E+01 1.46000E+01
n-Am241-MT018-Khan-30548006.1980                                 1 1.48000E+01 1.48000E+01
n-Am241-MT018-Knitter-20764002.1979                             17 6.00000E-03 2.75000E-01
n-Am241-MT018-Knitter-20764003.1979                             78 1.53000E-01 5.34300E+00
n-Am241-MT018-Leonardjr-12476004.1959                          110 3.09000E-08 5.25000E-06
n-Am241-MT018-Leonardjr-124760052.1959                           3 3.07000E-07 1.26500E-06
n-Am241-MT018-Nobles-12569002.1955                              13 4.90000E-01 7.34000E+00
n-Am241-MT018-Prindle-10913007.1979                              1 1.48000E+01 1.48000E+01
n-Am241-MT018-Prindle-10913007A001.1979                          1 1.48000E+01 1.48000E+01
n-Am241-MT018-Protopopov-40443002.1960                           1 1.46000E+01 1.46000E+01
n-Am241-MT018-Seeger-12558002.1967                            2342 2.00000E-05 5.22900E-02
n-Am241-MT018-Shpak-40010002.1969                               43 8.00000E-03 3.30000E+00
n-Am241-MT018-Vorotnikov-40948002.1986                         127 8.00000E-02 1.31000E+00
n-Am241-MT018-Vorotnikov-40948003.1986                          20 1.30000E-01 1.06000E+00
n-Am241-MT018-Yamamoto-22479002.1997                           102 9.45625E-08 1.06100E-02
n-Am241-MT018-Yamamoto-22479003.1997                             6 4.95000E-07 5.50000E-03
n-Am241-MT018-Yamamoto-22479004.1997                             1 2.53000E-08 2.53000E-08
