#              Filename                                         N    min         max
n-Cu065-MT103-Bonazzola-20888005.1964                            1 1.47000E+01 1.47000E+01
n-Cu065-MT103-Bormann-21343008.1963                             10 1.32000E+01 1.87000E+01
n-Cu065-MT103-Bramlitt-11590019.1963                             1 1.47000E+01 1.47000E+01
n-Cu065-MT103-Clator-11536004.1969                               3 1.44000E+01 1.67000E+01
n-Cu065-MT103-Depraz-21419008.1960                               1 1.50000E+01 1.50000E+01
n-Cu065-MT103-Dresler-30263010.1973                              1 1.46000E+01 1.46000E+01
n-Cu065-MT103-Ercan-22338015.1991                                1 1.46000E+01 1.46000E+01
n-Cu065-MT103-Filatenkov-41614031.2016                           7 1.35600E+01 1.47800E+01
n-Cu065-MT103-Forbes-11474007.1952                               1 1.41000E+01 1.41000E+01
n-Cu065-MT103-Furuta-23032008.2008                               2 5.17000E+00 5.93000E+00
n-Cu065-MT103-Gandhi-33150004.2020                               1 1.49200E+01 1.49200E+01
n-Cu065-MT103-Gupta-30707014.1985                                1 1.48000E+01 1.48000E+01
n-Cu065-MT103-Harunarrashid-31600005.2006                        1 1.48000E+01 1.48000E+01
n-Cu065-MT103-Ikeda-22089051.1988                                8 1.33400E+01 1.49300E+01
n-Cu065-MT103-Kral-31834011.2020                                 1 2.91000E+01 2.91000E+01
n-Cu065-MT103-Mannhart-22976026.2007                            10 1.02090E+01 1.39670E+01
n-Cu065-MT103-Maslov-40136014.1974                               2 1.42000E+01 1.46000E+01
n-Cu065-MT103-Meadows-12969018.1987                              1 1.47400E+01 1.47400E+01
n-Cu065-MT103-Mitra-30062003.1967                                2 1.41000E+01 1.48000E+01
n-Cu065-MT103-Molla-20721056.1977                                1 1.47000E+01 1.47000E+01
n-Cu065-MT103-Molla-31449008.1994                                4 1.39000E+01 1.47100E+01
n-Cu065-MT103-Mukherjee-31161006.1961                            1 1.48000E+01 1.48000E+01
n-Cu065-MT103-Ngoc-30562017.1980                                 6 1.35500E+01 1.47100E+01
n-Cu065-MT103-Pepelnik-21999015.1986                             1 1.47000E+01 1.47000E+01
n-Cu065-MT103-Pollehn-21352010.1961                              1 1.41000E+01 1.41000E+01
n-Cu065-MT103-Poularikas-11484012.1959                           1 1.48000E+01 1.48000E+01
n-Cu065-MT103-Prasad-30336019.1971                               1 1.48000E+01 1.48000E+01
n-Cu065-MT103-Robertson-20799016.1973                            1 1.47800E+01 1.47800E+01
n-Cu065-MT103-Ryves-20772008.1978                                6 1.46700E+01 1.89500E+01
n-Cu065-MT103-Santry-11776002.1966                               4 3.56000E+00 4.88000E+00
n-Cu065-MT103-Santry-11776003.1966                              31 5.45000E+00 1.35800E+01
n-Cu065-MT103-Santry-11776004.1966                               8 1.35800E+01 2.02000E+01
n-Cu065-MT103-Scalan-11550007.1958                               1 1.48000E+01 1.48000E+01
n-Cu065-MT103-Shimizu-22837010.2004                              2 2.90000E+00 3.09000E+00
n-Cu065-MT103-Sigg-10776005.1976                                 1 1.46000E+01 1.46000E+01
n-Cu065-MT103-Sigg-10776005A001.1976                             1 1.46000E+01 1.46000E+01
n-Cu065-MT103-Uwamino-22703009.1992                             36 3.50000E+00 3.85000E+01
n-Cu065-MT103-Vinitskaya-400090021.1968                          1 1.48000E+01 1.48000E+01
n-Cu065-MT103-ZhaoZhenlann-30618002.1981                         1 1.47500E+01 1.47500E+01
