#              Filename                                         N    min         max
n-Pr141-MT001-Brazos-12087003.1966                               6 2.90000E-08 1.60000E-07
n-Pr141-MT001-Carlson-11497024.1967                             60 4.53100E+00 7.51400E+00
n-Pr141-MT001-Carter-11897004.1955                             143 1.09000E-05 2.08000E-03
n-Pr141-MT001-Coon-12524045.1952                                 1 1.41200E+01 1.41200E+01
n-Pr141-MT001-Dilg-20583014.1972                                 1 2.70000E-03 2.70000E-03
n-Pr141-MT001-Eiland-12070002.1966                              89 1.70000E-08 8.34000E-06
n-Pr141-MT001-Enayetullah-30243002.1971                         20 3.77500E+00 1.80220E+01
n-Pr141-MT001-Fosterjr-10047063.1971                           246 2.33500E+00 1.48580E+01
n-Pr141-MT001-Fosterjr-10047063A001.1971                       246 2.33500E+00 1.48580E+01
n-Pr141-MT001-Gayther-21038003.1957                             18 7.97000E-04 2.39000E-02
n-Pr141-MT001-Hickman-12004003.1965                             61 1.70000E-08 7.58000E-06
n-Pr141-MT001-Hussain-30245004.1970                              2 1.33600E+01 1.34800E+01
n-Pr141-MT001-Islam-30134006.1973                              101 1.00400E+00 2.00400E+00
n-Pr141-MT001-Kellie-20418004.1974                             646 7.00340E-01 9.06480E+00
n-Pr141-MT001-Knopf-22450023.1997                                1 5.68000E-10 5.68000E-10
n-Pr141-MT001-Manero-20170005.1968                              68 3.32000E+00 5.99000E+00
n-Pr141-MT001-Miller-11712019.1952                              79 5.00000E-02 3.21000E+00
n-Pr141-MT001-Nishimura-20302007.1977                           45 2.00000E-02 2.40000E-01
n-Pr141-MT001-Sailor-12075002.1955                               2 1.04700E-06 5.02000E-06
n-Pr141-MT001-Singh-21292002.1975                               49 5.00000E-01 2.41800E+00
n-Pr141-MT001-Vladimirski-40380003.1955                        223 4.62990E-06 2.81690E-02
n-Pr141-MT001-Voss-22498020.1999                                 9 1.25000E-02 1.75000E-01
n-Pr141-MT001-Wynchank-11913023.1968                          9657 5.45400E-05 2.99600E-01
n-Pr141-MT001-YuinChihsuu-30732002.1963                          3 1.39500E+01 1.47500E+01
n-Pr141-MT001-Zimmerman-30224002.1967                           32 2.55000E-09 9.70000E-07
n-Pr141-MT001-Zimmerman-30224003.1967                            1 2.53000E-08 2.53000E-08
