#              Filename                                         N    min         max     
p-Th232-rp048115g-Libanova-F1436026.2020                         5 2.10000E+01 2.10000E+01
p-Th232-rp048115g-Libanova-F1436027.2020                         5 3.56000E+01 3.56000E+01
p-Th232-rp048115g-Libanova-F1436028.2020                         5 4.79000E+01 4.79000E+01
p-Th232-rp048115g-Libanova-F1436029.2020                         6 5.80000E+01 5.80000E+01
p-Th232-rp048115g-Libanova-F1436030.2020                         6 6.69000E+01 6.69000E+01
p-Th232-rp048115g-Libanova-F1436031.2020                         6 7.48000E+01 7.48000E+01
p-Th232-rp048115g-Libanova-F1436032.2020                         6 7.99000E+01 7.99000E+01
p-Th232-rp048115g-Libanova-F1436033.2020                         6 8.71000E+01 8.71000E+01
p-Th232-rp048115g-Libanova-F1436034.2020                         6 9.38000E+01 9.38000E+01
p-Th232-rp048115g-Libanova-F1436035.2020                         6 1.00200E+02 1.00200E+02
p-Th232-rp048115g-Libanova-F1436036.2020                         6 1.06300E+02 1.06300E+02
p-Th232-rp048115g-Libanova-F1436037.2020                         6 1.12200E+02 1.12200E+02
p-Th232-rp048115g-Libanova-F1436038.2020                         6 1.17900E+02 1.17900E+02
p-Th232-rp048115g-Libanova-F1436039.2020                         6 1.23300E+02 1.23300E+02
p-Th232-rp048115g-Libanova-F1436040.2020                         6 1.28600E+02 1.28600E+02
p-Th232-rp048115g-Libanova-F1436041.2020                         6 1.41300E+02 1.41300E+02
p-Th232-rp048115g-Kudo-O0020012.1982                            28 7.90000E+00 2.19000E+01
p-Th232-rp048115g-Duijvestijn-O0518220.1999                      1 1.90000E+02 1.90000E+02
