#              Filename                                         N    min         max
n-Ti050-MT103-Anders-21976014.1985                               1 1.47000E+01 1.47000E+01
n-Ti050-MT103-Barreirafilho-21901002.1981                        1 1.44000E+01 1.44000E+01
n-Ti050-MT103-Bramlitt-11590010.1963                             1 1.47000E+01 1.47000E+01
n-Ti050-MT103-Cross-11631011.1963                                1 1.45000E+01 1.45000E+01
n-Ti050-MT103-Fessler-22414014.2000                              5 1.60890E+01 2.03690E+01
n-Ti050-MT103-Gupta-30707010.1985                                1 1.48000E+01 1.48000E+01
n-Ti050-MT103-HoangDacLuccc-30810011.1986                        1 1.48000E+01 1.48000E+01
n-Ti050-MT103-Ikeda-22089032.1988                                6 1.33300E+01 1.49400E+01
n-Ti050-MT103-Kasugai-22433006.1998                              6 1.34000E+01 1.48700E+01
n-Ti050-MT103-Khurana-30403006.1959                              1 1.40000E+01 1.40000E+01
n-Ti050-MT103-Koehler-116330031.1964                             1 1.47000E+01 1.47000E+01
n-Ti050-MT103-Molla-20721009.1977                                1 1.47000E+01 1.47000E+01
n-Ti050-MT103-Pai-11630010.1966                                  4 1.48000E+01 1.95000E+01
n-Ti050-MT103-Poularikas-11484009.1959                           1 1.48000E+01 1.48000E+01
n-Ti050-MT103-Prasad-30336013.1971                               1 1.48000E+01 1.48000E+01
n-Ti050-MT103-Ribansky-30660008.1983                             1 1.48000E+01 1.48000E+01
n-Ti050-MT103-Schwerer-20811003.1976                             1 1.46000E+01 1.46000E+01
n-Ti050-MT103-Viennot-30978003.1991                              7 1.37700E+01 1.48300E+01
