#              Filename                                         N    min         max
n-Eu153-MT102-Basunia-31751005.2014                              1 2.53000E-08 2.53000E-08
n-Eu153-MT102-Bokhovko-41148005.1991                            57 5.50000E-03 3.90000E-01
n-Eu153-MT102-Decorte-23488069.1988                              1 2.53000E-08 2.53000E-08
n-Eu153-MT102-Farinaarbocco-23260115.2014                        1 2.53000E-08 2.53000E-08
n-Eu153-MT102-Farinaarbocco-23260116.2014                       10 2.53000E-08 2.53000E-08
n-Eu153-MT102-Gamgam-02063153.2024                               2 5.00000E-03 1.00000E-02
n-Eu153-MT102-Harlow-10324004.1968                             292 2.44100E-05 9.57300E-03
n-Eu153-MT102-Harlow-10324004A001.1968                         292 2.44100E-05 9.57300E-03
n-Eu153-MT102-Hockenbury-10435003.1975                         566 6.31400E-03 2.97339E-01
n-Eu153-MT102-Hockenbury-10435003A001.1975                     566 6.31400E-03 2.97339E-01
n-Eu153-MT102-Kadonis-01063153.2024                             20 5.00000E-03 1.00000E-01
n-Eu153-MT102-Kim-20657010.1975                                  1 2.53000E-08 2.53000E-08
n-Eu153-MT102-Konks-40362008.1968                               86 8.50000E-07 4.00000E-02
n-Eu153-MT102-Konks-40819005.1964                               88 8.50000E-07 4.10000E-02
n-Eu153-MT102-Kononov-40520015.1977                             75 5.50000E-03 3.42500E-01
n-Eu153-MT102-Lee-23181003.2017                                 22 3.29000E-08 2.26500E-03
n-Eu153-MT102-Lee-23416003.2018                                377 5.64400E-09 1.05100E-04
n-Eu153-MT102-Lucas-21563025.1977                                1 2.53000E-08 2.53000E-08
n-Eu153-MT102-Macklin-12878003.1987                             36 3.50000E-03 2.15000E+00
n-Eu153-MT102-Mizumoto-21293003.1979                            23 3.50000E-03 9.50000E-02
n-Eu153-MT102-Moxon-20489004.1976                               27 1.50000E-04 9.50000E-02
n-Eu153-MT102-Pattenden-21325016.1958                            1 2.53000E-08 2.53000E-08
n-Eu153-MT102-Profil-03063153.2024                              33 1.00000E-03 2.00000E+00
n-Eu153-MT102-Sims-12090007.1967                                 1 2.53000E-08 2.53000E-08
n-Eu153-MT102-Tattersall-20638052.1960                           1 2.53000E-08 2.53000E-08
n-Eu153-MT102-Vertebnij-40729032.1980                            1 2.00000E-03 2.00000E-03
n-Eu153-MT102-Widder-20437007.1975                             286 1.00240E-08 9.84190E-06
n-Eu153-MT102-XiaYijunn-32623005.1994                            8 2.20000E-02 1.10000E+00
n-Eu153-MT102-YuWeixiangg-32615005.1993                          5 3.60000E-02 1.12000E+00
