#              Filename                                         N    min         max
n-Mo100-MT016-Amemiya-21840012.1982                              1 1.48000E+01 1.48000E+01
n-Mo100-MT016-Araminowicz-30264030.1973                          1 1.46000E+01 1.46000E+01
n-Mo100-MT016-Atsumi-21935002.1984                               1 1.46000E+01 1.46000E+01
n-Mo100-MT016-Badwar-33108003.2017                               2 1.19000E+01 1.57500E+01
n-Mo100-MT016-Csikai-30119004.1967                               1 1.47000E+01 1.47000E+01
n-Mo100-MT016-Cuzzocrea-21141003.1967                            1 1.41000E+01 1.41000E+01
n-Mo100-MT016-Filatenkov-41614079.2016                           8 1.34700E+01 1.48600E+01
n-Mo100-MT016-Fujino-20850019.1977                               1 1.46000E+01 1.46000E+01
n-Mo100-MT016-Ikeda-22089085.1988                               29 1.33300E+01 1.49600E+01
n-Mo100-MT016-JunhuaLuoo-32812011.2020                           3 1.35000E+01 1.48000E+01
n-Mo100-MT016-Khurana-31247010.1961                              1 1.48000E+01 1.48000E+01
n-Mo100-MT016-KongXiangzhongg-32579002.1991                      6 1.34000E+01 1.47900E+01
n-Mo100-MT016-Lu-10497008.1970                                   1 1.44000E+01 1.44000E+01
n-Mo100-MT016-Lu-10497008A001.1970                               1 1.44000E+01 1.44000E+01
n-Mo100-MT016-Marcinkowski-30809014.1986                         8 1.30000E+01 1.66000E+01
n-Mo100-MT016-Maslov-40136016.1974                               1 1.42000E+01 1.42000E+01
n-Mo100-MT016-Molla-30825020.1986                                1 1.48000E+01 1.48000E+01
n-Mo100-MT016-Osman-31464034.1996                                1 1.47000E+01 1.47000E+01
n-Mo100-MT016-Paul-11274069.1953                                 1 1.45000E+01 1.45000E+01
n-Mo100-MT016-Qaim-20536020.1972                                 1 1.47000E+01 1.47000E+01
n-Mo100-MT016-Rahman-21990007.1985                               4 8.13200E+00 9.57700E+00
n-Mo100-MT016-Ram-33147003.2020                                  2 1.45400E+01 1.45400E+01
n-Mo100-MT016-Ram-33164002.2020                                  2 1.35900E+01 1.35900E+01
n-Mo100-MT016-Reimer-22818017.2001                               4 1.62300E+01 2.05100E+01
n-Mo100-MT016-Reimer-22889016.2005                               4 1.62000E+01 2.05000E+01
n-Mo100-MT016-Semkova-23233011.2014                              6 8.92000E+00 1.44800E+01
n-Mo100-MT016-Strohal-30008016.1962                              1 1.46000E+01 1.46000E+01
n-Mo100-MT016-Thiep-31543013.2003                                1 1.48000E+01 1.48000E+01
n-Mo100-MT016-ZhouMuyaoo-30755015.1987                           1 1.46000E+01 1.46000E+01
