#              Filename                                         N    min         max
n-Ag107-MT016g-Araminowicz-30264032.1973                         1 1.46000E+01 1.46000E+01
n-Ag107-MT016g-Augustyniak-30316003.1975                         9 1.30800E+01 1.78800E+01
n-Ag107-MT016g-Carles-21400005.1963                              1 1.41000E+01 1.41000E+01
n-Ag107-MT016g-Cevolani-21266012.1962                            1 1.41300E+01 1.41300E+01
n-Ag107-MT016g-Chatterjee-30061006.1967                          1 1.48000E+01 1.48000E+01
n-Ag107-MT016g-Chatterjee-30612010.1969                          3 1.42000E+01 1.48000E+01
n-Ag107-MT016g-Chursin-40798009.1963                             1 1.45000E+01 1.45000E+01
n-Ag107-MT016g-Cuzzocrea-20890007.1968                          27 1.37000E+01 1.46700E+01
n-Ag107-MT016g-Forbes-11474009.1952                              1 1.41000E+01 1.41000E+01
n-Ag107-MT016g-Khurana-31247011.1961                             1 1.48000E+01 1.48000E+01
n-Ag107-MT016g-Koehler-11785004.1962                             7 1.22000E+01 1.80500E+01
n-Ag107-MT016g-LANGMANN-20903005.1962                            1 1.41000E+01 1.41000E+01
n-Ag107-MT016g-Minetti-20891020.1968                             1 1.47000E+01 1.47000E+01
n-Ag107-MT016g-Misra-30507003.1979                               1 1.46000E+01 1.46000E+01
n-Ag107-MT016g-Mitra-31070005.1967                               1 1.48000E+01 1.48000E+01
n-Ag107-MT016g-Mukherjee-31161009.1961                           1 1.48000E+01 1.48000E+01
n-Ag107-MT016g-Paul-11274077.1953                                1 1.45000E+01 1.45000E+01
n-Ag107-MT016g-Rayburn-11328024.1961                             1 1.44000E+01 1.44000E+01
n-Ag107-MT016g-Rayburn-11784004.1963                            16 1.20500E+01 1.95700E+01
n-Ag107-MT016g-Reggoug-306980122.1982                            1 1.46500E+01 1.46500E+01
n-Ag107-MT016g-Ryves-22100002.1988                               2 1.43000E+01 1.46700E+01
n-Ag107-MT016g-Ryves-22100003.1988                               1 1.46700E+01 1.46700E+01
n-Ag107-MT016g-Sakisaka-20329004.1961                            1 1.41000E+01 1.41000E+01
n-Ag107-MT016g-Valkonen-20673026.1976                            1 1.47000E+01 1.47000E+01
n-Ag107-MT016g-Vonach-20089003.1961                              1 1.40000E+01 1.40000E+01
n-Ag107-MT016g-Yasumi-20280009.1957                              1 1.41000E+01 1.41000E+01
