#              Filename                                         N    min         max
n-Al027-MT002-Atkinson-11112019.1961                             1 5.00000E+03 5.00000E+03
n-Al027-MT002-Atkinson-11112019A001.1961                         1 5.00000E+03 5.00000E+03
n-Al027-MT002-Ball-11503007.1952                                 1 3.00000E+02 3.00000E+02
n-Al027-MT002-Boerker-22113006.1988                              2 1.01590E+01 1.01590E+01
n-Al027-MT002-Chien-11201008.1966                               27 3.00000E-01 1.50000E+00
n-Al027-MT002-Chien-11201008A001.1966                           27 3.00000E-01 1.50000E+00
n-Al027-MT002-Coon-11322004.1958                                 1 1.41000E+01 1.41000E+01
n-Al027-MT002-Holmqvist-20019002.1969                            8 2.47000E+00 8.05000E+00
n-Al027-MT002-Kinney-10106092.1970                               4 5.44000E+00 8.56000E+00
n-Al027-MT002-Kinney-10106092A001.1970                           4 5.44000E+00 8.56000E+00
n-Al027-MT002-Korzh-40043009.1969                                1 1.50000E+00 1.50000E+00
n-Al027-MT002-Korzh-40685008.1964                                2 5.00000E-01 8.00000E-01
n-Al027-MT002-Korzh-40762002.1963                                1 6.50000E-01 6.50000E-01
n-Al027-MT002-Korzh-40763006.1963                                1 3.00000E-01 3.00000E-01
n-Al027-MT002-Lambert-11538003.1966                              1 3.15000E+00 3.15000E+00
n-Al027-MT002-Lovchikova-40787002.1960                           1 2.20000E-01 2.20000E-01
n-Al027-MT002-Macphail-14675002.1940                             6 2.34000E+00 2.80000E+00
n-Al027-MT002-Mitchell-14700004.1936                             1 2.53000E-08 2.53000E-08
n-Al027-MT002-Olsson-22048005.1987                               1 2.16000E+01 2.16000E+01
n-Al027-MT002-Olsson-22617002.1985                               1 2.16000E+01 2.16000E+01
n-Al027-MT002-Pierre-11486002.1959                               1 1.40000E+01 1.40000E+01
n-Al027-MT002-Popov-41215009.1963                                1 3.10000E+00 3.10000E+00
n-Al027-MT002-Rayburn-11026009.1965                              1 1.44000E-06 1.44000E-06
n-Al027-MT002-Rayburn-11026009A001.1965                          1 1.44000E-06 1.44000E-06
n-Al027-MT002-Schweitzer-30463027.1978                           1 3.40000E+00 3.40000E+00
n-Al027-MT002-Shull-11043034.1951                                1 2.53000E-08 2.53000E-08
n-Al027-MT002-Shull-11043034A001.1951                            1 2.53000E-08 2.53000E-08
n-Al027-MT002-Takahashi-22075193.1987                            1 1.41000E+01 1.41000E+01
n-Al027-MT002-Towle-20958015.1962                                4 9.80000E-01 3.99000E+00
n-Al027-MT002-Triftshaeuser-21272004.1965                        1 5.00000E-10 5.00000E-10
n-Al027-MT002-Triftshaeuser-21272005.1965                        1 5.00000E-10 5.00000E-10
n-Al027-MT002-Tsukada-20341002.1961                              5 3.50000E+00 4.80000E+00
n-Al027-MT002-Vanzyl-21374012.1956                               1 1.36000E+02 1.36000E+02
n-Al027-MT002-Walt-11215010.1955                                 1 4.10000E+00 4.10000E+00
n-Al027-MT002-Walt-11215010A001.1955                             1 4.10000E+00 4.10000E+00
n-Al027-MT002-Whisnant-12875004.1984                             3 1.08730E+01 1.68830E+01
n-Al027-MT002-Whitehead-11475002.1953                            1 3.70000E+00 3.70000E+00
n-Al027-MT002-Winterhalter-31119002.1963                         1 2.76000E+00 2.76000E+00
