#              Filename                                         N    min         max     
p-Zn068-rp031068-Kotelnikova-A0223008B.1980                      4 7.50000E+00 9.00000E+00
p-Zn068-rp031068-Hermanne-A04940051.1991                        21 1.20000E+01 3.30000E+01
p-Zn068-rp031068-Levkovski-A0510093.1991                        25 7.70000E+00 2.95000E+01
p-Zn068-rp031068-Antropov-A0543005.1992                          2 5.72000E+00 6.02000E+00
p-Zn068-rp031068-Zhuravlev-A0550002.1995                        49 5.73100E+00 6.78700E+00
p-Zn068-rp031068-Vinogradov-A0841002.1993                       57 4.90900E+00 6.04900E+00
p-Zn068-rp031068-Church-B0024004.1969                            1 4.00000E+02 4.00000E+02
p-Zn068-rp031068-Blaser-B0048006.1951                           15 3.38000E+00 6.37000E+00
p-Zn068-rp031068-Blosser-B0052008.1955                           1 1.20000E+01 1.20000E+01
p-Zn068-rp031068-Mcgee-B0053002.1970                            10 1.00000E+01 8.50000E+01
p-Zn068-rp031068-Hille-B0058004.1972                             8 9.50000E+00 1.59000E+01
p-Zn068-rp031068-Howe-B0060005.1958                             16 5.10000E+00 1.18000E+01
p-Zn068-rp031068-Esat-C0650003.1981                             51 3.76600E+00 5.02600E+00
p-Zn068-rp031068-Tarkanyi-D40040041.1990                        10 1.13000E+01 2.16000E+01
p-Zn068-rp031068-Hermanne-D40930092.1997                        21 5.06000E+00 2.99200E+01
p-Zn068-rp031068-Szelecsenyi-D4276005.2012                       6 1.03000E+01 1.99000E+01
p-Zn068-rp031068-Naik-D6382002.2020                              4 8.60000E+00 1.77000E+01
p-Zn068-rp031068-Johnson-T0126013.1964                          40 3.75400E+00 5.91300E+00
