#              Filename                                         N    min         max
n-Nd148-MT102-Afzalansari-315140021.1999                         2 4.60000E-01 5.70000E-01
n-Nd148-MT102-Afzalansari-315140022.1999                         8 7.60000E-01 3.44000E+00
n-Nd148-MT102-Bradley-10938005.1979                              1 2.43000E-02 2.43000E-02
n-Nd148-MT102-Bradley-10938005A001.1979                          1 2.43000E-02 2.43000E-02
n-Nd148-MT102-Decorte-23488065.1988                              1 2.53000E-08 2.53000E-08
n-Nd148-MT102-Gamgam-02060148.2024                               2 5.00000E-03 1.00000E-02
n-Nd148-MT102-Gryntakis-20625020.1976                            1 2.53000E-08 2.53000E-08
n-Nd148-MT102-Hasan-30077017.1968                                1 2.40000E-02 2.40000E-02
n-Nd148-MT102-Johnsrud-11675019.1959                            14 1.75000E-01 2.50000E+00
n-Nd148-MT102-Kadonis-01060148.2024                             20 5.00000E-03 1.00000E-01
n-Nd148-MT102-Karadag-23202004.2014                              1 2.53000E-08 2.53000E-08
n-Nd148-MT102-Kononov-40520019.1977                             30 5.50000E-03 3.35000E-01
n-Nd148-MT102-Musgrove-30360025.1977                            15 3.50000E-03 1.75000E-01
n-Nd148-MT102-Nakajima-21631005.1978                            19 4.50000E-03 9.50000E-02
n-Nd148-MT102-Siddappa-30502006.1974                             1 2.30000E-02 2.30000E-02
n-Nd148-MT102-Thirumalarao-30501007.1972                         1 2.50000E-02 2.50000E-02
n-Nd148-MT102-Trofimov-41001021.1987                             1 1.00000E+00 1.00000E+00
n-Nd148-MT102-Trofimov-41184003.1993                            12 5.00000E-01 2.20000E+00
n-Nd148-MT102-Wisshak-22388013.1998                             18 4.00000E-03 2.12500E-01
