#              Filename                                         N    min         max
n-Be009-MT002-Baba-20872002.1978                                 6 3.26000E+00 1.54000E+01
n-Be009-MT002-Boerker-22113010.1988                              2 1.01310E+01 1.01310E+01
n-Be009-MT002-ChenGuanrenn-30623005.1981                         1 1.47000E+01 1.47000E+01
n-Be009-MT002-Chien-11201003.1966                               33 4.50000E-01 1.50000E+00
n-Be009-MT002-Chien-11201003A001.1966                           33 4.50000E-01 1.50000E+00
n-Be009-MT002-Drake-10678005.1977                                3 5.90000E+00 1.42000E+01
n-Be009-MT002-Drake-10678005A001.1977                            3 5.90000E+00 1.42000E+01
n-Be009-MT002-Gorlov-40221003.1965                               1 4.00000E+00 4.00000E+00
n-Be009-MT002-Hogue-10550004.1978                                9 6.97000E+00 1.49300E+01
n-Be009-MT002-Hogue-10550004A001.1978                            9 6.97000E+00 1.49300E+01
n-Be009-MT002-Ibaraki-22359012.1998                              1 1.80000E+01 1.80000E+01
n-Be009-MT002-JinxiangChenn-31671007.2009                        2 5.90000E+00 6.40000E+00
n-Be009-MT002-Lane-11237003.1964                                31 2.07000E-01 9.05000E-01
n-Be009-MT002-Lane-11251004.1956                                38 5.46000E-01 8.95000E-01
n-Be009-MT002-Langsdorfjr-11224002.1957                         20 3.00000E-02 1.45000E+00
n-Be009-MT002-Langsdorfjr-11224002A001.1957                     20 3.00000E-02 1.45000E+00
n-Be009-MT002-Levin-11192003.1960                                6 2.48000E+00 3.46000E+00
n-Be009-MT002-Levin-11192003A001.1960                            6 2.48000E+00 3.46000E+00
n-Be009-MT002-Lyapin-41401002.1989                              20 1.50000E-03 4.42000E-01
n-Be009-MT002-Marion-11232002.1959                               3 4.10000E+00 6.00000E+00
n-Be009-MT002-Marion-11232002A001.1959                           3 4.10000E+00 6.00000E+00
n-Be009-MT002-Merchez-21177011.1966                              1 1.41000E+01 1.41000E+01
n-Be009-MT002-Nakada-11228002.1958                               1 1.40000E+01 1.40000E+01
n-Be009-MT002-Nakada-11228002A001.1958                           1 1.40000E+01 1.40000E+01
n-Be009-MT002-Olsson-22127002.1989                               1 2.16000E+01 2.16000E+01
n-Be009-MT002-Phillips-11207002.1960                             8 3.00000E+00 7.00000E+00
n-Be009-MT002-Phillips-11207002A001.1960                         8 3.00000E+00 7.00000E+00
n-Be009-MT002-Roturier-20599002.1968                             1 1.40700E+01 1.40700E+01
n-Be009-MT002-Schmidt-22973006.2007                              4 7.10000E+00 9.97000E+00
n-Be009-MT002-Sugimoto-13154004.1989                            12 4.50000E+00 1.00000E+01
n-Be009-MT002-Takahashi-22075213.1987                            1 1.41000E+01 1.41000E+01
n-Be009-MT002-Templon-12939005.1985                              3 1.09620E+01 1.68870E+01
n-Be009-MT002-Walt-11215002.1955                                 1 4.10000E+00 4.10000E+00
n-Be009-MT002-Walt-11215002A001.1955                             1 4.10000E+00 4.10000E+00
n-Be009-MT002-Willard-11214003.1955                              3 5.40000E-01 7.00000E-01
n-Be009-MT002-Willard-11214003A001.1955                          3 5.40000E-01 7.00000E-01
