#              Filename                                         N    min         max
n-Na023-MT016-Adamski-30515002.1980                              6 1.55000E+01 1.79000E+01
n-Na023-MT016-Araminowicz-30264004.1973                          1 1.46000E+01 1.46000E+01
n-Na023-MT016-Barrall-10022003.1969                              1 1.46000E+01 1.46000E+01
n-Na023-MT016-Barrall-10022003A001.1969                          1 1.46000E+01 1.46000E+01
n-Na023-MT016-Filatenkov-41614002.2016                           7 1.35600E+01 1.47800E+01
n-Na023-MT016-Ikeda-22089003.1988                                8 1.33300E+01 1.49300E+01
n-Na023-MT016-Jarosik-31842009.2022                              1 1.75000E+01 1.75000E+01
n-Na023-MT016-KongXiangzhongg-32514006.1995                      3 1.35000E+01 1.48000E+01
n-Na023-MT016-Liskien-20926003.1965                             23 1.26300E+01 1.95800E+01
n-Na023-MT016-LuHanlinn-32599002.1992                            6 1.35000E+01 1.79800E+01
n-Na023-MT016-Maslov-40136002.1974                               2 1.42000E+01 1.46000E+01
n-Na023-MT016-Menlove-11421003.1967                              7 1.35000E+01 1.93900E+01
n-Na023-MT016-Picard-20892007.1965                               6 1.48900E+01 2.10000E+01
n-Na023-MT016-Prestwood-11391002.1955                            1 1.41000E+01 1.41000E+01
n-Na023-MT016-Sakuma-22754006.1992                               5 1.59120E+01 1.94140E+01
n-Na023-MT016-Shani-30447006.1976                                1 1.51000E+01 1.51000E+01
n-Na023-MT016-Sigg-10776015.1976                                 1 1.46000E+01 1.46000E+01
n-Na023-MT016-Sigg-10776015A001.1976                             1 1.46000E+01 1.46000E+01
n-Na023-MT016-Soewarsono-22335003.1992                           5 1.75500E+01 3.82600E+01
n-Na023-MT016-Strohmaier-23328002.1991                           1 1.94490E+01 1.94490E+01
n-Na023-MT016-Uwamino-22703013.1992                             26 1.35000E+01 3.85000E+01
n-Na023-MT016-XuZhizhengg-30992002.1991                          6 1.33000E+01 1.85000E+01
n-Na023-MT016-Yashima-23105014.2004                              6 2.70000E+01 6.60000E+01
