#              Filename                                         N    min         max
n-Cs133-MT102-Bokhovko-41148003.1991                            57 5.50000E-03 3.90000E-01
n-Cs133-MT102-Brzosko-30159011.1971                              1 4.00000E-01 4.00000E-01
n-Cs133-MT102-Carre-20658022.1966                                1 2.53000E-08 2.53000E-08
n-Cs133-MT102-Decorte-234880572.1988                             1 2.53000E-08 2.53000E-08
n-Cs133-MT102-Gamgam-02055133.2024                               2 5.00000E-03 1.00000E-02
n-Cs133-MT102-Kadonis-01055133.2024                             20 5.00000E-03 1.00000E-01
n-Cs133-MT102-Kompe-20358020.1969                               72 1.27000E-02 1.69000E-01
n-Cs133-MT102-MaHuiFanggg-30659002T.1982                         1 1.48000E+01 1.48000E+01
n-Cs133-MT102-Macklin-12743004.1982                             17 3.50000E-03 5.50000E-01
n-Cs133-MT102-Popov-40797009.1962                               92 8.75000E-07 4.00000E-02
n-Cs133-MT102-Profil-03055133.2024                              33 1.00000E-03 2.00000E+00
n-Cs133-MT102-Qaim-20519002.1970                                 1 1.48000E+01 1.48000E+01
n-Cs133-MT102-Rigaud-20533002.1971                               1 1.40600E+01 1.40600E+01
n-Cs133-MT102-Schuman-14080030.1970                              1 2.00000E-03 2.00000E-03
n-Cs133-MT102-Tattersall-20638040.1960                           1 2.53000E-08 2.53000E-08
n-Cs133-MT102-Voignier-22006037.1992                             4 5.00000E-01 3.00000E+00
n-Cs133-MT102-Widder-20437004.1975                             270 1.33780E-08 4.69270E-05
n-Cs133-MT102-Yamamuro-20697003.1976                             1 2.37000E-02 2.37000E-02
n-Cs133-MT102-Yamamuro-23007002.1983                            22 3.60000E-03 2.45000E-01
n-Cs133-MT102-Yoon-30842002.2011                               272 3.27000E-09 6.00000E-05
