#              Filename                                         N    min         max
n-Zr096-MT102-Badwar-33114002.2018                               2 6.10000E-01 1.05000E+00
n-Zr096-MT102-Decorte-23488034.1988                              1 2.53000E-08 2.53000E-08
n-Zr096-MT102-Farinaarbocco-23260076.2014                        1 2.53000E-08 2.53000E-08
n-Zr096-MT102-Farinaarbocco-23260077.2014                        2 2.53000E-08 2.53000E-08
n-Zr096-MT102-Gamgam-02040096.2024                               2 5.00000E-03 1.00000E-02
n-Zr096-MT102-Kadonis-01040096.2024                             20 5.00000E-03 1.00000E-01
n-Zr096-MT102-Katabuchi-23155002.2011                            4 2.00000E-02 7.75000E-02
n-Zr096-MT102-Lyon-11407012.1959                                 1 1.95000E-01 1.95000E-01
n-Zr096-MT102-Macklin-11399021.1957                              1 2.40000E-02 2.40000E-02
n-Zr096-MT102-Macklin-11845006.1963                              1 3.00000E-02 3.00000E-02
n-Zr096-MT102-Pepelnik-21999025.1986                             1 1.47000E+01 1.47000E+01
n-Zr096-MT102-Ricabarra-30188004.1970                            1 2.53000E-08 2.53000E-08
n-Zr096-MT102-Santry-10385003.1973                               1 2.53000E-08 2.53000E-08
n-Zr096-MT102-Santry-10385003A001.1973                           1 2.53000E-08 2.53000E-08
n-Zr096-MT102-Santry-10385007.1973                               1 2.53000E-08 2.53000E-08
n-Zr096-MT102-Santry-10385007A001.1973                           1 2.53000E-08 2.53000E-08
n-Zr096-MT102-Schuman-14080020.1970                              1 2.00000E-03 2.00000E-03
n-Zr096-MT102-Wyrick-12831007.1982                               1 3.00000E-02 3.00000E-02
