#              Filename                                         N    min         max
n-Pu242-MT018-Adamov-40547024.1977                               1 1.47000E+01 1.47000E+01
n-Pu242-MT018-Alkhazov-40911008.1983                             1 1.47000E+01 1.47000E+01
n-Pu242-MT018-Auchampaugh-10266002.1971                        127 5.11950E-01 9.57320E+00
n-Pu242-MT018-Auchampaugh-10266002A001.1971                    127 5.11950E-01 9.57320E+00
n-Pu242-MT018-Auchampaugh-10266003.1971                        107 5.11950E-01 3.98590E+00
n-Pu242-MT018-Auchampaugh-10266003A001.1971                    107 5.11950E-01 3.98590E+00
n-Pu242-MT018-Auchampaugh-10266004.1971                       6367 2.00130E-04 5.01430E-01
n-Pu242-MT018-Auchampaugh-10266004A001.1971                   6367 2.00130E-04 5.01430E-01
n-Pu242-MT018-Belloni-236530031.2022                             2 2.51000E+00 1.48300E+01
n-Pu242-MT018-Belloni-236530032.2022                             2 2.51000E+00 1.48300E+01
n-Pu242-MT018-Bergen-10062002.1971                            1236 5.11525E-05 9.98026E-04
n-Pu242-MT018-Bergen-10062002A001.1971                        1236 5.11525E-05 9.98026E-04
n-Pu242-MT018-Bergen-10062005.1971                             270 1.00841E-03 5.02836E-03
n-Pu242-MT018-Bergen-10062005A001.1971                         270 1.00841E-03 5.02836E-03
n-Pu242-MT018-Bergen-10062006.1971                             141 9.92628E-02 2.96266E+00
n-Pu242-MT018-Bergen-10062006A001.1971                         141 9.92628E-02 2.96266E+00
n-Pu242-MT018-Butler-12540002.1960                              65 1.41000E-01 1.66300E+00
n-Pu242-MT018-Cance-21821004.1982                                1 2.47000E+00 2.47000E+00
n-Pu242-MT018-Cance-21821005.1982                                1 2.47000E+00 2.47000E+00
n-Pu242-MT018-Eastwood-12011005.1958                             1 2.53000E-08 2.53000E-08
n-Pu242-MT018-Fomushkin-400120092.1969                          14 4.40000E-01 3.62000E+00
n-Pu242-MT018-Fomushkin-40779003.1967                            1 1.45000E+01 1.45000E+01
n-Pu242-MT018-Fursov-41656005.1973                              41 1.33590E+00 7.32340E+00
n-Pu242-MT018-Gul-31711004.1986                                  1 1.47000E+01 1.47000E+01
n-Pu242-MT018-James-21064002.1969                               24 2.73000E-05 8.14700E-04
n-Pu242-MT018-Khan-30548004.1980                                 1 1.48000E+01 1.48000E+01
n-Pu242-MT018-Koegler-234690022.2019                           238 5.01300E-01 1.01300E+01
n-Pu242-MT018-Manabe-222820082.1988                              3 1.40000E+01 1.48900E+01
n-Pu242-MT018-Marini-23391002.2017                               4 1.02200E+00 1.94000E+00
n-Pu242-MT018-Marini-23391003.2017                               4 1.02200E+00 1.94000E+00
n-Pu242-MT018-Matei-23334002.2017                                5 1.00000E+00 2.50000E+00
n-Pu242-MT018-Meadows-107340032.1978                            49 3.97000E-01 9.92300E+00
n-Pu242-MT018-Meadows-107340032A001.1978                        49 3.97000E-01 9.92300E+00
n-Pu242-MT018-Meadows-131340102.1988                             1 1.47400E+01 1.47400E+01
n-Pu242-MT018-Salvadorcastineira-23280002.2015                  22 3.00000E-01 1.80000E+00
n-Pu242-MT018-Salvadorcastineira-23280003.2015                  10 1.60000E+00 3.00000E+00
n-Pu242-MT018-Salvadorcastineira-23280004.2015                   9 5.00000E-01 2.80000E+00
n-Pu242-MT018-Salvadorcastineira-23280005.2015                  25 3.00000E-01 3.00000E+00
n-Pu242-MT018-Tovesson-14223003.2009                          1000 2.00680E-03 1.98380E+02
n-Pu242-MT018-Weigmann-21931002.1984                           222 3.01300E-01 9.73300E+00
n-Pu242-MT018-Weigmann-21931003.1984                            15 1.50000E-01 7.50000E+00
n-Pu242-MT018-Weigmann-21996002.1985                            16 1.50000E-01 9.00000E+00
