#              Filename                                         N    min         max
n-Bi209-MT051-Almenramstrom-20788027.1975                       11 2.02000E+00 4.50000E+00
n-Bi209-MT051-Almenramstrom-20788028.1975                        5 3.52000E+00 4.50000E+00
n-Bi209-MT051-Degtjarev-40047022.1967                            7 1.37000E+00 3.76000E+00
n-Bi209-MT051-Degtyarev-40278009.1971                            6 1.40000E+00 3.40000E+00
n-Bi209-MT051-Eliot-21385005.1954                                1 2.50000E+00 2.50000E+00
n-Bi209-MT051-Kiehn-11477009.1954                               23 8.90000E-01 2.73000E+00
n-Bi209-MT051-Korzh-40532019.1977                                3 2.00000E+00 3.00000E+00
n-Bi209-MT051-Lashuk-41186044.1994                              26 1.02000E+00 4.87000E+00
n-Bi209-MT051-Macgregor-11205024.1958                            1 1.42000E+01 1.42000E+01
n-Bi209-MT051-Macgregor-11205024A001.1958                        1 1.42000E+01 1.42000E+01
n-Bi209-MT051-Mihailescu-22741006.2008                         925 9.00490E-01 3.46747E+00
n-Bi209-MT051-Phillips-11210011.1952                             1 1.41500E+01 1.41500E+01
n-Bi209-MT051-Phillips-11210011A001.1952                         1 1.41500E+01 1.41500E+01
n-Bi209-MT051-Phillips-11210021.1952                             1 1.41500E+01 1.41500E+01
n-Bi209-MT051-Phillips-11210021A001.1952                         1 1.41500E+01 1.41500E+01
n-Bi209-MT051-Phillips-11210027.1952                             1 1.41500E+01 1.41500E+01
n-Bi209-MT051-Phillips-11210027A001.1952                         1 1.41500E+01 1.41500E+01
n-Bi209-MT051-Poenitz-23156045.2011                              1 3.99000E+00 3.99000E+00
n-Bi209-MT051-Poenitz-23156046.2011                              1 3.99000E+00 3.99000E+00
n-Bi209-MT051-Schweitzer-30463060.1978                           1 3.40000E+00 3.40000E+00
n-Bi209-MT051-Smith-10010007.1970                               20 1.09000E+00 1.50000E+00
n-Bi209-MT051-Smith-10010007A001.1970                           20 1.09000E+00 1.50000E+00
n-Bi209-MT051-Smith-10846004.1980                               29 1.75000E+00 4.00000E+00
n-Bi209-MT051-Smith-10846004A001.1980                           29 1.75000E+00 4.00000E+00
n-Bi209-MT051-Wilenzick-11287048.1965                            1 6.04000E+00 6.04000E+00
