#              Filename                                         N    min         max
n-N014-MT016-Araminowicz-30264002.1973                           1 1.46000E+01 1.46000E+01
n-N014-MT016-Ashby-11097007.1958                                 1 1.41000E+01 1.41000E+01
n-N014-MT016-Ashby-11097007A001.1958                             1 1.41000E+01 1.41000E+01
n-N014-MT016-Bormann-20887002.1965                              12 1.32000E+01 1.88000E+01
n-N014-MT016-Brill-40715003.1961                                12 1.20000E+01 3.75000E+01
n-N014-MT016-Cevolani-21266002.1962                              1 1.41300E+01 1.41300E+01
n-N014-MT016-Csikai-30033018.1967                                1 1.43100E+01 1.43100E+01
n-N014-MT016-Csikai-30038002.1965                                1 1.46000E+01 1.46000E+01
n-N014-MT016-Dudley-11307002.1954                                1 1.40000E+01 1.40000E+01
n-N014-MT016-Ferguson-11356002.1960                              6 1.24100E+01 1.79800E+01
n-N014-MT016-Golchert-11289002.1965                              1 1.41000E+01 1.41000E+01
n-N014-MT016-Grimeland-20106002.1965                             1 1.48000E+01 1.48000E+01
n-N014-MT016-Ishikawa-20315002.1970                              1 1.47000E+01 1.47000E+01
n-N014-MT016-Mccrary-11268002.1960                               8 1.32000E+01 1.53400E+01
n-N014-MT016-Misra-30383003.1972                                 1 1.46000E+01 1.46000E+01
n-N014-MT016-Pasquarelli-20889002.1967                           1 1.47000E+01 1.47000E+01
n-N014-MT016-Paul-11274002.1953                                  1 1.45000E+01 1.45000E+01
n-N014-MT016-Rayburn-11328002.1961                               1 1.44000E+01 1.44000E+01
n-N014-MT016-Robertson-20799002.1973                             1 1.47800E+01 1.47800E+01
n-N014-MT016-Ryves-20867002.1978                                 5 1.46500E+01 1.90000E+01
n-N014-MT016-Sakane-22662002.2001                                6 1.34000E+01 1.48700E+01
n-N014-MT016-Sigg-10776013.1976                                  1 1.46000E+01 1.46000E+01
n-N014-MT016-Sigg-10776013A001.1976                              1 1.46000E+01 1.46000E+01
n-N014-MT016-Yashima-23105002.2004                               6 2.70000E+01 6.60000E+01
