#              Filename                                         N    min         max
n-Th232-MT018-Anand-30975002.1986                                7 1.38000E+00 1.95000E+00
n-Th232-MT018-Babcock-12294002.1961                              7 1.14000E+00 1.88000E+00
n-Th232-MT018-Babcock-12294003.1961                              5 1.30000E+01 1.80000E+01
n-Th232-MT018-Barrall-10022023.1969                              1 1.46000E+01 1.46000E+01
n-Th232-MT018-Barrall-10022023A001.1969                          1 1.46000E+01 1.46000E+01
n-Th232-MT018-Barrall-10022024.1969                              1 1.46000E+01 1.46000E+01
n-Th232-MT018-Barrall-10022024A001.1969                          1 1.46000E+01 1.46000E+01
n-Th232-MT018-Behkami-12289002.1968                              3 1.20000E+00 1.60000E+00
n-Th232-MT018-Berezin-41203002.1958                              1 1.46000E+01 1.46000E+01
n-Th232-MT018-Blons-20796002.1975                              823 1.08880E+00 6.00810E+00
n-Th232-MT018-Blons-21656003.1980                             1727 1.10030E+00 4.00000E+00
n-Th232-MT018-Casanova-20953002.1973                             2 4.48000E+00 1.41000E+01
n-Th232-MT018-Dhondt-21635003.1980                               1 2.44000E+00 2.44000E+00
n-Th232-MT018-Ermagambetov-41288002.1967                        91 5.88000E-01 2.98280E+00
n-Th232-MT018-Garlea-30813007.1984                               1 1.47500E+01 1.47500E+01
n-Th232-MT018-Garlea-31459025.1992                               1 1.47580E+01 1.47580E+01
n-Th232-MT018-Gledenov-328730022.2022                           12 4.20000E+00 1.15000E+01
n-Th232-MT018-Gledenov-328730032.2022                           12 4.20000E+00 1.15000E+01
n-Th232-MT018-Gledenov-328730042.2022                           12 4.20000E+00 1.15000E+01
n-Th232-MT018-Goldanskii-41212002.1956                           1 3.80000E+02 3.80000E+02
n-Th232-MT018-Henkel-12257002.1957                             158 1.15000E+00 9.00000E+00
n-Th232-MT018-Iyer-30035002.1969                                 1 1.41000E+01 1.41000E+01
n-Th232-MT018-Jain-31424002.1997                                 1 1.40000E+01 1.40000E+01
n-Th232-MT018-Kalinin-40741002.1958                              9 3.10000E+00 7.20000E+00
n-Th232-MT018-Katase-20299002.1961                               3 1.35000E+01 1.48000E+01
n-Th232-MT018-Konecny-22608002.1972                             32 1.16030E+00 1.89530E+00
n-Th232-MT018-Lisowski-14176006.1988                            72 1.00500E+00 1.98800E+01
n-Th232-MT018-Manabe-222820022.1988                              4 1.34700E+01 1.48900E+01
n-Th232-MT018-Meadows-108430032.1979                            70 1.26700E+00 9.90400E+00
n-Th232-MT018-Meadows-108430032A001.1979                        70 1.26700E+00 9.90400E+00
n-Th232-MT018-Meadows-131340032.1988                             1 1.47400E+01 1.47400E+01
n-Th232-MT018-Michalopoulou-237560023.2021                       2 2.00000E+00 2.50000E+00
n-Th232-MT018-Michalopoulou-237560032.2021                      10 3.00000E+00 1.78000E+01
n-Th232-MT018-Muir-10223004.1971                               104 5.98070E-01 2.96460E+00
n-Th232-MT018-Muir-10223004A001.1971                           104 5.98070E-01 2.96460E+00
n-Th232-MT018-Nakagome-10874002.1991                            43 1.12500E-06 1.79008E-02
n-Th232-MT018-Nakagome-10874002A001.1991                        43 1.12500E-06 1.79008E-02
n-Th232-MT018-Nyer-12306002.1950                                 1 1.40000E+01 1.40000E+01
n-Th232-MT018-Pankratov-40638002.1960                           16 1.07000E+01 2.15000E+01
n-Th232-MT018-Pankratov-40653002.1963                           39 5.40000E+00 3.65000E+01
n-Th232-MT018-Perez-12849002.1983                               21 5.50000E-04 1.55000E+00
n-Th232-MT018-Protopopov-40390002.1958                           1 1.46000E+01 1.46000E+01
n-Th232-MT018-Rago-122840022.1967                               16 1.25000E+01 1.80000E+01
n-Th232-MT018-Shcherbakov-41455013.2002                        166 5.77200E-01 1.96200E+02
n-Th232-MT018-Uttley-21468006.1956                               1 1.41000E+01 1.41000E+01
