#              Filename                                         N    min         max
n-Fe054-MT107-Artemev-41321007.1980                              1 1.48000E+01 1.48000E+01
n-Fe054-MT107-Bahal-21936016.1985                                1 1.47000E+01 1.47000E+01
n-Fe054-MT107-Chittendenii-11718003.1961                         1 1.48000E+01 1.48000E+01
n-Fe054-MT107-Cross-11696003.1963                                3 1.35800E+01 1.47300E+01
n-Fe054-MT107-Cross-11696005.1963                                1 1.45000E+01 1.45000E+01
n-Fe054-MT107-Ercan-22338046.1991                                1 1.46000E+01 1.46000E+01
n-Fe054-MT107-FanPeiguoo-30733009.1985                           1 8.50000E+00 8.50000E+00
n-Fe054-MT107-Fukuda-20841008.1978                               1 1.46000E+01 1.46000E+01
n-Fe054-MT107-Gledenov-31507003.1997                             1 7.00000E+00 7.00000E+00
n-Fe054-MT107-Grallert-31496008.1993                             1 1.46000E+01 1.46000E+01
n-Fe054-MT107-Greenwood-12977010.1987                            5 1.45000E+01 1.49000E+01
n-Fe054-MT107-HuaiyongBaii-32786003.2019                         5 5.50000E+00 1.05000E+01
n-Fe054-MT107-Ikeda-22089041.1988                                8 1.33300E+01 1.49300E+01
n-Fe054-MT107-Khromyleva-41653002.2018                          10 4.75000E+00 7.00000E+00
n-Fe054-MT107-LuHanLinnn-30671003.1989                          21 1.23700E+01 1.82300E+01
n-Fe054-MT107-Mannhart-22976016.2007                            13 9.09800E+00 1.46380E+01
n-Fe054-MT107-Maslov-40136006.1974                               1 1.46000E+01 1.46000E+01
n-Fe054-MT107-Meadows-12969012.1987                              1 1.47400E+01 1.47400E+01
n-Fe054-MT107-Meadows-13586004.1996                              1 1.00000E+01 1.00000E+01
n-Fe054-MT107-Meadows-13586014.1996                              1 1.47000E+01 1.47000E+01
n-Fe054-MT107-Meadows-13867002.1991                             10 5.29000E+00 9.82000E+00
n-Fe054-MT107-Molla-20721096.1977                                1 1.47000E+01 1.47000E+01
n-Fe054-MT107-Paulsen-21309006.1979                             17 6.41000E+00 1.64000E+01
n-Fe054-MT107-Pollehn-21352005.1961                              1 1.41000E+01 1.41000E+01
n-Fe054-MT107-Salisbury-11721002.1965                            9 2.23000E+00 1.67500E+01
n-Fe054-MT107-Saraf-12812008.1991                                1 8.00000E+00 8.00000E+00
n-Fe054-MT107-Singh-10309003.1972                                1 1.45000E+01 1.45000E+01
n-Fe054-MT107-Singh-10309003A001.1972                            1 1.45000E+01 1.45000E+01
n-Fe054-MT107-Venugopalarao-11722002.1967                        1 1.44000E+01 1.44000E+01
n-Fe054-MT107-ZhiminWangg-32737005.2015                          2 5.50000E+00 6.50000E+00
n-Fe054-MT107-ZhiminWangg-32737006.2015                          3 4.00000E+00 5.50000E+00
n-Fe054-MT107-ZhiminWangg-32737007.2015                          1 5.50000E+00 5.50000E+00
