#              Filename                                         N    min         max
n-Fe056-MT001-Boschung-10037005.1971                             1 5.05000E+00 5.05000E+00
n-Fe056-MT001-Boschung-10037005A001.1971                         1 5.05000E+00 5.05000E+00
n-Fe056-MT001-Bowman-11600019.1962                             294 3.91000E-01 6.57000E-01
n-Fe056-MT001-Cornelis-22316003.1995                          8283 5.00050E-01 1.89850E+01
n-Fe056-MT001-Harvey-13764002.1987                            4727 1.62080E-02 5.31950E+01
n-Fe056-MT001-Hibdon-11180006.1953                               5 1.00000E-05 2.80000E-03
n-Fe056-MT001-Hibdon-11180006A001.1953                           5 1.00000E-05 2.80000E-03
n-Fe056-MT001-Liou-10812003.1979                                28 2.23000E-02 2.53200E-02
n-Fe056-MT001-Liou-10812003A001.1979                            28 2.23000E-02 2.53200E-02
n-Fe056-MT001-Litvinskij-32234004.1994                          61 2.00000E-06 6.35609E-03
n-Fe056-MT001-Moore-117190034.1963                               1 1.20000E-03 1.20000E-03
n-Fe056-MT001-Morozov-400750061.1972                             1 1.80000E+00 1.80000E+00
n-Fe056-MT001-Perey-13511003.1991                             8949 1.18070E-01 8.49930E-01
n-Fe056-MT001-Rayburn-11026019.1965                              1 1.44000E-06 1.44000E-06
n-Fe056-MT001-Rayburn-11026019A001.1965                          1 1.44000E-06 1.44000E-06
n-Fe056-MT001-Sarkisov-40862002.1984                             7 6.00000E-01 6.00000E-01
n-Fe056-MT001-Sarkisov-40862003.1984                             7 3.00000E-01 3.00000E-01
n-Fe056-MT001-Shcherbakov-40544003.1977                         76 7.50000E-09 2.17000E-06
n-Fe056-MT001-Tutubalin-41325003.1973                            1 1.47400E+01 1.47400E+01
n-Fe056-MT001-Vinogradov-405560043.1977                          1 2.76000E-02 2.76000E-02
n-Fe056-MT001-Vinogradov-40556005.1977                          99 1.23600E-03 6.79800E-02
