#              Filename                                         N    min         max
n-Sc045-MT001-Barnard-30071002.1971                            524 2.00200E-01 1.40910E+00
n-Sc045-MT001-Cho-20160032.1970                               1094 1.14350E-02 5.68190E-02
n-Sc045-MT001-Cote-11641004.1958                                29 2.91400E-03 1.34400E-02
n-Sc045-MT001-Dilg-20602007.1974                                 1 1.88000E-05 1.88000E-05
n-Sc045-MT001-Dilg-20965002.1974                                25 7.99000E-12 4.73000E-10
n-Sc045-MT001-Fosterjr-10047025.1971                           236 2.30800E+00 1.48210E+01
n-Sc045-MT001-Fosterjr-10047025A001.1971                       236 2.30800E+00 1.48210E+01
n-Sc045-MT001-Fujita-21910002.1983                             564 2.61600E-04 2.98000E-03
n-Sc045-MT001-Harvey-12897006.1982                           12755 1.53870E-04 5.89970E-02
n-Sc045-MT001-Harvey-13770002.1980                            4318 2.28320E-04 1.71520E-01
n-Sc045-MT001-Hibdon-11180003.1953                               5 1.00000E-05 2.80000E-03
n-Sc045-MT001-Hibdon-11180003A001.1953                           5 1.00000E-05 2.80000E-03
n-Sc045-MT001-Koester-22217014.1990                              1 1.97000E-03 1.97000E-03
n-Sc045-MT001-Koester-22241010.1993                              5 1.26000E-06 1.97000E-03
n-Sc045-MT001-Liou-10687002.1978                               872 4.12200E-04 2.22149E-02
n-Sc045-MT001-Liou-10687002A001.1978                           872 4.12200E-04 2.22149E-02
n-Sc045-MT001-Liou-10687003.1978                                41 5.20000E-06 2.73800E-04
n-Sc045-MT001-Liou-10687003A001.1978                            41 5.20000E-06 2.73800E-04
n-Sc045-MT001-Marshak-11640003.1957                            130 2.25000E-03 1.05100E-01
n-Sc045-MT001-Miller-11007006.1959                             112 3.06000E-03 8.00000E-03
n-Sc045-MT001-Miller-11007006A001.1959                         112 3.06000E-03 8.00000E-03
n-Sc045-MT001-Miller-11007007.1959                              14 7.90000E-03 9.80000E-03
n-Sc045-MT001-Miller-11007007A001.1959                          14 7.90000E-03 9.80000E-03
n-Sc045-MT001-Newson-11569003.1957                              11 5.50000E-03 1.40000E-02
n-Sc045-MT001-Pattenden-21280002.1955                           68 7.80000E-08 3.90000E-05
n-Sc045-MT001-Pattenden-21280003.1955                           98 1.45000E-09 1.34000E-07
n-Sc045-MT001-Pattenden-21280004.1955                           24 1.13400E-05 5.37000E-03
n-Sc045-MT001-Pineo-10542007.1974                               69 1.45200E-02 6.36900E-01
n-Sc045-MT001-Pineo-10542007A001.1974                           69 1.45200E-02 6.36900E-01
n-Sc045-MT001-Poenitz-12853003.1983                             67 1.81900E+00 1.96600E+01
n-Sc045-MT001-Wilson-10488003.1967                             120 2.03000E-08 5.94689E-03
n-Sc045-MT001-Wilson-10488003A001.1967                         120 2.03000E-08 5.94689E-03
