#              Filename                                         N    min         max
n-Zr090-MT016-Abboud-30028004.1969                              13 1.35700E+01 1.81800E+01
n-Zr090-MT016-Anders-21976026.1985                               1 1.47000E+01 1.47000E+01
n-Zr090-MT016-Araminowicz-30264027.1973                          1 1.46000E+01 1.46000E+01
n-Zr090-MT016-Bari-10431039.1971                                 1 1.48000E+01 1.48000E+01
n-Zr090-MT016-Bari-10431039A001.1971                             1 1.48000E+01 1.48000E+01
n-Zr090-MT016-Barrall-10022018.1969                              1 1.46000E+01 1.46000E+01
n-Zr090-MT016-Barrall-10022018A001.1969                          1 1.46000E+01 1.46000E+01
n-Zr090-MT016-Bayhurst-10536015.1975                             7 1.41000E+01 2.44900E+01
n-Zr090-MT016-Bayhurst-10536015A001.1975                         7 1.41000E+01 2.44900E+01
n-Zr090-MT016-Bayhurst-10536016.1975                             4 1.62300E+01 2.79900E+01
n-Zr090-MT016-Bayhurst-10536016A001.1975                         4 1.62300E+01 2.79900E+01
n-Zr090-MT016-Chiadli-30697003.1982                              2 1.41000E+01 1.48000E+01
n-Zr090-MT016-Csikai-30033011.1967                               1 1.50700E+01 1.50700E+01
n-Zr090-MT016-Csikai-30640007.1982                               6 1.35000E+01 1.47800E+01
n-Zr090-MT016-Filatenkov-41614060.2016                           7 1.35600E+01 1.47800E+01
n-Zr090-MT016-Goncalves-30740003.1987                            1 1.48000E+01 1.48000E+01
n-Zr090-MT016-Ibnmajah-22664003.2001                             2 1.14400E+01 1.23700E+01
n-Zr090-MT016-Iguchi-23008003.1987                               5 1.38100E+01 1.47600E+01
n-Zr090-MT016-Ikeda-21945003.1986                               11 1.35000E+01 1.49100E+01
n-Zr090-MT016-Ikeda-22089053.1988                                8 1.33700E+01 1.49500E+01
n-Zr090-MT016-Ikeda-22312005.1993                                3 1.43700E+01 1.49500E+01
n-Zr090-MT016-Kiraly-31519008.2001                               2 1.13000E+01 1.41000E+01
n-Zr090-MT016-Kobayashi-22624005.1985                            1 1.41000E+01 1.41000E+01
n-Zr090-MT016-Minetti-20891014.1968                              1 1.47000E+01 1.47000E+01
n-Zr090-MT016-Molla-30825013.1986                                1 1.48000E+01 1.48000E+01
n-Zr090-MT016-Molla-30985005.1991                                5 1.36400E+01 1.48300E+01
n-Zr090-MT016-Pavlik-21807002.1982                              13 1.23350E+01 1.95250E+01
n-Zr090-MT016-Pavlik-21807003.1982                              17 1.34350E+01 1.48300E+01
n-Zr090-MT016-Prestwood-11645014.1961                           15 1.21300E+01 1.97600E+01
n-Zr090-MT016-Qaim-20513009.1974                                 1 1.47000E+01 1.47000E+01
n-Zr090-MT016-QiuJiuzii-32754002.1996                            6 1.36400E+01 1.48000E+01
n-Zr090-MT016-Reed-11896005.1960                                 1 1.41000E+01 1.41000E+01
n-Zr090-MT016-Rieder-20033010.1966                               1 1.47000E+01 1.47000E+01
n-Zr090-MT016-Semkova-22822013.2010                             13 1.32000E+01 2.06000E+01
n-Zr090-MT016-Sigg-10477009.1975                                 1 1.48000E+01 1.48000E+01
n-Zr090-MT016-Sigg-10477009A001.1975                             1 1.48000E+01 1.48000E+01
n-Zr090-MT016-Sothras-10751002.1978                              1 1.48000E+01 1.48000E+01
n-Zr090-MT016-Sothras-10751002A001.1978                          1 1.48000E+01 1.48000E+01
n-Zr090-MT016-Spangler-12956006.1975                             1 1.41000E+01 1.41000E+01
n-Zr090-MT016-Strohal-30008013.1962                              1 1.46000E+01 1.46000E+01
n-Zr090-MT016-Thiep-31543015.2003                                1 1.48000E+01 1.48000E+01
n-Zr090-MT016-ZhaoWenrongg-30686002.1984                         1 1.45800E+01 1.45800E+01
n-Zr090-MT016-ZhaoWenrongg-30686003.1984                        24 1.23700E+01 1.82400E+01
