#              Filename                                         N    min         max
p-U238-MT018-Ajitanand-C0241003.1987                             8 1.00000E+00 4.30000E+00
p-U238-MT018-Andronenko-O0711002.1976                            1 1.00000E+03 1.00000E+03
p-U238-MT018-Baba-E2032024.1971                                  8 1.82000E+01 4.51000E+01
p-U238-MT018-Balabekyan-A0871003.2010                            1 6.60000E+02 6.60000E+02
p-U238-MT018-Bate-T0044003.1964                                 26 5.98900E+00 1.20130E+01
p-U238-MT018-Bate-T0044004.1964                                  5 9.96000E+00 1.00000E+01
p-U238-MT018-Bochagov-A0029003.1978                              1 1.00000E+03 1.00000E+03
p-U238-MT018-Boyce-T0296014.1974                               104 5.50000E+00 3.10000E+01
p-U238-MT018-Bychenkov-O0709002.1973                             3 1.00100E+02 2.00900E+02
p-U238-MT018-Choppin-O0570036.1971                               1 1.12000E+01 1.12000E+01
p-U238-MT018-Choppin-O0634002.1966                               3 7.10000E+00 1.20000E+01
p-U238-MT018-Choppin-P0028003.1963                              15 6.02100E+00 1.21430E+01
p-U238-MT018-Choppin-P0028007.1963                              10 2.91400E+00 1.21710E+01
p-U238-MT018-Debeauvais-O00370021.1981                           1 3.00000E+05 3.00000E+05
p-U238-MT018-Debeauvais-O00370022.1981                           1 3.00000E+05 3.00000E+05
p-U238-MT018-Eaker-O0574002.1976                                 1 1.56000E+01 1.56000E+01
p-U238-MT018-Fulmer-O0194004.1959                                1 2.28000E+01 2.28000E+01
p-U238-MT018-Gehring-C0088002.1991                               7 3.00000E+00 4.45000E+00
p-U238-MT018-Isaev-O1708003.2008                                 2 2.65000E+01 6.29000E+01
p-U238-MT018-Ivanova-O0720002.1956                               7 1.40000E+02 6.60000E+02
p-U238-MT018-Jungerman-C2444046.1950                             4 2.24870E+02 3.39420E+02
p-U238-MT018-Kandil-O0645002.1976                                4 1.23000E+01 1.53000E+01
p-U238-MT018-Karttunen-O0646002.1991                             6 1.25000E+01 1.75000E+01
p-U238-MT018-Kononov-A0024002.1978                               4 4.30000E+00 7.00000E+00
p-U238-MT018-Konshin-O0707002.1965                               3 3.90000E+02 6.60000E+02
p-U238-MT018-Kotov-O1447004.2006                                 9 2.07000E+02 1.00000E+03
p-U238-MT018-Matusevich-O0688005.1968                            4 1.00000E+03 9.00000E+03
p-U238-MT018-Shigaev-A0047002.1973                               4 7.00000E+01 2.00000E+02
p-U238-MT018-Smirnov-O0606002.1991                               1 6.20000E+01 6.20000E+01
p-U238-MT018-Smirnov-O0606003.1991                              14 1.10000E+01 9.50000E+01
p-U238-MT018-Steiner-O0632002.1956                              16 1.14000E+02 3.36000E+02
p-U238-MT018-Stevenson-C0370008.1958                             9 1.00000E+01 3.40000E+02
p-U238-MT018-Vaishnene-O0008002.1981                             1 1.00000E+03 1.00000E+03
p-U238-MT018-Vinogradov-O0624005.1955                            1 4.80000E+02 4.80000E+02
p-U238-MT018-Yurevich-O1028005.2002                              2 1.00000E+03 2.55000E+03
