#              Filename                                         N    min         max
n-Ti047-MT103-Armitage-30045002.1967                             5 2.19000E+00 3.64000E+00
n-Ti047-MT103-Attallah-31851002.2022                             1 1.00000E+00 1.00000E+00
n-Ti047-MT103-Cross-11631003.1963                                1 1.45000E+01 1.45000E+01
n-Ti047-MT103-FanPeiguoo-30733005.1985                           1 8.50000E+00 8.50000E+00
n-Ti047-MT103-Firkin-21941002.1983                               4 5.47000E+00 1.18000E+01
n-Ti047-MT103-Ghorai-10180003.1971                               4 3.40000E+00 6.10000E+00
n-Ti047-MT103-Ghorai-10180003A001.1971                           4 3.40000E+00 6.10000E+00
n-Ti047-MT103-Gonzalez-30219002.1962                            12 1.99000E+00 3.55000E+00
n-Ti047-MT103-Gonzalez-31165002.1962                            12 1.99000E+00 3.55000E+00
n-Ti047-MT103-Gotoh-20990002.1975                                1 4.85000E+00 4.85000E+00
n-Ti047-MT103-Hecker-13133002.1989                               6 1.43000E+01 1.91000E+01
n-Ti047-MT103-Hillman-11610003.1962                              1 1.45000E+01 1.45000E+01
n-Ti047-MT103-HoangDacLuccc-30810009.1986                        1 1.48000E+01 1.48000E+01
n-Ti047-MT103-Hussain-21879003.1983                             15 2.35100E+00 4.41300E+00
n-Ti047-MT103-Ikeda-22089027.1988                                6 1.33300E+01 1.49100E+01
n-Ti047-MT103-Ikeda-22191002.1990                                8 2.08000E+00 3.01000E+00
n-Ti047-MT103-Ikeda-22209003.1991                                2 1.10000E+01 1.20000E+01
n-Ti047-MT103-Ikeda-22209010.1991                                2 1.10000E+01 1.20000E+01
n-Ti047-MT103-Levkovskii-40226003.1970                           1 1.48000E+01 1.48000E+01
n-Ti047-MT103-Mannhart-131760022.1990                           20 1.19200E+00 1.89900E+00
n-Ti047-MT103-Mannhart-131760032.1990                           40 1.97000E+00 4.28800E+00
n-Ti047-MT103-Mannhart-131760042.1990                            7 6.97800E+00 7.98400E+00
n-Ti047-MT103-Molla-20721004.1977                                1 1.47000E+01 1.47000E+01
n-Ti047-MT103-Molla-30825004.1986                                1 1.46000E+01 1.46000E+01
n-Ti047-MT103-Osman-31464007.1996                                1 1.47000E+01 1.47000E+01
n-Ti047-MT103-Pai-11630004.1966                                  5 1.36000E+01 1.95000E+01
n-Ti047-MT103-Poularikas-11484006.1959                           1 1.48000E+01 1.48000E+01
n-Ti047-MT103-Qaim-22444004.1991                                 7 5.37000E+00 1.04700E+01
n-Ti047-MT103-Ribansky-30660004.1983                             1 1.48000E+01 1.48000E+01
n-Ti047-MT103-Senga-22759005.2000                                2 3.24810E+00 4.06410E+00
n-Ti047-MT103-Senga-22759006.2000                                6 1.99430E+00 3.29070E+00
n-Ti047-MT103-Senga-22759007.2000                                4 4.10880E+00 5.88220E+00
n-Ti047-MT103-Shimizu-22837004.2004                              6 2.09000E+00 3.09000E+00
n-Ti047-MT103-Smith-102380261.1975                              35 9.14000E-01 3.95800E+00
n-Ti047-MT103-Smith-102380261A001.1975                          35 9.14000E-01 3.95800E+00
n-Ti047-MT103-Smith-102380271.1975                              30 4.01400E+00 5.93700E+00
n-Ti047-MT103-Smith-102380271A001.1975                          30 4.01400E+00 5.93700E+00
n-Ti047-MT103-Smith-102380281.1975                               8 5.95400E+00 9.95000E+00
n-Ti047-MT103-Smith-102380281A001.1975                           8 5.95400E+00 9.95000E+00
n-Ti047-MT103-Spangler-12956009.1975                             1 1.41000E+01 1.41000E+01
n-Ti047-MT103-Swinhoe-20986004.1979                              3 5.80000E+00 9.80000E+00
n-Ti047-MT103-Swinhoe-20986007.1979                              1 1.41000E+01 1.41000E+01
n-Ti047-MT103-Tikku-30394002.1972                                1 1.47000E+01 1.47000E+01
