#              Filename                                         N    min         max
n-B010-MT001-Abfalterer-13753004.2001                          467 5.29300E+00 5.59100E+02
n-B010-MT001-Auchampaugh-10884003.1979                        3282 1.00090E+00 1.39130E+01
n-B010-MT001-Auchampaugh-10884003A001.1979                    3282 1.00090E+00 1.39130E+01
n-B010-MT001-Becker-11093005.1956                               67 4.35000E+00 8.64000E+00
n-B010-MT001-Becker-11093005A001.1956                           67 4.35000E+00 8.64000E+00
n-B010-MT001-Bilpuch-11187003.1960                              41 3.00000E-03 8.21000E-02
n-B010-MT001-Bilpuch-11187003A001.1960                          41 3.00000E-03 8.21000E-02
n-B010-MT001-Bockelman-11048008.1951                           197 2.00000E-02 3.39000E+00
n-B010-MT001-Bockelman-11048008A001.1951                       197 2.00000E-02 3.39000E+00
n-B010-MT001-Cook-11074006.1954                                  8 1.41000E+01 1.80000E+01
n-B010-MT001-Cook-11074006A001.1954                              8 1.41000E+01 1.80000E+01
n-B010-MT001-Cookson-20468007.1970                               1 9.72000E+00 9.72000E+00
n-B010-MT001-Coon-12524005.1952                                  1 1.41200E+01 1.41200E+01
n-B010-MT001-Diment-20908002.1967                             2379 7.49100E-05 2.98700E-02
n-B010-MT001-Diment-20908003.1967                              158 2.99900E-03 8.78500E-03
n-B010-MT001-Diment-20908004.1967                               14 5.97000E-03 2.67000E-02
n-B010-MT001-Diment-20908005.1967                               52 7.60000E-05 2.67000E-02
n-B010-MT001-Diment-20908006.1967                               31 3.00000E-02 9.53000E-01
n-B010-MT001-Fossan-11256007.1961                              138 3.33100E+00 1.54000E+01
n-B010-MT001-Hughes-11259002.1958                               49 5.43800E-05 1.30420E-02
n-B010-MT001-Mooring-11197005.1966                              55 1.10000E-02 4.98000E-01
n-B010-MT001-Mooring-11197005A001.1966                          55 1.10000E-02 4.98000E-01
n-B010-MT001-Nereson-11016005.1954                              26 2.82000E+00 9.70000E+00
n-B010-MT001-Nereson-11016005A001.1954                          26 2.82000E+00 9.70000E+00
n-B010-MT001-Royer-12661002.1977                                 1 1.86000E-04 1.86000E-04
n-B010-MT001-Safford-11234004.1960                              10 4.60000E-09 1.01000E-07
n-B010-MT001-Safford-11234004A001.1960                          10 4.60000E-09 1.01000E-07
n-B010-MT001-Schmitt-11245003.1960                              82 1.85000E-08 4.04000E-08
n-B010-MT001-Schrack-108110043.1978                              1 4.95000E-01 4.95000E-01
n-B010-MT001-Schrack-108110043A001.1978                          1 4.95000E-01 4.95000E-01
n-B010-MT001-Spencer-20355002.1979                             257 9.23440E-02 2.87960E-01
n-B010-MT001-Spencer-20355003.1979                             281 1.84790E-01 4.18540E-01
n-B010-MT001-Spencer-20355004.1979                              19 9.50000E-02 4.00000E-01
n-B010-MT001-Tsukada-20324003.1963                              59 3.23900E+00 5.11000E+00
