#              Filename                                         N    min         max     
p-Co059-rp025054-Michel-A01000096.1985                          26 4.86100E+01 1.99300E+02
p-Co059-rp025054-Michel-A0146024.1979                           10 2.72600E+01 4.46000E+01
p-Co059-rp025054-Dittrich-A0408009.1988                          1 6.00000E+02 6.00000E+02
p-Co059-rp025054-Kozma-A0477020.1990                             1 3.65000E+03 3.65000E+03
p-Co059-rp025054-Aleksandrov-A0501062.1990                       1 1.00000E+03 1.00000E+03
p-Co059-rp025054-Aleksandrov-A0502019.1990                       1 6.60000E+02 6.60000E+02
p-Co059-rp025054-Johnson-C0187005.1984                          13 2.74000E+01 3.94000E+01
p-Co059-rp025054-Ditroi-D4255007.2011                           13 5.97000E+01 6.98000E+01
p-Co059-rp025054-Ditroi-D4293008.2013                           20 2.74000E+01 6.98000E+01
p-Co059-rp025054-Shahid-D7038008.2020                           18 2.55100E+01 4.36700E+01
p-Co059-rp025054-Michel-O00780218.1989                           1 6.00000E+02 6.00000E+02
p-Co059-rp025054-Weigel-O0088015.1975                            1 6.00000E+02 6.00000E+02
p-Co059-rp025054-Michel-O0276089.1997                           28 6.88000E+00 1.54000E+02
p-Co059-rp025054-Michel-O0277138.1995                            4 8.00000E+02 2.60000E+03
p-Co059-rp025054-Schiekel-O0284079.1996                         12 2.13000E+02 3.80000E+02
p-Co059-rp025054-Shvedov-O0346005.1993                           1 1.20000E+03 1.20000E+03
p-Co059-rp025054-Titarenko-O0397024.1996                         1 1.20000E+03 1.20000E+03
p-Co059-rp025054-Sharp-P0034012.1956                            27 3.06000E+01 9.89000E+01
p-Co059-rp025054-Schoen-T0276011.1979                            8 3.32000E+01 6.30000E+01
