#              Filename                                         N    min         max     
n-I127-rp053126-Barrall-10022019.1969                            1 1.46000E+01 1.46000E+01
n-I127-rp053126-Barrall-10031012.1969                            1 1.48000E+01 1.48000E+01
n-I127-rp053126-Santry-10424002.1979                             8 9.25000E+00 1.96000E+01
n-I127-rp053126-Santry-10424003.1979                             5 1.35800E+01 1.47600E+01
n-I127-rp053126-Lu-10497034.1970                                 1 1.44000E+01 1.44000E+01
n-I127-rp053126-Barrall-10022019A001.1969                        1 1.46000E+01 1.46000E+01
n-I127-rp053126-Barrall-10031012A001.1969                        1 1.48000E+01 1.48000E+01
n-I127-rp053126-Santry-10424002A001.1979                         8 9.25000E+00 1.96000E+01
n-I127-rp053126-Santry-10424003A001.1979                         5 1.35800E+01 1.47600E+01
n-I127-rp053126-Lu-10497034A001.1970                             1 1.44000E+01 1.44000E+01
n-I127-rp053126-Paul-11274085.1953                               1 1.45000E+01 1.45000E+01
n-I127-rp053126-Martin-12028002.1953                             7 9.50000E+00 1.82500E+01
n-I127-rp053126-Havlik-20509002.1971                             1 1.47000E+01 1.47000E+01
n-I127-rp053126-Bormann-21339010.1962                            5 1.32000E+01 1.80000E+01
n-I127-rp053126-Anders-21976040.1985                             1 1.47000E+01 1.47000E+01
n-I127-rp053126-Araminowicz-30264038.1973                        1 1.46000E+01 1.46000E+01
n-I127-rp053126-LUHANLINNN-30523007.1989                        10 1.14000E+01 1.79700E+01
n-I127-rp053126-Qaim-31080004.1968                               1 1.47000E+01 1.47000E+01
n-I127-rp053126-Vrzalova-317140381.2013                          1 3.04000E+01 3.04000E+01
n-I127-rp053126-Vrzalova-317140382.2013                          3 5.90000E+01 8.93000E+01
n-I127-rp053126-Gandhi-33150005.2020                             1 1.49200E+01 1.49200E+01
n-I127-rp053126-Maslov-40136017.1974                             1 1.42000E+01 1.42000E+01
