#              Filename                                         N    min         max
n-Ti046-MT103-Attallah-31851005.2022                             1 1.00000E+00 1.00000E+00
n-Ti046-MT103-Bormann-20887010.1965                              6 1.25000E+01 1.70000E+01
n-Ti046-MT103-Cross-11631002.1963                                1 1.45000E+01 1.45000E+01
n-Ti046-MT103-FanPeiguoo-30733004.1985                           1 8.50000E+00 8.50000E+00
n-Ti046-MT103-Ghorai-10180002.1971                               3 4.10000E+00 6.10000E+00
n-Ti046-MT103-Ghorai-10180002A001.1971                           3 4.10000E+00 6.10000E+00
n-Ti046-MT103-Ikeda-22089026.1988                                6 1.33300E+01 1.49100E+01
n-Ti046-MT103-Kayashima-21300002.1979                            1 1.46000E+01 1.46000E+01
n-Ti046-MT103-Kimura-22093005.1990                               1 1.40500E+01 1.40500E+01
n-Ti046-MT103-Koehler-116330021.1964                             1 1.47000E+01 1.47000E+01
n-Ti046-MT103-LUHANLINNN-30523004.1989                          10 4.50000E+00 1.79700E+01
n-Ti046-MT103-Levkovskii-40226002.1970                           1 1.48000E+01 1.48000E+01
n-Ti046-MT103-Liskien-20926002.1965                             17 1.26000E+01 1.65200E+01
n-Ti046-MT103-Lukic-10205002.1971                                3 5.48000E+00 6.53000E+00
n-Ti046-MT103-Lukic-10205002A001.1971                            3 5.48000E+00 6.53000E+00
n-Ti046-MT103-Lukic-10205003.1971                                3 6.01000E+00 7.04000E+00
n-Ti046-MT103-Lukic-10205003A001.1971                            3 6.01000E+00 7.04000E+00
n-Ti046-MT103-Lukic-10205004.1971                                5 4.91000E+00 7.04000E+00
n-Ti046-MT103-Lukic-10205004A001.1971                            5 4.91000E+00 7.04000E+00
n-Ti046-MT103-Meadows-12969005.1987                              1 1.47400E+01 1.47400E+01
n-Ti046-MT103-Molla-20721003.1977                                1 1.47000E+01 1.47000E+01
n-Ti046-MT103-Molla-22443002.1990                                7 5.37000E+00 1.04700E+01
n-Ti046-MT103-Molla-30825003.1986                                1 1.48000E+01 1.48000E+01
n-Ti046-MT103-Osman-314640051.1996                               1 1.47000E+01 1.47000E+01
n-Ti046-MT103-Osman-314640052.1996                               1 1.47000E+01 1.47000E+01
n-Ti046-MT103-Pai-11630002.1966                                  5 1.36000E+01 1.95000E+01
n-Ti046-MT103-Ribansky-30660002S.1983                            1 1.48000E+01 1.48000E+01
n-Ti046-MT103-Smith-102380231.1975                               3 3.66800E+00 3.98300E+00
n-Ti046-MT103-Smith-102380231A001.1975                           3 3.66800E+00 3.98300E+00
n-Ti046-MT103-Smith-102380241.1975                              18 4.19600E+00 5.93800E+00
n-Ti046-MT103-Smith-102380241A001.1975                          18 4.19600E+00 5.93800E+00
n-Ti046-MT103-Smith-102380251.1975                               9 5.40700E+00 9.95000E+00
n-Ti046-MT103-Smith-102380251A001.1975                           9 5.40700E+00 9.95000E+00
