#              Filename                                         N    min         max
n-U233-MT018-Adamchuk-40063018.1955                            224 1.16990E-08 7.42990E-04
n-U233-MT018-Adamov-40547011.1977                                1 1.47000E+01 1.47000E+01
n-U233-MT018-Albert-12343003.1966                               72 1.12000E-04 6.50000E+00
n-U233-MT018-Alkhazov-40911003.1983                              1 1.47000E+01 1.47000E+01
n-U233-MT018-Allen-21075002.1957                                25 3.00000E-02 3.00000E+00
n-U233-MT018-Anderson-12359002.1944                             12 2.18000E-08 4.60000E-07
n-U233-MT018-Auclair-21082003.1955                              10 2.00000E-08 1.00000E-06
n-U233-MT018-Auclair-21082004.1955                              24 4.10000E-09 3.50000E-08
n-U233-MT018-Auclair-21396004.1955                               1 2.53000E-08 2.53000E-08
n-U233-MT018-Belloni-23128003.2011                              32 5.31500E-01 1.88650E+01
n-U233-MT018-Berceanu-30750002.1982                              1 2.53000E-08 2.53000E-08
n-U233-MT018-Bergen-10056002.1970                              500 1.00249E-05 3.49749E-05
n-U233-MT018-Bergen-10056002A001.1970                          500 1.00249E-05 3.49749E-05
n-U233-MT018-Bergen-10056003.1970                             2003 3.50249E-05 9.97965E-04
n-U233-MT018-Bergen-10056003A001.1970                         2003 3.50249E-05 9.97965E-04
n-U233-MT018-Bergen-10056004.1970                              328 1.00537E-03 9.91444E-02
n-U233-MT018-Bergen-10056004A001.1970                          328 1.00537E-03 9.91444E-02
n-U233-MT018-Bergen-10056005.1970                               80 1.01191E-01 2.84500E+00
n-U233-MT018-Bergen-10056005A001.1970                           80 1.01191E-01 2.84500E+00
n-U233-MT018-Bergen-12360002.1968                             3047 2.00500E-05 9.77900E-01
n-U233-MT018-Bergman-40601005.1980                              25 1.50000E-04 5.50000E-02
n-U233-MT018-Berthoumieux-23071002.2007                       1457 6.99480E-07 2.00175E-05
n-U233-MT018-Berthoumieux-23071003.2007                         63 7.51140E-07 9.45625E-04
n-U233-MT018-Bigham-12356004.1976                                1 2.53000E-08 2.53000E-08
n-U233-MT018-Blons-20446002.1971                              7534 6.00040E-06 3.00330E-02
n-U233-MT018-Calviani-23072009.2009                           4530 3.40801E-08 1.06272E+00
n-U233-MT018-Cao-20003002.1970                                 196 1.84110E-08 6.73050E-07
n-U233-MT018-Cao-20003003.1970                                1398 6.84990E-07 2.99900E-05
n-U233-MT018-Cao-20003004.1970                                 610 3.00040E-05 5.21590E-05
n-U233-MT018-Cao-20003005.1970                                3182 5.23020E-05 3.00800E-03
n-U233-MT018-Deruytter-20411002.1974                          1359 1.82200E-08 3.00040E-05
n-U233-MT018-Gorlov-40055003.1960                               24 3.40000E-03 7.72000E-01
n-U233-MT018-Guber-13890002.2000                             44546 8.00310E-06 7.00470E-01
n-U233-MT018-Guber-13890003.2000                             14521 4.00020E-07 2.00000E-04
n-U233-MT018-Guber-13890004.2000                                50 7.00000E-07 6.50000E-01
n-U233-MT018-Gwin-10267041.1976                                 11 7.50000E-03 1.50000E-01
n-U233-MT018-Gwin-10267041A001.1976                             11 7.50000E-03 1.50000E-01
n-U233-MT018-Henkel-12321002.1952                               11 1.82000E+00 6.95000E+00
n-U233-MT018-Iyer-30035003.1969                                  1 1.41000E+01 1.41000E+01
n-U233-MT018-JiaWenhaii-32624003.1975                            1 2.53000E-08 2.53000E-08
n-U233-MT018-Kalinin-40741003.1958                              13 3.05000E+00 8.35000E+00
n-U233-MT018-Kalinin-40927002.1987                               1 1.94000E+00 1.94000E+00
n-U233-MT018-Keith-23309002.1968                                 1 2.53000E-08 2.53000E-08
n-U233-MT018-Lamphere-12338003.1956                             61 1.30000E-02 3.05000E+00
n-U233-MT018-Manabe-222820032.1988                               4 1.34700E+01 1.48900E+01
n-U233-MT018-Meadows-102360022.1974                             56 1.42000E-01 9.36700E+00
n-U233-MT018-Meadows-102360022A001.1974                         56 1.42000E-01 9.36700E+00
n-U233-MT018-Meadows-131340042.1988                              1 1.47400E+01 1.47400E+01
n-U233-MT018-Miller-12315002.1956                               75 1.23800E-07 3.79700E-06
n-U233-MT018-Moore-12341002.1960                               953 1.94000E-08 9.59700E-04
n-U233-MT018-Mostovaya-40616003.1980                             9 7.50000E-03 9.50000E-02
n-U233-MT018-Murzin-40587002.1980                                1 2.45000E-02 2.45000E-02
n-U233-MT018-Murzin-40588002.1977                                1 2.00000E-03 2.00000E-03
n-U233-MT018-Nifenecker-20814002.1965                         1020 1.73830E-06 1.55840E-05
n-U233-MT018-Nifenecker-20814003.1965                         1017 6.98970E-06 6.28250E-05
n-U233-MT018-Nyer-12306003.1950                                  1 1.40000E+01 1.40000E+01
n-U233-MT018-Pankratov-40653003.1963                            10 9.05000E+00 2.16000E+01
n-U233-MT018-Perkin-20584002.1965                                1 2.40000E-02 2.40000E-02
n-U233-MT018-Poenitz-10756002.1978                              41 1.37000E-01 8.04500E+00
n-U233-MT018-Poenitz-10756002A001.1978                          41 1.37000E-01 8.04500E+00
n-U233-MT018-Pshenichnyj-404260071.1976                         70 2.01000E-08 1.06720E-06
n-U233-MT018-Pshenichnyj-404260072.1976                         62 2.01000E-08 3.57700E-07
n-U233-MT018-Raffle-21471003.1959                                1 2.53000E-08 2.53000E-08
n-U233-MT018-Raffle-21471004.1959                                6 1.72000E-08 2.92000E-08
n-U233-MT018-Sanders-21028002.1957                             197 9.06000E-09 2.82000E-05
n-U233-MT018-Shcherbakov-41455009.2002                         166 5.77200E-01 1.96200E+02
n-U233-MT018-Smirenkin-40650002.1962                            42 2.80000E-01 2.63000E+00
n-U233-MT018-Smith-12316002.1957                                19 2.00000E+00 1.00000E+01
n-U233-MT018-Szteinsznaider-21515006.1955                       35 7.00000E-01 3.36000E+00
n-U233-MT018-Tovesson-14402002.2014                            113 3.07000E-01 1.94000E+02
n-U233-MT018-Tovesson-22698005.2004                              9 1.00000E+00 7.50000E+00
n-U233-MT018-Uttley-21468004.1956                                1 1.41000E+01 1.41000E+01
n-U233-MT018-Vidal-205520021.1970                                1 2.53000E-08 2.53000E-08
n-U233-MT018-Wagemans-22080002.1988                            504 2.00140E-09 2.01510E-05
n-U233-MT018-Weston-10100002.1970                               50 1.67900E-08 1.06276E-06
n-U233-MT018-Weston-10100002A001.1970                           50 1.67900E-08 1.06276E-06
n-U233-MT018-Weston-12336004.1968                             3416 4.05000E-07 2.04800E-03
n-U233-MT018-White-211950022.1967                                4 1.00000E+00 1.41000E+01
n-U233-MT018-White-21463002.1965                                 6 4.00000E-02 5.05000E-01
n-U233-MT018-YanWuguangg-32625002.1975                           2 5.00000E-01 1.00000E+00
n-U233-MT018-Zasadny-12910002.1984                               1 1.46200E+01 1.46200E+01
n-U233-MT018-Zhagrov-40610002.1980                               2 4.40000E-02 1.20000E-01
n-U233-MT018-Zhuravlev-404760052.1976                            4 2.00000E-03 1.44000E-01
n-U233-MT018-Zhuravlev-404760062.1976                            1 2.53000E-08 2.53000E-08
