#              Filename                                         N    min         max     
n-I127-rp053128-Rimawi-10434005.1975                             1 2.43000E-02 2.43000E-02
n-I127-rp053128-Gleason-10662010.1977                            1 2.53000E-08 2.53000E-08
n-I127-rp053128-Hummel-11010014.1951                             1 2.40000E-02 2.40000E-02
n-I127-rp053128-Meadows-11028017.1961                            1 2.53000E-08 2.53000E-08
n-I127-rp053128-Gabbard-11098010.1959                            9 2.50000E-02 5.06000E-01
n-I127-rp053128-Rimawi-10434005A001.1975                         1 2.43000E-02 2.43000E-02
n-I127-rp053128-Gleason-10662010A001.1977                        1 2.53000E-08 2.53000E-08
n-I127-rp053128-Hummel-11010014A001.1951                         1 2.40000E-02 2.40000E-02
n-I127-rp053128-Meadows-11028017A001.1961                        1 2.53000E-08 2.53000E-08
n-I127-rp053128-Gabbard-11098010A001.1959                        9 2.50000E-02 5.06000E-01
n-I127-rp053128-Gibbons-11329036.1961                            2 3.00000E-02 6.50000E-02
n-I127-rp053128-Gibbons-11329037.1961                           47 9.50000E-03 1.69000E-01
n-I127-rp053128-Macklin-11399033.1957                            1 2.40000E-02 2.40000E-02
n-I127-rp053128-Bamejr-11405003.1959                            31 1.88000E-02 6.60000E-01
n-I127-rp053128-Lyon-11407023.1959                               1 1.95000E-01 1.95000E-01
n-I127-rp053128-Diven-11616021.1960                              1 4.00000E-01 4.00000E-01
n-I127-rp053128-Johnsrud-11675015.1959                          28 1.50000E-01 5.50000E+00
n-I127-rp053128-Macklin-11679018.1967                            3 1.25000E-01 1.82000E-01
n-I127-rp053128-Schmitt-11778012.1960                            1 2.40000E-02 2.40000E-02
n-I127-rp053128-Weston-11818010.1960                            14 5.00000E-03 1.50000E-01
n-I127-rp053128-Cox-11835009.1964                               30 1.80000E-01 1.68000E+00
n-I127-rp053128-Block-11935009.1961                             39 1.99000E-04 8.60000E-03
n-I127-rp053128-Linenberger-11945008.1946                        8 3.00000E-03 5.90000E+00
n-I127-rp053128-Martin-12028003.1953                            13 2.70000E-01 1.62000E+00
n-I127-rp053128-Macklin-12806003.1983                           36 3.50000E-03 2.15000E+00
n-I127-rp053128-Fink-13845008.1936                               1 2.53000E-08 2.53000E-08
n-I127-rp053128-Colditz-20092011.1968                            1 2.90000E+00 2.90000E+00
n-I127-rp053128-Yamamuro-20432004.1975                           1 2.40000E-02 2.40000E-02
n-I127-rp053128-Rigaud-20543007.1974                             1 1.46000E+01 1.46000E+01
n-I127-rp053128-Tattersall-20638038.1960                         1 2.53000E-08 2.53000E-08
n-I127-rp053128-Schwerer-20670012.1976                           1 1.46000E+01 1.46000E+01
n-I127-rp053128-Valkonen-20673027.1976                           1 1.47000E+01 1.47000E+01
n-I127-rp053128-Ryves-20789031.1970                              1 2.53000E-08 2.53000E-08
n-I127-rp053128-Magnusson-21004003.1980                          1 1.47000E+01 1.47000E+01
n-I127-rp053128-Robertson-21150002.1965                          1 2.40000E-02 2.40000E-02
n-I127-rp053128-Perkin-21438018.1958                             1 1.45000E+01 1.45000E+01
n-I127-rp053128-Yamamuro-21466003.1980                          16 3.60000E-03 7.25000E-02
n-I127-rp053128-Voignier-22006036.1992                           4 5.00000E-01 3.00000E+00
n-I127-rp053128-Katoh-22426002.1999                              1 2.50000E-08 2.50000E-08
n-I127-rp053128-Beghian-22580011.1949                            1 9.00000E-01 9.00000E-01
n-I127-rp053128-Noguere-22869005.2004                          130 3.40000E-03 9.65000E-02
n-I127-rp053128-Noguere-22869006.2004                          100 3.40000E-03 8.05000E-02
n-I127-rp053128-Noguere-22948014.2006                            6 7.30000E-03 8.92500E-02
n-I127-rp053128-Friedmann-23485002.1983                          1 2.53000E-08 2.53000E-08
n-I127-rp053128-Decorte-23488056.1988                            1 2.53000E-08 2.53000E-08
n-I127-rp053128-Peto-30031016.1967                               1 3.00000E+00 3.00000E+00
n-I127-rp053128-Brzosko-30159008.1971                            1 4.00000E-01 4.00000E-01
n-I127-rp053128-Borbely-30175005.1963                            1 2.60000E+00 2.60000E+00
n-I127-rp053128-MANJUSHREEMAJUMDERR-30296004.1977                1 1.48000E+01 1.48000E+01
n-I127-rp053128-Vuletin-30314007.1974                            1 1.44000E+01 1.44000E+01
n-I127-rp053128-Chaturvedi-30493007.1970                         1 2.40000E-02 2.40000E-02
n-I127-rp053128-Budnar-30532040.1979                             1 1.41000E+01 1.41000E+01
n-I127-rp053128-Yoon-30840002.2005                             198 3.14000E-09 9.35800E-05
n-I127-rp053128-Qaim-31080005.1968                               1 1.47000E+01 1.47000E+01
n-I127-rp053128-Nyarko-31698016.2010                             1 2.53000E-08 2.53000E-08
n-I127-rp053128-Agbemava-31717002.2011                           1 2.53000E-08 2.53000E-08
n-I127-rp053128-Gandhi-33162002.2021                             3 6.00000E-01 2.51000E+00
n-I127-rp053128-Leipunskiy-40244063.1958                         2 2.70000E+00 4.00000E+00
n-I127-rp053128-Belanova-40374015.1958                           3 2.40000E-02 8.30000E-01
n-I127-rp053128-Stavisskii-40640002.1961                        50 1.90000E-02 2.56000E+00
n-I127-rp053128-Popov-40797008.1962                             73 1.40000E-05 5.00000E-02
n-I127-rp053128-Shorin-41330002.1975                            32 5.50000E-03 8.20000E-02
