#              Filename                                         N    min         max
n-Gd158-MT102-Bokhovko-41225003.1993                            57 5.50000E-03 3.90000E-01
n-Gd158-MT102-Bramlitt-11880009.1961                             1 1.48000E+01 1.48000E+01
n-Gd158-MT102-Chaubey-30079033.1966                              1 2.40000E-02 2.40000E-02
n-Gd158-MT102-Chung-23080003.2007                                6 2.00000E-02 8.15000E-02
n-Gd158-MT102-Decorte-23488070.1988                              1 2.53000E-08 2.53000E-08
n-Gd158-MT102-Farinaarbocco-23260119.2014                        1 2.53000E-08 2.53000E-08
n-Gd158-MT102-Farinaarbocco-23260120.2014                        1 2.53000E-08 2.53000E-08
n-Gd158-MT102-Gamgam-02064158.2024                               2 5.00000E-03 1.00000E-02
n-Gd158-MT102-Kadonis-01064158.2024                             20 5.00000E-03 1.00000E-01
n-Gd158-MT102-Karadag-23202002.2014                              1 2.53000E-08 2.53000E-08
n-Gd158-MT102-Kononov-40520022.1977                             38 6.50000E-03 3.35000E-01
n-Gd158-MT102-Lyon-11407029.1959                                 1 1.95000E-01 1.95000E-01
n-Gd158-MT102-Macklin-11399042.1957                              1 2.40000E-02 2.40000E-02
n-Gd158-MT102-Peto-30031023.1967                                 1 3.00000E+00 3.00000E+00
n-Gd158-MT102-Siddappa-30502016.1974                             1 2.30000E-02 2.30000E-02
n-Gd158-MT102-Stupegia-11624010.1968                            21 4.90000E-03 2.14800E+00
n-Gd158-MT102-Thirumalarao-30501009.1972                         1 2.50000E-02 2.50000E-02
n-Gd158-MT102-Trofimov-41001027.1987                             1 1.00000E+00 1.00000E+00
n-Gd158-MT102-Voignier-21619009.1981                             3 5.00000E-01 2.50000E+00
n-Gd158-MT102-VuongHuuTannn-31542003.2004                        2 5.50000E-02 1.44000E-01
n-Gd158-MT102-Wisshak-22386013.1995                             18 4.00000E-03 2.12500E-01
