#              Filename                                         N    min         max
n-Sm154-MT102-Afzalansari-30573002.1978                          2 4.70000E-01 6.80000E-01
n-Sm154-MT102-Agbemava-31717004.2011                             1 2.53000E-08 2.53000E-08
n-Sm154-MT102-Chaubey-30079032.1966                              1 2.40000E-02 2.40000E-02
n-Sm154-MT102-Decorte-23488068.1988                              1 2.53000E-08 2.53000E-08
n-Sm154-MT102-Diamet-22783007.1999                               4 2.00000E-02 7.75000E-02
n-Sm154-MT102-Fawcett-10298005.1972                             16 5.00000E-03 1.60000E-01
n-Sm154-MT102-Fawcett-10298005A001.1972                         16 5.00000E-03 1.60000E-01
n-Sm154-MT102-Gamgam-02062154.2024                               2 5.00000E-03 1.00000E-02
n-Sm154-MT102-Johnsrud-11675021.1959                            23 1.50000E-01 6.20000E+00
n-Sm154-MT102-Kadonis-01062154.2024                             20 5.00000E-03 1.00000E-01
n-Sm154-MT102-Kononov-40520012.1977                             38 6.50000E-03 3.35000E-01
n-Sm154-MT102-Macklin-11399041.1957                              1 2.40000E-02 2.40000E-02
n-Sm154-MT102-Macklin-12095008.1963                              1 3.00000E-02 3.00000E-02
n-Sm154-MT102-Nyarko-31698017.2010                               1 2.53000E-08 2.53000E-08
n-Sm154-MT102-Nyarko-31698018.2010                               1 2.53000E-08 2.53000E-08
n-Sm154-MT102-Peto-30031022.1967                                 1 3.00000E+00 3.00000E+00
n-Sm154-MT102-Sahota-30678003.1986                               5 1.07000E+00 2.85000E+00
n-Sm154-MT102-Siddappa-30502015.1974                             1 2.30000E-02 2.30000E-02
n-Sm154-MT102-Trofimov-40975002.1987                             1 2.00000E+00 2.00000E+00
n-Sm154-MT102-Trofimov-41001026.1987                             1 1.00000E+00 1.00000E+00
n-Sm154-MT102-Uddin-31647003.2008                                1 5.36000E-08 5.36000E-08
n-Sm154-MT102-Valkonen-20673030.1976                             1 1.47000E+01 1.47000E+01
