#              Filename                                         N    min         max
n-Pu241-MT001-Craig-12528006.1964                              671 1.38400E-05 1.00000E-03
n-Pu241-MT001-Craig-12528016.1964                               46 2.50000E-08 7.50000E-07
n-Pu241-MT001-Craig-12528017.1964                                1 2.53000E-08 2.53000E-08
n-Pu241-MT001-Craig-125280183.1964                              12 1.47400E-05 3.10300E-05
n-Pu241-MT001-Harvey-13767002.1972                            4900 3.65590E-07 3.50940E-04
n-Pu241-MT001-Harvey-13767003.1972                            5936 3.32750E-07 3.11980E-04
n-Pu241-MT001-Harvey-13767004.1972                            5851 3.32750E-07 3.11980E-04
n-Pu241-MT001-Harvey-13767005.1972                           16951 9.00130E-06 2.09540E-01
n-Pu241-MT001-Harvey-13767006.1972                           14391 9.00130E-06 2.01750E-01
n-Pu241-MT001-Kolar-20116002.1971                             3156 6.79050E-07 6.54030E-05
n-Pu241-MT001-Kolar-20116003.1971                             3840 6.54600E-05 7.34570E-04
n-Pu241-MT001-Pattenden-20937002.1963                          382 2.34200E-06 1.48500E-05
n-Pu241-MT001-Pattenden-20937003.1963                          118 1.21900E-05 1.81100E-05
n-Pu241-MT001-Pattenden-20937004.1963                          406 2.36900E-06 1.52900E-05
n-Pu241-MT001-Pattenden-20937005.1963                          352 1.25000E-05 4.87100E-05
n-Pu241-MT001-Pattenden-20937006.1963                         1000 1.19500E-05 6.78900E-04
n-Pu241-MT001-Pattenden-20937007.1963                          126 4.12000E-06 1.52000E-05
n-Pu241-MT001-Pattenden-20937008.1963                          820 1.22700E-05 1.28400E-04
n-Pu241-MT001-Pattenden-20937009.1963                          416 2.35400E-06 1.52000E-05
n-Pu241-MT001-Schwartz-12527006.1958                            44 1.05000E-08 5.40000E-07
n-Pu241-MT001-Simpson-12537002.1961                            236 1.59600E-08 4.84400E-07
n-Pu241-MT001-Simpson-12537003.1961                           1220 1.50000E-06 2.00140E-05
n-Pu241-MT001-Smith-13019002.1970                               37 5.00000E-10 2.77900E-08
n-Pu241-MT001-Smith-13019003.1970                               22 1.63900E-08 9.90400E-08
n-Pu241-MT001-Smith-13019004.1970                                8 1.57100E-08 6.06700E-08
n-Pu241-MT001-Young-10406002.1968                              100 8.51000E-09 1.03248E-06
n-Pu241-MT001-Young-10406002A001.1968                          100 8.51000E-09 1.03248E-06
n-Pu241-MT001-Young-10406003.1968                              153 1.04000E-09 1.80244E-06
n-Pu241-MT001-Young-10406003A001.1968                          153 1.04000E-09 1.80244E-06
n-Pu241-MT001-Young-10406004.1968                              121 8.12000E-09 3.55387E-06
n-Pu241-MT001-Young-10406004A001.1968                          121 8.12000E-09 3.55387E-06
