#              Filename                                         N    min         max
n-Zn064-MT103-Barrall-10022017.1969                              1 1.46000E+01 1.46000E+01
n-Zn064-MT103-Barrall-10022017A001.1969                          1 1.46000E+01 1.46000E+01
n-Zn064-MT103-Bormann-20835006.1969                             10 1.41000E+01 1.81900E+01
n-Zn064-MT103-Bormann-21343009.1963                              5 1.31000E+01 1.93000E+01
n-Zn064-MT103-Bramlitt-11590023.1963                             1 1.47000E+01 1.47000E+01
n-Zn064-MT103-Casanova-20748002.1976                             1 1.41000E+01 1.41000E+01
n-Zn064-MT103-Dresler-30263011.1973                              1 1.46000E+01 1.46000E+01
n-Zn064-MT103-Ercan-22338017.1991                                1 1.46000E+01 1.46000E+01
n-Zn064-MT103-Furuta-23032009.2008                              11 3.57000E+00 5.48000E+00
n-Zn064-MT103-Gabbard-11494011.1962                             17 1.24000E+01 1.75500E+01
n-Zn064-MT103-Garlea-30807007.1985                               1 1.48000E+01 1.48000E+01
n-Zn064-MT103-Garlea-31459018.1992                               1 1.48000E+01 1.48000E+01
n-Zn064-MT103-Ghorai-13597002.1995                               4 1.42000E+01 1.72000E+01
n-Zn064-MT103-Gupta-30707015.1985                                1 1.48000E+01 1.48000E+01
n-Zn064-MT103-Hussain-21879005.1983                             13 2.05000E+00 4.50400E+00
n-Zn064-MT103-Ikeda-22191005.1990                                8 2.08000E+00 3.01000E+00
n-Zn064-MT103-Ikeda-22209005.1991                                1 1.10000E+01 1.10000E+01
n-Zn064-MT103-Ikeda-22209012.1991                                2 9.50000E+00 1.10000E+01
n-Zn064-MT103-Kielan-31460002.1995                               8 1.30400E+01 1.66000E+01
n-Zn064-MT103-Kimura-22093016.1990                               1 1.40500E+01 1.40500E+01
n-Zn064-MT103-King-30529002.1979                                18 2.12000E+00 4.84000E+00
n-Zn064-MT103-Kjelberg-20107002.1966                             1 1.48000E+01 1.48000E+01
n-Zn064-MT103-Konno-22637007.1993                                7 1.33200E+01 1.49000E+01
n-Zn064-MT103-Levkovskii-40016019.1964                           1 1.40000E+01 1.40000E+01
n-Zn064-MT103-Mannhart-22976028.2007                            17 8.49500E+00 1.43270E+01
n-Zn064-MT103-Meadows-12969020.1987                              1 1.47400E+01 1.47400E+01
n-Zn064-MT103-Molla-20721057.1977                                1 1.47000E+01 1.47000E+01
n-Zn064-MT103-Molla-31449011.1994                                4 1.39000E+01 1.47100E+01
n-Zn064-MT103-Nakai-20291003.1962                                6 2.52000E+00 4.63000E+00
n-Zn064-MT103-Nakai-20291005.1962                                7 1.84000E+00 4.82000E+00
n-Zn064-MT103-Nemilov-40485003.1978                              4 7.60000E+00 9.30000E+00
n-Zn064-MT103-Paul-11274037.1953                                 1 1.45000E+01 1.45000E+01
n-Zn064-MT103-Paulsen-21741005.1966                             24 9.90000E-01 2.21000E+00
n-Zn064-MT103-Prasad-303360202.1971                              1 1.48000E+01 1.48000E+01
n-Zn064-MT103-Preiss-11740018.1960                               1 1.48000E+01 1.48000E+01
n-Zn064-MT103-Ranakumar-11515007.1968                            1 1.44000E+01 1.44000E+01
n-Zn064-MT103-Rapaport-30218002.1959                            12 1.99000E+00 3.55000E+00
n-Zn064-MT103-Rutherford-13136003.1988                           1 1.48000E+01 1.48000E+01
n-Zn064-MT103-Santry-10224002.1972                              21 1.83000E+00 5.33000E+00
n-Zn064-MT103-Santry-10224002A001.1972                          21 1.83000E+00 5.33000E+00
n-Zn064-MT103-Santry-10224003.1972                               8 4.86000E+00 6.50000E+00
n-Zn064-MT103-Santry-10224003A001.1972                           8 4.86000E+00 6.50000E+00
n-Zn064-MT103-Santry-10224004.1972                              33 4.96000E+00 1.35800E+01
n-Zn064-MT103-Santry-10224004A001.1972                          33 4.96000E+00 1.35800E+01
n-Zn064-MT103-Santry-10224005.1972                              11 1.25000E+01 1.98000E+01
n-Zn064-MT103-Santry-10224005A001.1972                          11 1.25000E+01 1.98000E+01
n-Zn064-MT103-Sigg-10776006.1976                                 1 1.46000E+01 1.46000E+01
n-Zn064-MT103-Sigg-10776006A001.1976                             1 1.46000E+01 1.46000E+01
n-Zn064-MT103-Smith-102380431.1975                              15 1.15900E+00 3.95800E+00
n-Zn064-MT103-Smith-102380431A001.1975                          15 1.15900E+00 3.95800E+00
n-Zn064-MT103-Smith-102380441.1975                               8 4.17200E+00 5.57600E+00
n-Zn064-MT103-Smith-102380441A001.1975                           8 4.17200E+00 5.57600E+00
n-Zn064-MT103-Smith-102380451.1975                              10 5.38400E+00 9.93900E+00
n-Zn064-MT103-Smith-102380451A001.1975                          10 5.38400E+00 9.93900E+00
n-Zn064-MT103-Spangler-12956003.1975                             1 1.41000E+01 1.41000E+01
n-Zn064-MT103-Valkonen-20673010.1976                             1 1.47000E+01 1.47000E+01
n-Zn064-MT103-Vanloef-30221004.1961                              1 3.30000E+00 3.30000E+00
n-Zn064-MT103-Viennot-30978030.1991                              7 1.37700E+01 1.48300E+01
n-Zn064-MT103-Vinitskaya-400090031.1968                          1 1.48000E+01 1.48000E+01
n-Zn064-MT103-Weigold-311100051.1962                             5 1.38600E+01 1.47700E+01
n-Zn064-MT103-XiaolongHuangg-31500002.1999                      13 4.00000E+00 1.90200E+01
