#              Filename                                         N    min         max
n-Eu151-MT102-Alian-20644013.1973                                1 2.53000E-08 2.53000E-08
n-Eu151-MT102-Bokhovko-41148004.1991                            57 5.50000E-03 3.90000E-01
n-Eu151-MT102-Czirr-10169006.1970                               98 2.00500E-04 1.17500E-02
n-Eu151-MT102-Czirr-10169006A001.1970                           98 2.00500E-04 1.17500E-02
n-Eu151-MT102-Farinaarbocco-23260113.2014                        1 2.53000E-08 2.53000E-08
n-Eu151-MT102-Farinaarbocco-23260114.2014                       10 2.53000E-08 2.53000E-08
n-Eu151-MT102-Gamgam-02063151.2024                               2 5.00000E-03 1.00000E-02
n-Eu151-MT102-Harlow-10324003.1968                             237 2.42100E-05 9.78100E-03
n-Eu151-MT102-Harlow-10324003A001.1968                         237 2.42100E-05 9.78100E-03
n-Eu151-MT102-Hockenbury-10435002.1975                         566 6.31400E-03 2.97339E-01
n-Eu151-MT102-Hockenbury-10435002A001.1975                     566 6.31400E-03 2.97339E-01
n-Eu151-MT102-Kadonis-01063151.2024                             20 5.00000E-03 1.00000E-01
n-Eu151-MT102-Kim-206570051.1975                                 1 2.53000E-08 2.53000E-08
n-Eu151-MT102-Kim-206570052.1975                                 1 2.53000E-08 2.53000E-08
n-Eu151-MT102-Kim-206570061.1975                                 1 2.53000E-08 2.53000E-08
n-Eu151-MT102-Kim-206570062.1975                                 1 2.53000E-08 2.53000E-08
n-Eu151-MT102-Konks-40362013.1968                               89 8.40000E-07 4.20000E-02
n-Eu151-MT102-Konks-40819004.1964                               91 8.30000E-07 4.10000E-02
n-Eu151-MT102-Kononov-40520014.1977                             75 5.50000E-03 3.42500E-01
n-Eu151-MT102-Lee-23181002.2017                                 51 5.71000E-09 1.96500E-02
n-Eu151-MT102-Lee-23416002.2018                                499 5.30700E-09 1.05100E-04
n-Eu151-MT102-Macklin-12878002.1987                             36 3.50000E-03 2.15000E+00
n-Eu151-MT102-Mizumoto-21293002.1979                            23 3.50000E-03 9.50000E-02
n-Eu151-MT102-Moxon-20489003.1976                               27 1.50000E-04 9.50000E-02
n-Eu151-MT102-Parker-14221002.2007                              12 3.76000E-04 4.83000E-03
n-Eu151-MT102-Poortmans-20221004.1971                            1 2.53000E-08 2.53000E-08
n-Eu151-MT102-Profil-03063151.2024                              33 1.00000E-03 2.00000E+00
n-Eu151-MT102-Sims-12090004.1967                                 1 2.53000E-08 2.53000E-08
n-Eu151-MT102-Tattersall-20638050.1960                           1 2.53000E-08 2.53000E-08
n-Eu151-MT102-Trofimov-41001024.1987                             1 1.00000E+00 1.00000E+00
n-Eu151-MT102-Vertebnij-40729029.1980                            1 2.00000E-03 2.00000E-03
n-Eu151-MT102-Widder-20437006.1975                             271 1.00820E-08 1.57430E-06
n-Eu151-MT102-XiaYijunn-32623003.1994                            8 2.20000E-02 1.10000E+00
n-Eu151-MT102-XiaYijunn-32623004.1994                            8 2.20000E-02 1.10000E+00
n-Eu151-MT102-YuWeixiangg-32615002.1993                          5 3.60000E-02 1.12000E+00
n-Eu151-MT102-YuWeixiangg-32615004.1993                          2 3.60000E-02 1.12000E+00
