#              Filename                                         N    min         max
n-U236-MT018-Adamov-40547022.1977                                1 1.47000E+01 1.47000E+01
n-U236-MT018-Alekseev-41503003.2008                            125 1.05000E-06 1.87000E-02
n-U236-MT018-Cramer-10058002.1970                             1716 3.52499E-05 9.98043E-04
n-U236-MT018-Cramer-10058002A001.1970                         1716 3.52499E-05 9.98043E-04
n-U236-MT018-Cramer-10058003.1970                              345 1.00211E-03 2.93495E+00
n-U236-MT018-Cramer-10058003A001.1970                          345 1.00211E-03 2.93495E+00
n-U236-MT018-Diakaki-23765002.2020                               9 4.50000E+00 1.00000E+01
n-U236-MT018-Henkel-12321007.1952                               65 7.60000E-01 6.96000E+00
n-U236-MT018-Lamphere-12338006.1956                            101 3.07000E-01 4.05000E+00
n-U236-MT018-Manabe-222820052.1988                               4 1.34700E+01 1.48900E+01
n-U236-MT018-Meadows-106540022.1978                             57 5.96000E-01 9.90500E+00
n-U236-MT018-Meadows-106540022A001.1978                         57 5.96000E-01 9.90500E+00
n-U236-MT018-Meadows-131340062.1988                              1 1.47400E+01 1.47400E+01
n-U236-MT018-Muradyan-41354004.1999                              6 7.32500E-06 7.32500E-04
n-U236-MT018-Nyer-12306005.1950                                  1 1.45000E+01 1.45000E+01
n-U236-MT018-Nyer-12474003.1951                                  6 6.90000E-01 1.41000E+01
n-U236-MT018-Rosler-10262002.1972                             1483 4.92100E-01 9.52310E+00
n-U236-MT018-Rosler-10262002A001.1972                         1483 4.92100E-01 9.52310E+00
n-U236-MT018-Sarmento-23131002.2011                             70 1.12946E-02 2.06552E+00
n-U236-MT018-Sarmento-23131004.2011                             25 5.31496E-06 5.61695E-06
n-U236-MT018-Sarmento-23131005.2011                             47 1.26154E-03 1.29987E-03
n-U236-MT018-Sarmento-23131006.2011                            233 2.70085E-03 1.06783E-02
n-U236-MT018-Tovesson-14402006.2014                            130 5.13000E-01 1.95000E+02
n-U236-MT018-Wahl-124370032.1954                                 2 2.50000E+00 1.41000E+01
n-U236-MT018-White-211950042.1967                                4 1.00000E+00 1.41000E+01
n-U236-MT018-White-21463004.1965                                 3 1.27000E-01 5.05000E-01
n-U236-MT018-ZhizhouRenn-328110022.2020                         77 4.50000E-01 3.80590E+01
n-U236-MT018-ZhizhouRenn-328860022.2023                        139 4.07000E-01 1.75218E+02
