#              Filename                                         N    min         max
n-Zn064-MT016-Araminowicz-30264016.1973                          1 1.46000E+01 1.46000E+01
n-Zn064-MT016-Bhatia-14330002.2013                               9 1.24200E+01 1.44100E+01
n-Zn064-MT016-Bormann-20835007.1969                              9 1.41000E+01 1.81300E+01
n-Zn064-MT016-Bormann-21343005.1963                              8 1.32000E+01 1.96000E+01
n-Zn064-MT016-Bramlitt-11590024.1963                             1 1.47000E+01 1.47000E+01
n-Zn064-MT016-Cevolani-21266008.1962                             1 1.41300E+01 1.41300E+01
n-Zn064-MT016-Chatterjee-30061004.1967                           1 1.48000E+01 1.48000E+01
n-Zn064-MT016-Chatterjee-30612009.1969                           3 1.42000E+01 1.48000E+01
n-Zn064-MT016-Cohen-21115006.1956                               18 1.30500E+01 1.75500E+01
n-Zn064-MT016-Csikai-30033015.1967                               1 1.50400E+01 1.50400E+01
n-Zn064-MT016-Csikai-30038009.1965                               1 1.46000E+01 1.46000E+01
n-Zn064-MT016-Csikai-30119003.1967                               1 1.47000E+01 1.47000E+01
n-Zn064-MT016-Ercan-22338018.1991                                1 1.46000E+01 1.46000E+01
n-Zn064-MT016-Filatenkov-41614033.2016                           8 1.34700E+01 1.48100E+01
n-Zn064-MT016-Gabbard-11814002.1961                             11 1.30000E+01 1.75500E+01
n-Zn064-MT016-Ghorai-13597003.1995                               5 1.42000E+01 1.82000E+01
n-Zn064-MT016-Koehler-11807002.1960                             12 1.22000E+01 1.81000E+01
n-Zn064-MT016-Konno-22637006.1993                                5 1.34000E+01 1.49700E+01
n-Zn064-MT016-Mannhart-22976029.2007                             9 1.22070E+01 1.43270E+01
n-Zn064-MT016-Meadows-12969021.1987                              1 1.47400E+01 1.47400E+01
n-Zn064-MT016-Mitra-31070003.1967                                1 1.48000E+01 1.48000E+01
n-Zn064-MT016-Molla-30577012.1983                                1 1.48000E+01 1.48000E+01
n-Zn064-MT016-Pasha-33137003.2019                                1 1.45400E+01 1.45400E+01
n-Zn064-MT016-Paul-11274038.1953                                 1 1.45000E+01 1.45000E+01
n-Zn064-MT016-Paulsen-20386004.1965                             27 1.26000E+01 1.95800E+01
n-Zn064-MT016-Preiss-11740019.1960                               1 1.48000E+01 1.48000E+01
n-Zn064-MT016-Qaim-20536010.1972                                 1 1.47000E+01 1.47000E+01
n-Zn064-MT016-Ranakumar-11515008.1968                            1 1.44000E+01 1.44000E+01
n-Zn064-MT016-Rayburn-11328014.1961                              1 1.44000E+01 1.44000E+01
n-Zn064-MT016-Rayburn-11784003.1963                              5 1.34700E+01 1.94800E+01
n-Zn064-MT016-Rutherford-13136002.1988                           1 1.48000E+01 1.48000E+01
n-Zn064-MT016-Shiokawa-20278003.1968                             7 1.35000E+01 1.48000E+01
n-Zn064-MT016-Sigg-10776025.1976                                 1 1.46000E+01 1.46000E+01
n-Zn064-MT016-Sigg-10776025A001.1976                             1 1.46000E+01 1.46000E+01
n-Zn064-MT016-Soewarsono-22335012.1992                           5 1.75500E+01 3.82600E+01
n-Zn064-MT016-Spangler-12956002.1975                             1 1.41000E+01 1.41000E+01
n-Zn064-MT016-Srinivasarao-30574004.1978                         1 1.42000E+01 1.42000E+01
n-Zn064-MT016-Thiep-31543012.2003                                1 1.48000E+01 1.48000E+01
n-Zn064-MT016-Uwamino-22703018.1992                             26 1.35000E+01 3.85000E+01
n-Zn064-MT016-Valkonen-20673009.1976                             1 1.47000E+01 1.47000E+01
n-Zn064-MT016-Viennot-30978016.1991                              4 1.37700E+01 1.48300E+01
n-Zn064-MT016-Vrzalova-31714027.2013                             3 1.75000E+01 3.59000E+01
n-Zn064-MT016-Weigold-31110006.1962                              5 1.38600E+01 1.47700E+01
n-Zn064-MT016-Yasumi-20280006.1957                               1 1.41000E+01 1.41000E+01
n-Zn064-MT016-ZhouMuyaoo-30755008.1987                           1 1.46000E+01 1.46000E+01
