#              Filename                                         N    min         max
n-Li007-MT033-Antolkovic-30280005.1974                           2 1.44000E+01 1.44000E+01
n-Li007-MT033-Antolkovic-30280006.1974                           1 1.44000E+01 1.44000E+01
n-Li007-MT033-Batchelor-21147049.1963                            4 4.00000E+00 7.54000E+00
n-Li007-MT033-Brown-21226002.1963                                7 3.75000E+00 1.48500E+01
n-Li007-MT033-Chiba-21986081.1985                                3 5.40000E+00 1.42000E+01
n-Li007-MT033-Cookson-21162018.1967                              1 1.00000E+01 1.00000E+01
n-Li007-MT033-Goldberg-12954003.1985                             1 1.49400E+01 1.49400E+01
n-Li007-MT033-Hopkins-11153015.1968                              3 4.83000E+00 7.50000E+00
n-Li007-MT033-Hopkins-11153015A001.1968                          3 4.83000E+00 7.50000E+00
n-Li007-MT033-Liskien-21749003.1981                              5 6.00000E+00 9.97000E+00
n-Li007-MT033-Liskien-21854002.1982                             26 4.99000E+00 1.60300E+01
n-Li007-MT033-Meadows-12969022.1987                              1 1.47400E+01 1.47400E+01
n-Li007-MT033-Mikhailina-41226007.1961                           1 1.41000E+01 1.41000E+01
n-Li007-MT033-Osborn-21473002.1961                               1 1.41000E+01 1.41000E+01
n-Li007-MT033-QiBujiaa-30770002.1980                             1 1.48000E+01 1.48000E+01
n-Li007-MT033-Rosen-11114004.1962                               11 5.10000E+00 1.40000E+01
n-Li007-MT033-Rosen-11114004A001.1962                           11 5.10000E+00 1.40000E+01
n-Li007-MT033-Smith-109220022.1981                               7 6.89000E+00 8.96000E+00
n-Li007-MT033-Smith-109220022A001.1981                           7 6.89000E+00 8.96000E+00
n-Li007-MT033-Swinhoe-21742002.1980                              5 5.47000E+00 1.17600E+01
n-Li007-MT033-Swinhoe-21742003.1980                              2 1.41000E+01 1.41000E+01
n-Li007-MT033-Swinhoe-21742004.1980                              1 4.57000E+00 4.57000E+00
n-Li007-MT033-Swinhoe-21960002.1984                              8 4.57000E+00 1.41000E+01
n-Li007-MT033-Swinhoe-21966002.1985                              5 5.47000E+00 1.17600E+01
n-Li007-MT033-Swinhoe-21966003.1985                              2 1.41000E+01 1.41000E+01
n-Li007-MT033-Swinhoe-21966004.1985                              1 4.57000E+00 4.57000E+00
n-Li007-MT033-Thomas-12679002.1954                               1 1.40000E+01 1.40000E+01
n-Li007-MT033-Wyman-11018002.1958                                7 4.00000E+00 1.48000E+01
n-Li007-MT033-Wyman-11018002A001.1958                            7 4.00000E+00 1.48000E+01
