#              Filename                                         N    min         max
n-Co059-MT001-Abfalterer-13753020.2001                         467 5.29300E+00 5.59100E+02
n-Co059-MT001-Abfalterer-13794009.2000                         717 7.50000E-01 2.99700E+00
n-Co059-MT001-Angeli-30141006.1971                               1 1.47000E+01 1.47000E+01
n-Co059-MT001-Bernstein-11745003.1952                           28 3.00000E-08 1.00000E-06
n-Co059-MT001-Bilpuch-11266003.1959                            420 3.00000E-03 1.21700E-01
n-Co059-MT001-Bondelid-11221005.1957                            41 3.78000E+00 8.09000E+00
n-Co059-MT001-Bondelid-11221005A001.1957                        41 3.78000E+00 8.09000E+00
n-Co059-MT001-Bradbury-14695003.1937                             1 1.00000E-06 1.00000E-06
n-Co059-MT001-Cabe-20482007.1967                               186 4.90000E-01 1.20300E+00
n-Co059-MT001-Carlson-11497010.1967                             61 4.53100E+00 7.56400E+00
n-Co059-MT001-Cierjacks-20011007.1969                         6178 3.60020E-01 3.19780E+01
n-Co059-MT001-Coon-12524023.1952                                 1 1.41200E+01 1.41200E+01
n-Co059-MT001-Cote-11641014.1958                               221 6.15000E-05 3.17410E-02
n-Co059-MT001-Desaussure-12988002.1992                        8900 4.20100E-02 3.23580E+01
n-Co059-MT001-Desaussure-12988003.1992                        8900 4.20100E-02 3.23580E+01
n-Co059-MT001-Desaussure-12988004.1992                        6199 2.64570E-05 3.19470E-01
n-Co059-MT001-Desaussure-12988005.1992                        6493 2.65200E-05 3.19470E-01
n-Co059-MT001-Desaussure-12988006.1992                        6904 2.65200E-05 3.19470E-01
n-Co059-MT001-Desaussure-12988007.1992                        7045 2.65200E-05 3.19470E-01
n-Co059-MT001-Dilg-20602013.1974                                 1 1.88000E-05 1.88000E-05
n-Co059-MT001-Dilg-20823004.1973                                15 3.99000E-11 2.60800E-09
n-Co059-MT001-Dilg-20823006.1973                                 1 1.25000E-06 1.25000E-06
n-Co059-MT001-Filippov-41301003.1975                             1 4.50000E-01 4.50000E-01
n-Co059-MT001-Fosterjr-10047033.1971                           244 2.26200E+00 1.47330E+01
n-Co059-MT001-Fosterjr-10047033A001.1971                       244 2.26200E+00 1.47330E+01
n-Co059-MT001-Franz-22117008.1988                               22 1.60000E+02 5.75000E+02
n-Co059-MT001-Gaerttner-11659004.1954                           21 7.98000E-05 1.65000E-04
n-Co059-MT001-Garg-10716013.1978                              3804 5.88200E-04 2.22100E-01
n-Co059-MT001-Garg-10716013A001.1978                          3804 5.88200E-04 2.22100E-01
n-Co059-MT001-Good-11734003.1960                                77 2.80000E-03 6.00000E-03
n-Co059-MT001-Gorlov-41311004.1967                               1 4.00000E+00 4.00000E+00
n-Co059-MT001-Guenther-10328002.1974                            49 2.50000E+00 4.50000E+00
n-Co059-MT001-Guenther-10328002A001.1974                        49 2.50000E+00 4.50000E+00
n-Co059-MT001-Havensjr-11732003.1951                            24 8.24370E-05 1.28107E-01
n-Co059-MT001-Havensjr-117320083.1951                            1 1.26000E-04 1.26000E-04
n-Co059-MT001-Hibdon-11386007.1952                              30 1.57700E-03 9.77380E-02
n-Co059-MT001-Hibdon-11386008.1952                              14 5.04900E-03 3.58120E-02
n-Co059-MT001-Knopf-22451022.1997                                2 1.26000E-06 5.19000E-06
n-Co059-MT001-Koester-20607004.1974                              3 1.25600E-06 5.19000E-06
n-Co059-MT001-Koester-22217017.1990                              1 1.97000E-03 1.97000E-03
n-Co059-MT001-Machwe-11572015.1959                               1 3.66000E+00 3.66000E+00
n-Co059-MT001-Manero-20169003.1968                              65 3.31900E+00 5.15000E+00
n-Co059-MT001-Marshak-11640009.1957                            139 1.50000E-03 1.00400E-01
n-Co059-MT001-Merrison-21282004.1952                            26 3.07000E-05 2.75000E-04
n-Co059-MT001-Nakajima-20316006.1970                           128 3.05700E-05 2.48090E-04
n-Co059-MT001-Nereson-11308009.1954                             30 2.69000E+00 1.30780E+01
n-Co059-MT001-Peterson-11108019.1960                             4 1.74000E+01 2.90000E+01
n-Co059-MT001-Peterson-11108019A001.1960                         4 1.74000E+01 2.90000E+01
n-Co059-MT001-Pierre-11486014.1959                               1 1.40000E+01 1.40000E+01
n-Co059-MT001-Pineo-10542004.1974                               68 1.45200E-02 6.86300E-01
n-Co059-MT001-Pineo-10542004A001.1974                           68 1.45200E-02 6.86300E-01
n-Co059-MT001-Salama-30468005.1973                             216 2.96000E-09 1.09870E-06
n-Co059-MT001-Seidl-111860022.1949                               1 1.08000E-04 1.08000E-04
n-Co059-MT001-Seidl-111860022A001.1949                           1 1.08000E-04 1.08000E-04
n-Co059-MT001-Seidl-116710043.1954                               1 1.34000E-04 1.34000E-04
n-Co059-MT001-Seidl-11671005.1954                               24 1.14000E-04 1.61000E-04
n-Co059-MT001-Stubbins-11668003.1951                           175 8.00000E-02 9.94000E-01
n-Co059-MT001-Thibault-22549007.1967                             1 2.70000E+00 2.70000E+00
n-Co059-MT001-Tsukada-22628010.1966                              2 3.95000E+00 4.70000E+00
n-Co059-MT001-Walt-11746002.1953                                16 8.35000E-01 2.98000E+00
n-Co059-MT001-Wu-11751002.1947                                  46 5.39000E-07 1.65913E-03
n-Co059-MT001-Wu-11751014.1947                                  14 4.94740E-05 1.37470E-01
n-Co059-MT001-Wu-11751031.1947                                  16 1.47000E-07 3.83905E-02
