#              Filename                                         N    min         max
n-Ho165-MT001-Bernstein-11745008.1952                           20 2.59000E-08 5.00000E-07
n-Ho165-MT001-Chandramoleswar-304080044.1966                     1 3.92000E-06 3.92000E-06
n-Ho165-MT001-Danon-13725017.1998                                1 2.53000E-08 2.53000E-08
n-Ho165-MT001-Dilg-20583021.1972                                 1 2.70000E-03 2.70000E-03
n-Ho165-MT001-Farooque-30244002.1973                            31 1.47900E+01 1.88800E+01
n-Ho165-MT001-Fasoli-20497002.1973                              12 6.10000E-01 4.02000E+00
n-Ho165-MT001-Fasoli-20976005.1969                              18 2.55000E+00 7.25000E+00
n-Ho165-MT001-Fisher-12118002.1967                               2 8.00000E+00 1.50000E+01
n-Ho165-MT001-Footejr-12107002.1953                             54 2.24000E-07 1.14000E-05
n-Ho165-MT001-Fosterjr-10047071.1971                           233 2.42700E+00 1.49630E+01
n-Ho165-MT001-Fosterjr-10047071A001.1971                       233 2.42700E+00 1.49630E+01
n-Ho165-MT001-Giordano-20806007.1978                             1 2.50000E+00 2.50000E+00
n-Ho165-MT001-Harvey-11912038.1955                             258 3.05000E-06 3.38500E-04
n-Ho165-MT001-Islam-30134008.1973                              101 1.00200E+00 2.00200E+00
n-Ho165-MT001-Kellie-20418009.1974                             588 8.00000E-01 9.02300E+00
n-Ho165-MT001-Knopf-22450029.1997                                1 5.68000E-10 5.68000E-10
n-Ho165-MT001-Knorr-21498006.1970                                8 1.37000E-10 3.16800E-09
n-Ho165-MT001-Kobayashi-20293002.1961                            6 8.31000E-01 1.09000E+00
n-Ho165-MT001-Marshak-10076002.1970                            103 1.06300E+00 1.35700E+02
n-Ho165-MT001-Marshak-10076002A001.1970                        103 1.06300E+00 1.35700E+02
n-Ho165-MT001-Marshak-12142002.1966                              1 1.40000E+01 1.40000E+01
n-Ho165-MT001-Mccarthy-12122002.1968                             5 3.30000E-01 5.60000E+00
n-Ho165-MT001-Meadows-10034076.1971                            747 1.00700E-01 1.49300E+00
n-Ho165-MT001-Meadows-10034076A001.1971                        747 1.00700E-01 1.49300E+00
n-Ho165-MT001-Meadows-10034077.1971                              5 6.06700E-01 1.40300E+00
n-Ho165-MT001-Meadows-10034077A001.1971                          5 6.06700E-01 1.40300E+00
n-Ho165-MT001-Pineo-10542024.1974                               71 3.98200E-02 6.33500E-01
n-Ho165-MT001-Pineo-10542024A001.1974                           71 3.98200E-02 6.33500E-01
n-Ho165-MT001-Schermer-12123002.1964                            63 1.69000E-08 1.34700E-06
n-Ho165-MT001-Schermer-121230032.1964                            1 3.92400E-06 3.92400E-06
n-Ho165-MT001-Schneider-233790021.1981                           1 1.80000E-08 1.80000E-08
n-Ho165-MT001-Stupegia-12125004.1966                            96 2.50000E-03 2.03800E+00
n-Ho165-MT001-Tellier-20123002.1971                          13787 3.58840E-05 3.05840E-03
n-Ho165-MT001-Vertebnij-40729006.1980                            1 2.00000E-03 2.00000E-03
n-Ho165-MT001-Wagner-12133002.1965                              11 3.01000E-01 4.05000E-01
n-Ho165-MT001-Zimmerman-30224006.1967                          110 1.00000E-09 9.40000E-07
n-Ho165-MT001-Zimmerman-30224007.1967                            1 2.53000E-08 2.53000E-08
