#              Filename                                         N    min         max
n-Co059-MT103-Bahal-21936022.1985                                1 1.47000E+01 1.47000E+01
n-Co059-MT103-Berrada-30805006.1984                              5 1.38000E+01 1.48000E+01
n-Co059-MT103-Cezarsuita-31498002.1997                           2 9.60000E+00 1.33000E+01
n-Co059-MT103-Dresler-30263008.1973                              1 1.46000E+01 1.46000E+01
n-Co059-MT103-Ercan-22338002.1991                                1 1.46000E+01 1.46000E+01
n-Co059-MT103-Filatenkov-41614022.2016                           7 1.35600E+01 1.47800E+01
n-Co059-MT103-Fukuda-20841003.1978                               1 1.46000E+01 1.46000E+01
n-Co059-MT103-Garlea-30807006.1985                               1 1.48000E+01 1.48000E+01
n-Co059-MT103-Garlea-31459013.1992                               1 1.48000E+01 1.48000E+01
n-Co059-MT103-Greenwood-12977011.1987                            5 1.45000E+01 1.49000E+01
n-Co059-MT103-Hasan-21973002.1986                                4 1.34500E+01 1.48220E+01
n-Co059-MT103-Hassler-11492019.1962                              1 1.44000E+01 1.44000E+01
n-Co059-MT103-Ikeda-22089045.1988                                7 1.33200E+01 1.49100E+01
n-Co059-MT103-Jarosik-31842004.2022                              1 1.75000E+01 1.75000E+01
n-Co059-MT103-Jeronymo-20922006.1963                             7 1.35500E+01 2.10000E+01
n-Co059-MT103-Jeronymo-20922010.1963                             8 1.25500E+01 2.10000E+01
n-Co059-MT103-Kral-31834007.2020                                 1 2.91000E+01 2.91000E+01
n-Co059-MT103-Levkovskii-402230081.1969                          1 1.48000E+01 1.48000E+01
n-Co059-MT103-LiTingyann-32591002.1990                           8 1.36000E+01 1.77700E+01
n-Co059-MT103-Majerle-31767012.2016                              7 1.73000E+01 3.55000E+01
n-Co059-MT103-Mannhart-22976018.2007                            19 8.09800E+00 1.43200E+01
n-Co059-MT103-Maslov-40136007.1974                               1 1.46000E+01 1.46000E+01
n-Co059-MT103-Meadows-12969014.1987                              1 1.47400E+01 1.47400E+01
n-Co059-MT103-Molla-31449005.1994                                5 1.35700E+01 1.47100E+01
n-Co059-MT103-Osman-314640101.1996                               1 1.47000E+01 1.47000E+01
n-Co059-MT103-Osman-314640102.1996                               1 1.47000E+01 1.47000E+01
n-Co059-MT103-Preiss-11740002.1960                               1 1.48000E+01 1.48000E+01
n-Co059-MT103-Ryves-22132003.1988                                1 1.43000E+01 1.43000E+01
n-Co059-MT103-Semkova-22745003.2004                              4 1.48300E+01 2.06000E+01
n-Co059-MT103-Shimizu-22837007.2004                              2 2.90000E+00 3.09000E+00
n-Co059-MT103-Simeckova-317640041.2011                           7 1.75000E+01 3.50000E+01
n-Co059-MT103-Simeckova-317640042.2011                           7 1.75000E+01 3.50000E+01
n-Co059-MT103-Smith-102380421.1975                              17 4.33400E+00 9.94400E+00
n-Co059-MT103-Smith-102380421A001.1975                          17 4.33400E+00 9.94400E+00
n-Co059-MT103-Smith-105660022.1976                              13 2.56900E+00 4.91100E+00
n-Co059-MT103-Smith-105660022A001.1976                          13 2.56900E+00 4.91100E+00
n-Co059-MT103-Uno-23279009.1996                                  6 1.75500E+01 3.00900E+01
n-Co059-MT103-Viennot-30978023.1991                              4 1.37700E+01 1.48300E+01
n-Co059-MT103-Vonach-11741002.1965                               1 1.48000E+01 1.48000E+01
n-Co059-MT103-Weigold-31039004.1960                              1 1.45000E+01 1.45000E+01
n-Co059-MT103-Williams-12929002.1986                             5 1.42000E+01 1.82000E+01
