#              Filename                                         N    min         max     
n-Cr052-rp023052-Smith-109000022.1980                           22 5.33700E+00 8.94300E+00
n-Cr052-rp023052-Chittenden-11132004.1961                        1 1.48000E+01 1.48000E+01
n-Cr052-rp023052-Smith-109000022A001.1980                       22 5.33700E+00 8.94300E+00
n-Cr052-rp023052-Chittenden-11132004A001.1961                    1 1.48000E+01 1.48000E+01
n-Cr052-rp023052-Paul-11274029.1953                              1 1.45000E+01 1.45000E+01
n-Cr052-rp023052-Kern-11464005.1959                             28 1.23300E+01 1.82400E+01
n-Cr052-rp023052-Clator-11536003.1969                            3 1.44000E+01 1.67000E+01
n-Cr052-rp023052-Husain-11657002.1967                            1 1.48000E+01 1.48000E+01
n-Cr052-rp023052-Ghorai-12958002.1987                            5 1.42000E+01 1.82000E+01
n-Cr052-rp023052-Meadows-12969010.1987                           1 1.47400E+01 1.47400E+01
n-Cr052-rp023052-Valkonen-20673036.1976                          1 1.47000E+01 1.47000E+01
n-Cr052-rp023052-Molla-20721014.1977                             1 1.47000E+01 1.47000E+01
n-Cr052-rp023052-Ikeda-22089038.1988                             6 1.33300E+01 1.49000E+01
n-Cr052-rp023052-Ercan-22338038.1991                             1 1.46000E+01 1.46000E+01
n-Cr052-rp023052-Fessler-22406003.1998                          22 9.31000E+00 2.10700E+01
n-Cr052-rp023052-Kasugai-22433007.1998                           6 1.34000E+01 1.48700E+01
n-Cr052-rp023052-Mannhart-22976013.2007                         15 7.85800E+00 1.44660E+01
n-Cr052-rp023052-Mitra-30013008.1966                             1 1.48000E+01 1.48000E+01
n-Cr052-rp023052-Dresler-30263007.1973                           1 1.46000E+01 1.46000E+01
n-Cr052-rp023052-Prasad-30336015.1971                            1 1.48000E+01 1.48000E+01
n-Cr052-rp023052-Gupta-30707012.1985                             1 1.48000E+01 1.48000E+01
n-Cr052-rp023052-HoangDacLuccc-30810002.1986                     1 1.48000E+01 1.48000E+01
n-Cr052-rp023052-Ribansky-30812004.1985                          1 1.46000E+01 1.46000E+01
n-Cr052-rp023052-Mukherjee-31161008.1961                         1 1.48000E+01 1.48000E+01
n-Cr052-rp023052-Khurana-31316021.1965                           1 1.48000E+01 1.48000E+01
n-Cr052-rp023052-Osman-31464002.1996                             1 1.47000E+01 1.47000E+01
n-Cr052-rp023052-Pansare-330870041.1991                          1 1.47000E+01 1.47000E+01
n-Cr052-rp023052-Pansare-330870042.1991                          1 1.47000E+01 1.47000E+01
n-Cr052-rp023052-Pasha-33151004.2020                             1 1.45400E+01 1.45400E+01
n-Cr052-rp023052-Aleksandrov-40433013.1975                       1 1.41000E+01 1.41000E+01
n-Cr052-rp023052-Artemev-41321002.1980                           1 1.48000E+01 1.48000E+01
