#              Filename                                         N    min         max     
n-Sm144-rp062143m-Dewanjee-10288003.1972                         1 1.48000E+01 1.48000E+01
n-Sm144-rp062143m-Bari-10431051.1971                             1 1.48000E+01 1.48000E+01
n-Sm144-rp062143m-Sigg-10477014.1975                             1 1.48000E+01 1.48000E+01
n-Sm144-rp062143m-Sothras-10835019.1977                          1 1.48000E+01 1.48000E+01
n-Sm144-rp062143m-Dewanjee-10288003A001.1972                     1 1.48000E+01 1.48000E+01
n-Sm144-rp062143m-Bari-10431051A001.1971                         1 1.48000E+01 1.48000E+01
n-Sm144-rp062143m-Sigg-10477014A001.1975                         1 1.48000E+01 1.48000E+01
n-Sm144-rp062143m-Sothras-10835019A001.1977                      1 1.48000E+01 1.48000E+01
n-Sm144-rp062143m-Broadhead-11874004.1965                        1 1.46000E+01 1.46000E+01
n-Sm144-rp062143m-Menon-12066008.1967                            1 1.45000E+01 1.45000E+01
n-Sm144-rp062143m-Qaim-20541020.1974                             1 1.47000E+01 1.47000E+01
n-Sm144-rp062143m-Cuzzocrea-21289018.1967                        1 1.40000E+01 1.40000E+01
n-Sm144-rp062143m-Sakane-22662016.2001                           6 1.34000E+01 1.48700E+01
n-Sm144-rp062143m-Reyhancan-22825004.2003                        6 1.35700E+01 1.48300E+01
n-Sm144-rp062143m-Arakita-23216003.2006                          1 1.42000E+01 1.42000E+01
n-Sm144-rp062143m-Ramaprasad-30051005.1969                       1 1.42000E+01 1.42000E+01
n-Sm144-rp062143m-Rurarz-30098005.1969                           1 1.45000E+01 1.45000E+01
n-Sm144-rp062143m-AnJongDooo-30682006.1984                       5 1.34000E+01 1.54000E+01
