#              Filename                                         N    min         max     
n-S032-rp015032-Barrall-10022006.1969                            1 1.46000E+01 1.46000E+01
n-S032-rp015032-Barrall-10031003.1969                            1 1.48000E+01 1.48000E+01
n-S032-rp015032-Barrall-10022006A001.1969                        1 1.46000E+01 1.46000E+01
n-S032-rp015032-Barrall-10031003A001.1969                        1 1.48000E+01 1.48000E+01
n-S032-rp015032-Paul-11274016.1953                               1 1.45000E+01 1.45000E+01
n-S032-rp015032-Santry-11543002.1963                            13 1.25300E+01 2.03000E+01
n-S032-rp015032-Santry-11543003.1963                             3 1.04000E+01 1.16000E+01
n-S032-rp015032-Allenjr-11571002.1957                           12 1.59000E+00 5.69000E+00
n-S032-rp015032-Allenjr-11571003.1957                            8 6.11000E+00 9.56000E+00
n-S032-rp015032-Allenjr-11571004.1957                           12 1.33800E+01 1.49500E+01
n-S032-rp015032-Allenjr-11571005.1957                            4 2.92000E+00 8.09000E+00
n-S032-rp015032-Allenjr-11571006.1957                            1 1.41000E+01 1.41000E+01
n-S032-rp015032-Klema-11581002.1948                              8 1.63000E+00 5.80000E+00
n-S032-rp015032-Robertson-20799010.1973                          1 1.47800E+01 1.47800E+01
n-S032-rp015032-Pasquarelli-20889017.1967                        1 1.47000E+01 1.47000E+01
n-S032-rp015032-Ricamo-21168002.1951                            39 1.90000E+00 3.66000E+00
n-S032-rp015032-Paulsen-21741003.1966                           16 1.56000E+00 2.22000E+00
n-S032-rp015032-Khurana-31316005.1965                            1 1.48000E+01 1.48000E+01
n-S032-rp015032-Levkovskii-40016017.1964                         1 1.40000E+01 1.40000E+01
n-S032-rp015032-Levkovskii-402230111.1969                        1 1.48000E+01 1.48000E+01
