#              Filename                                         N    min         max
n-Li007-MT001-Abfalterer-13753003.2001                         467 5.29300E+00 5.59100E+02
n-Li007-MT001-Batchelor-21147051.1963                            6 1.50000E+00 7.54000E+00
n-Li007-MT001-Bratenahl-11155005.1958                            5 7.01000E+00 1.39900E+01
n-Li007-MT001-Bratenahl-11155005A001.1958                        5 7.01000E+00 1.39900E+01
n-Li007-MT001-Coon-12524003.1952                                 1 1.41200E+01 1.41200E+01
n-Li007-MT001-Fosterjr-10047006.1971                           236 2.26600E+00 1.49450E+01
n-Li007-MT001-Fosterjr-10047006A001.1971                       236 2.26600E+00 1.49450E+01
n-Li007-MT001-Gorlov-41317003.1956                              18 1.00000E-02 4.50000E-01
n-Li007-MT001-Goulding-10251002.1971                           601 7.00780E-01 2.99440E+01
n-Li007-MT001-Goulding-10251002A001.1971                       601 7.00780E-01 2.99440E+01
n-Li007-MT001-Harvey-12876002.1978                            4616 8.22210E-02 6.78550E+01
n-Li007-MT001-Hibdon-11002003.1954                             117 1.00000E-03 3.40000E-01
n-Li007-MT001-Hibdon-11002003A001.1954                         117 1.00000E-03 3.40000E-01
n-Li007-MT001-Hibdon-110030023.1954                              1 2.57000E-01 2.57000E-01
n-Li007-MT001-Hibdon-110030023A001.1954                          1 2.57000E-01 2.57000E-01
n-Li007-MT001-Hibdon-11163007.1968                              84 1.00000E-02 1.78000E-01
n-Li007-MT001-Hibdon-11163007A001.1968                          84 1.00000E-02 1.78000E-01
n-Li007-MT001-Hibdon-11163008.1968                             583 1.30000E-01 1.22600E+00
n-Li007-MT001-Hibdon-11163008A001.1968                         583 1.30000E-01 1.22600E+00
n-Li007-MT001-Hibdon-11163009.1968                              31 2.40000E-01 2.70000E-01
n-Li007-MT001-Hibdon-11163009A001.1968                          31 2.40000E-01 2.70000E-01
n-Li007-MT001-Hibdon-11180002.1953                               5 1.00000E-05 2.80000E-03
n-Li007-MT001-Hibdon-11180002A001.1953                           5 1.00000E-05 2.80000E-03
n-Li007-MT001-Katsaurov-41218003.1957                            2 2.50000E+00 1.40000E+01
n-Li007-MT001-Kellie-10888003.1979                             391 2.99000E+00 4.96430E+01
n-Li007-MT001-Kellie-10888003A001.1979                         391 2.99000E+00 4.96430E+01
n-Li007-MT001-Meadows-10050003.1970                            940 1.00700E-01 1.49802E+00
n-Li007-MT001-Meadows-10050003A001.1970                        940 1.00700E-01 1.49802E+00
n-Li007-MT001-Peterson-11108005.1960                             4 1.81000E+01 2.77000E+01
n-Li007-MT001-Peterson-11108005A001.1960                         4 1.81000E+01 2.77000E+01
n-Li007-MT001-Stelson-110490042.1951                             1 2.56000E-01 2.56000E-01
n-Li007-MT001-Stelson-110490042A001.1951                         1 2.56000E-01 2.56000E-01
