#              Filename                                         N    min         max     
n-Ti050-rp022051-Dudey-10026003.1969                            27 1.40000E-01 1.64500E+00
n-Ti050-rp022051-Dudey-10026003A001.1969                        27 1.40000E-01 1.64500E+00
n-Ti050-rp022051-Macklin-11399007.1957                           1 2.40000E-02 2.40000E-02
n-Ti050-rp022051-Vervier-20205003.1959                           1 2.50000E-02 2.50000E-02
n-Ti050-rp022051-Rigaud-20543003.1974                            1 1.46000E+01 1.46000E+01
n-Ti050-rp022051-Vanderlinden-20643011.1972                      1 2.53000E-08 2.53000E-08
n-Ti050-rp022051-Schwerer-20670004.1976                          1 1.46000E+01 1.46000E+01
n-Ti050-rp022051-Ryves-20789010.1970                             1 2.53000E-08 2.53000E-08
n-Ti050-rp022051-Perkin-21438007.1958                            1 1.45000E+01 1.45000E+01
n-Ti050-rp022051-Sedyshev-224850041.1999                         1 1.45000E-01 1.45000E-01
n-Ti050-rp022051-Farinaarbocco-23266024.2013                     1 2.53000E-08 2.53000E-08
n-Ti050-rp022051-Farinaarbocco-23266025.2013                     2 2.53000E-08 2.53000E-08
n-Ti050-rp022051-Decorte-23488011.1988                           1 2.53000E-08 2.53000E-08
n-Ti050-rp022051-Csikai-30067008.1967                            1 1.47000E+01 1.47000E+01
n-Ti050-rp022051-Vuletin-30314004.1974                           1 1.44000E+01 1.44000E+01
n-Ti050-rp022051-Allen-30359025.1977                             9 1.50000E-02 2.75000E-01
n-Ti050-rp022051-Pasechnik-40336102.1958                         3 2.50000E+00 4.00000E+00
n-Ti050-rp022051-Zaikin-40696002.1967                            8 1.80000E-01 2.03000E+00
