#              Filename                                         N    min         max     
n-Cr052-rp024051-Ghorai-12958004.1987                            5 1.42000E+01 1.82000E+01
n-Cr052-rp024051-Wenusch-20091002.1962                           1 1.40000E+01 1.40000E+01
n-Cr052-rp024051-Qaim-20536003.1972                              1 1.47000E+01 1.47000E+01
n-Cr052-rp024051-Bormann-20834002.1968                          10 1.29400E+01 1.95600E+01
n-Cr052-rp024051-Ikeda-22089037.1988                             7 1.36000E+01 1.49600E+01
n-Cr052-rp024051-Liskien-22124002.1989                          24 1.27220E+01 1.95140E+01
n-Cr052-rp024051-Ercan-22338039.1991                             1 1.46000E+01 1.46000E+01
n-Cr052-rp024051-Fessler-22406002.1998                           4 1.42500E+01 1.94000E+01
n-Cr052-rp024051-Uno-22702006.1996                               5 1.76000E+01 3.83000E+01
n-Cr052-rp024051-Iwasaki-22755003.1997                           8 1.24880E+01 1.89110E+01
n-Cr052-rp024051-Mannhart-22976014.2007                          8 1.24270E+01 1.44660E+01
n-Cr052-rp024051-Araminowicz-30264010.1973                       1 1.46000E+01 1.46000E+01
n-Cr052-rp024051-Sailer-30438003.1977                            1 1.48100E+01 1.48100E+01
n-Cr052-rp024051-Molla-30577003.1983                             1 1.48000E+01 1.48000E+01
n-Cr052-rp024051-Ribansky-30812003.1985                          1 1.46000E+01 1.46000E+01
n-Cr052-rp024051-Wagner-30972005.1989                            4 1.35280E+01 1.47830E+01
n-Cr052-rp024051-Molla-31491003.1997                             5 1.39000E+01 1.47100E+01
n-Cr052-rp024051-ZhouFengQunnn-31623003.2005                     4 1.35000E+01 1.46000E+01
n-Cr052-rp024051-Pasha-33151003.2020                             1 1.45400E+01 1.45400E+01
n-Cr052-rp024051-Maslov-40136004.1974                            2 1.42000E+01 1.46000E+01
n-Cr052-rp024051-Lychagin-41329005.1988                          1 1.41000E+01 1.41000E+01
