#              Filename                                         N    min         max
n-Rb087-MT016-Araminowicz-30264024.1973                          1 1.46000E+01 1.46000E+01
n-Rb087-MT016-Augustyniak-30350008.1976                          8 1.30000E+01 1.66000E+01
n-Rb087-MT016-Bari-10431033.1971                                 1 1.48000E+01 1.48000E+01
n-Rb087-MT016-Bari-10431033A001.1971                             1 1.48000E+01 1.48000E+01
n-Rb087-MT016-Bormann-20797005.1972                              4 1.33800E+01 1.71200E+01
n-Rb087-MT016-ChuanxinZhuu-32696003.2011                         6 1.34000E+01 1.48000E+01
n-Rb087-MT016-Csikai-30033004.1967                               1 1.30300E+01 1.30300E+01
n-Rb087-MT016-Erlandsson-21659004.1979                           1 1.48000E+01 1.48000E+01
n-Rb087-MT016-Ghorai-10359004.1974                               2 1.50000E+01 1.62000E+01
n-Rb087-MT016-Ghorai-10359004A001.1974                           2 1.50000E+01 1.62000E+01
n-Rb087-MT016-JunhuaLuoo-327820033.2018                          3 1.35000E+01 1.48000E+01
n-Rb087-MT016-Konno-22637026.1993                                8 1.33300E+01 1.49400E+01
n-Rb087-MT016-Minetti-20891007.1968                              1 1.47000E+01 1.47000E+01
n-Rb087-MT016-Pepelnik-21999021.1986                             1 1.47000E+01 1.47000E+01
n-Rb087-MT016-PhanNhuNgoccc-30802003.1983                        1 1.48000E+01 1.48000E+01
n-Rb087-MT016-Prestwood-11645011.1961                            9 1.22000E+01 1.97600E+01
n-Rb087-MT016-Rieder-20033004.1966                               2 1.40500E+01 1.47000E+01
n-Rb087-MT016-Sothras-10751004.1978                              1 1.48000E+01 1.48000E+01
n-Rb087-MT016-Sothras-10751004A001.1978                          1 1.48000E+01 1.48000E+01
n-Rb087-MT016-Strohal-30008006.1962                              1 1.46000E+01 1.46000E+01
n-Rb087-MT016-Tewes-11504005.1960                                6 1.03500E+01 1.45000E+01
n-Rb087-MT016-Thiep-31543020.2003                                1 1.48000E+01 1.48000E+01
n-Rb087-MT016-YuanXialinn-31409007.1990                          5 1.34700E+01 1.48000E+01
