#              Filename                                         N    min         max
n-Pu238-MT018-Alam-12991004.1988                               150 1.02900E-07 9.76330E-02
n-Pu238-MT018-Aleksandrov-40673003.1983                          1 2.90000E+00 2.90000E+00
n-Pu238-MT018-Aleksandrov-40673007.1983                          1 2.90000E+00 2.90000E+00
n-Pu238-MT018-Barton-12490002.1967                               4 1.00000E+00 1.49000E+01
n-Pu238-MT018-Budtzjoergensen-21828002.1982                     88 1.46000E-01 9.94000E+00
n-Pu238-MT018-Budtzjoergensen-21828003.1982                   3727 5.48000E-06 9.99500E-04
n-Pu238-MT018-Budtzjoergensen-21828004.1982                     16 1.50000E-04 2.65000E-01
n-Pu238-MT018-Butler-12480002.1963                              78 1.40000E-01 1.74000E+00
n-Pu238-MT018-Drake-10061002.1970                               90 3.17062E-05 3.49652E-05
n-Pu238-MT018-Drake-10061002A001.1970                           90 3.17062E-05 3.49652E-05
n-Pu238-MT018-Drake-10061003.1970                             1990 3.50004E-05 9.98015E-04
n-Pu238-MT018-Drake-10061003A001.1970                         1990 3.50004E-05 9.98015E-04
n-Pu238-MT018-Drake-10061004.1970                              533 1.00208E-03 2.58252E+00
n-Pu238-MT018-Drake-10061004A001.1970                          533 1.00208E-03 2.58252E+00
n-Pu238-MT018-Eastwood-12011004.1958                             1 2.53000E-08 2.53000E-08
n-Pu238-MT018-Ermagambetov-40079002.1970                        31 2.40000E-03 2.40000E+00
n-Pu238-MT018-Ermagambetov-40253002.1968                        20 5.00000E-01 1.69000E+01
n-Pu238-MT018-Fomushkin-400120082.1969                          14 4.40000E-01 3.62000E+00
n-Pu238-MT018-Fomushkin-40779002.1967                            1 1.45000E+01 1.45000E+01
n-Pu238-MT018-Fursov-41303015.1997                               9 2.00000E-01 1.47000E+01
n-Pu238-MT018-Fursov-41303017.1997                              62 1.49000E-01 6.52300E+00
n-Pu238-MT018-Gerasimov-40085006.1966                          128 2.38000E-08 1.16500E-05
n-Pu238-MT018-Gerasimov-40270002.1966                          233 2.38000E-08 4.20000E-04
n-Pu238-MT018-Gerasimov-41369019.1997                           38 5.66270E-06 4.80250E-05
n-Pu238-MT018-Gerasimov-41369031.1997                          267 1.24000E-07 4.11510E-02
n-Pu238-MT018-Granier-14273002.2009                             14 1.77500E+00 1.39050E+02
n-Pu238-MT018-Ressler-142920021.2011                            75 5.00000E+00 1.98000E+01
n-Pu238-MT018-Ressler-142920022.2011                            75 5.00000E+00 1.98000E+01
n-Pu238-MT018-Ressler-14292003.2011                             95 1.01000E+00 1.98500E+01
n-Pu238-MT018-Silbert-10032005.1973                           1371 1.77885E-05 9.99593E-05
n-Pu238-MT018-Silbert-10032005A001.1973                       1371 1.77885E-05 9.99593E-05
n-Pu238-MT018-Silbert-10032006.1973                           3120 1.00026E-03 9.97216E-02
n-Pu238-MT018-Silbert-10032006A001.1973                       3120 1.00026E-03 9.97216E-02
n-Pu238-MT018-Silbert-10032007.1973                           1500 1.00014E-04 9.98516E-04
n-Pu238-MT018-Silbert-10032007A001.1973                       1500 1.00014E-04 9.98516E-04
n-Pu238-MT018-Silbert-10032008.1973                            768 1.00376E-03 2.96646E+00
n-Pu238-MT018-Silbert-10032008A001.1973                        768 1.00376E-03 2.96646E+00
n-Pu238-MT018-Stubbins-12489004.1967                           253 2.00000E-06 2.99200E-04
n-Pu238-MT018-Vorotnikov-40077002.1966                          30 5.00000E-02 1.40000E+00
