#              Filename                                         N    min         max
n-U235-MT001-Anderson-14728004.1944                              1 2.53000E-08 2.53000E-08
n-U235-MT001-Antonov-40974002.1986                              25 3.43000E-13 3.40000E-11
n-U235-MT001-Antonov-40974004.1986                               1 2.53000E-08 2.53000E-08
n-U235-MT001-Averchenkov-41214003.1961                          16 1.91000E+00 8.00000E+00
n-U235-MT001-Block-12024008.1960                                49 1.81000E-08 1.58900E-07
n-U235-MT001-Boeckhoff-20134002.1972                          4093 5.82280E-03 2.69650E-01
n-U235-MT001-Bramlett-10134004.1969                              5 1.57500E-06 3.39500E-05
n-U235-MT001-Bramlett-10134004A001.1969                          5 1.57500E-06 3.39500E-05
n-U235-MT001-Bratenahl-11155034.1958                             5 7.05000E+00 1.42500E+01
n-U235-MT001-Bratenahl-11155034A001.1958                         5 7.05000E+00 1.42500E+01
n-U235-MT001-Brooks-20938002.1966                             1489 1.71000E-07 2.00100E-04
n-U235-MT001-Brooks-20938003.1966                              732 1.78300E-06 1.11300E-05
n-U235-MT001-Brooks-20938004.1966                              110 9.22000E-07 3.90800E-06
n-U235-MT001-Brooks-20938005.1966                               60 1.78000E-07 8.67000E-07
n-U235-MT001-Brooks-20938006.1966                               19 3.50000E-08 7.20000E-08
n-U235-MT001-Brooks-20938007.1966                                1 1.73600E-05 1.73600E-05
n-U235-MT001-Brooks-20938008.1966                               10 1.50000E-05 1.50000E-04
n-U235-MT001-Brooks-20938030.1966                               19 4.00000E-07 1.56500E-04
n-U235-MT001-Cabe-20480016.1973                                239 1.38000E-01 1.20200E+00
n-U235-MT001-Cabe-20480017.1973                                 20 1.07000E-01 1.07100E+00
n-U235-MT001-Cabe-20480018.1973                                129 1.10500E+00 5.99000E+00
n-U235-MT001-Coon-12524056.1952                                  1 1.41200E+01 1.41200E+01
n-U235-MT001-Egelstaff-21179009.1954                             1 2.53000E-08 2.53000E-08
n-U235-MT001-Fosterjr-10047096.1971                            243 2.25300E+00 1.48970E+01
n-U235-MT001-Fosterjr-10047096A001.1971                        243 2.25300E+00 1.48970E+01
n-U235-MT001-Fosterjr-10047097.1971                            243 2.25300E+00 1.48970E+01
n-U235-MT001-Fosterjr-10047097A001.1971                        243 2.25300E+00 1.48970E+01
n-U235-MT001-Fulwood-11681004.1957                             194 2.13000E-04 7.85600E-03
n-U235-MT001-Garg-11516003.1965                               5820 1.73900E-05 3.48600E-04
n-U235-MT001-Gerasimov-40651003.1962                           130 2.34000E-08 2.26000E-06
n-U235-MT001-Gnidak-40562002.1977                                1 2.00000E-03 2.00000E-03
n-U235-MT001-Green-10225025.1973                               352 5.06700E-01 7.10800E+00
n-U235-MT001-Green-10225025A001.1973                           352 5.06700E-01 7.10800E+00
n-U235-MT001-Green-10225026.1973                               336 9.02900E-01 9.91600E+00
n-U235-MT001-Green-10225026A001.1973                           336 9.02900E-01 9.91600E+00
n-U235-MT001-Green-10588002.1973                               716 5.00900E-01 3.05122E+01
n-U235-MT001-Green-10588002A001.1973                           716 5.00900E-01 3.05122E+01
n-U235-MT001-Grigoriev-41363003.1995                            15 3.40000E-06 1.50000E-01
n-U235-MT001-Harvey-13632014.1988                              284 2.09119E-03 3.21667E-01
n-U235-MT001-Henkel-12396002.1952                                8 4.13200E-02 1.51000E-01
n-U235-MT001-Henkel-12396003.1952                               51 2.50300E-01 7.71100E+00
n-U235-MT001-Henkel-12396004.1952                                3 1.78100E+01 2.05800E+01
n-U235-MT001-Hibdon-11002005.1954                              134 6.55000E-04 1.55000E-01
n-U235-MT001-Hibdon-11002005A001.1954                          134 6.55000E-04 1.55000E-01
n-U235-MT001-Kegel-13999002.1997                                20 1.90400E-01 3.80700E-01
n-U235-MT001-Langsford-20911003.1966                          1900 1.97100E-01 1.27700E+02
n-U235-MT001-Leonardjr-12430003.1954                            58 4.70000E-09 1.92100E-07
n-U235-MT001-Lynn-21027004.1955                                 41 5.70000E-09 1.88000E-07
n-U235-MT001-Lynn-210270052.1955                                 1 3.00000E-07 3.00000E-07
n-U235-MT001-Melkonian-12403002.1958                           223 1.19000E-08 4.80000E-02
n-U235-MT001-Melkonian-12426002.1953                             1 2.53000E-08 2.53000E-08
n-U235-MT001-Michaudon-20727004.1965                          6734 1.31160E-06 7.24340E-04
n-U235-MT001-Michaudon-20727010.1965                          3982 7.24190E-04 9.97380E-03
n-U235-MT001-Morozov-41753003.1983                             144 1.52110E+00 2.00230E+00
n-U235-MT001-Nikitin-41219006.1955                             133 1.00000E-08 8.60000E-05
n-U235-MT001-Nikitin-41219007.1955                               1 2.53000E-08 2.53000E-08
n-U235-MT001-Palevsky-12389002.1953                             24 1.17000E-09 4.51000E-09
n-U235-MT001-Palevsky-12389003.1953                             52 2.15000E-09 2.52000E-08
n-U235-MT001-Palevsky-12410004.1954                             55 1.73000E-09 1.62000E-07
n-U235-MT001-Pattenden-22570002.1958                            36 9.82500E-07 1.22720E-06
n-U235-MT001-Pattenden-225700032.1958                            1 1.13000E-06 1.13000E-06
n-U235-MT001-Peterson-11108044.1960                              4 1.73000E+01 2.89000E+01
n-U235-MT001-Peterson-11108044A001.1960                          4 1.73000E+01 2.89000E+01
n-U235-MT001-Pilcher-12413006.1956                             221 4.50000E-06 3.62500E-05
n-U235-MT001-Poenitz-10935006.1981                              47 4.80000E-02 4.80700E+00
n-U235-MT001-Poenitz-10935006A001.1981                          47 4.80000E-02 4.80700E+00
n-U235-MT001-Poenitz-12853054.1983                              68 1.81700E+00 2.02500E+01
n-U235-MT001-Safford-12404002.1959                              23 8.18000E-10 8.18000E-08
n-U235-MT001-Safford-12404003.1959                               8 8.18000E-10 7.25000E-08
n-U235-MT001-Saplakoglu-12406002.1961                           30 4.56000E-09 5.61000E-07
n-U235-MT001-Schwartz-10280005.1974                           1680 4.96000E-01 1.51700E+01
n-U235-MT001-Schwartz-10280005A001.1974                       1680 4.96000E-01 1.51700E+01
n-U235-MT001-Seppi-11791004.1958                                11 2.53000E-09 1.00000E-07
n-U235-MT001-Shore-12418003.1958                               370 8.77000E-08 6.86700E-06
n-U235-MT001-Simpson-12329002.1960                             115 2.07000E-08 8.03000E-08
n-U235-MT001-Simpson-12412004.1956                             581 9.11000E-06 9.90000E-05
n-U235-MT001-Sokolovsky-403830172.1957                          11 3.60900E-06 3.54000E-05
n-U235-MT001-Spencer-12941008.1987                            7995 3.41800E-07 2.08820E-02
n-U235-MT001-Uttley-21030002.1964                              487 2.68400E-04 7.58520E-02
n-U235-MT001-Uttley-21088004.1966                               57 1.50000E-04 9.50000E-01
n-U235-MT001-Vankov-40510003.1980                               11 7.32500E-06 1.57500E-02
n-U235-MT001-Vertebnyj-40191003.1974                            27 4.25000E-08 9.39000E-07
n-U235-MT001-Vertebnyy-40609002.1980                             2 2.00000E-03 2.45000E-02
n-U235-MT001-Whalen-12368002.1965                               69 8.06300E-01 1.49700E+00
