#              Filename                                         N    min         max
p-Be007-MT102-Baby-O0548002.2003                                37 3.93408E-01 1.23283E+00
p-Be007-MT102-Baby-O0548003.2003                                 9 3.45376E-01 1.23283E+00
p-Be007-MT102-Baby-O1382002.2003                                 9 3.45376E-01 1.23283E+00
p-Be007-MT102-Das-O1241004.2006                                  1 0.00000E+00 0.00000E+00
p-Be007-MT102-Filippone-C05020021.1983                          25 1.33805E-01 1.40666E+00
p-Be007-MT102-Filippone-C05020022.1983                          25 1.33805E-01 1.40666E+00
p-Be007-MT102-Hammache-F0502002.2001                             4 0.00000E+00 2.12486E-01
p-Be007-MT102-Hammache-F0691002.1998                            10 4.04616E-01 1.59799E+00
p-Be007-MT102-Hammache-F0691003.1998                             4 5.72123E-01 1.49861E+00
p-Be007-MT102-Hass-A0251002.1999                                 2 1.08676E+00 1.31549E+00
p-Be007-MT102-Junghans-C1004002.2010                            29 2.12257E-01 1.37601E+00
p-Be007-MT102-Junghans-C1004003.2010                            29 2.12257E-01 1.37601E+00
p-Be007-MT102-Junghans-C1004004.2010                             7 1.00147E+00 2.81161E+00
p-Be007-MT102-Junghans-C1004005.2010                             7 1.00147E+00 2.81161E+00
p-Be007-MT102-Junghans-C1004006.2010                            19 1.32203E-01 2.00604E+00
p-Be007-MT102-Junghans-C1004007.2010                            19 1.32775E-01 2.00615E+00
p-Be007-MT102-Kavanagh-C0628002.1969                            47 1.64682E-01 1.00070E+01
p-Be007-MT102-Kavanagh-F0515002.1969                            34 1.37000E-01 2.36200E+00
p-Be007-MT102-Kavanagh-P0080003.1960                             2 8.00000E-01 1.40000E+00
p-Be007-MT102-Park-C1479002.2003                                 1 0.00000E+00 0.00000E+00
p-Be007-MT102-Parker-C0087002.1966                               8 4.83000E-01 1.93200E+00
p-Be007-MT102-Parker-F0425002.1966                               8 4.61000E-01 1.92700E+00
p-Be007-MT102-Strieder-A0414002.2001                            13 3.68000E-01 2.98290E+00
p-Be007-MT102-Vaughn-C05010021.1970                             20 9.53000E-01 3.28100E+00
p-Be007-MT102-Vaughn-C05010022.1970                             20 9.53000E-01 3.28100E+00
p-Be007-MT102-Wiezorek-B0091002.1977                             1 3.60000E-01 3.60000E-01
