#              Filename                                         N    min         max
n-C012-MT001-Aizawa-21864003.1983                                1 2.43000E-02 2.43000E-02
n-C012-MT001-Alexandrov-41382006.1997                           63 1.02100E-06 2.10700E-02
n-C012-MT001-Allen-21364004.1955                                 5 6.00000E-02 5.50000E-01
n-C012-MT001-Anderson-14689002.1946                              2 1.55160E-09 2.53000E-08
n-C012-MT001-Anderson-14689011.1946                              5 1.55160E-09 1.55160E-09
n-C012-MT001-Angeli-30113004.1970                                1 1.45000E+01 1.45000E+01
n-C012-MT001-Artemov-31807002.2020                               1 1.41000E+01 1.41000E+01
n-C012-MT001-Auchampaugh-10884005.1979                        3183 1.20110E+00 1.38820E+01
n-C012-MT001-Auchampaugh-10884005A001.1979                    3183 1.20110E+00 1.38820E+01
n-C012-MT001-Bessheyko-41250002.1992                             1 1.45700E+01 1.45700E+01
n-C012-MT001-Boschung-10037011.1971                              3 4.04000E+00 5.59000E+00
n-C012-MT001-Boschung-10037011A001.1971                          3 4.04000E+00 5.59000E+00
n-C012-MT001-Bowen-21103002.1961                                64 1.58000E+01 1.17500E+02
n-C012-MT001-Bretscher-21251003.1950                            12 2.20000E-01 4.05000E+00
n-C012-MT001-Carpenter-13850002.1959                             1 1.11000E+02 1.11000E+02
n-C012-MT001-Coon-12524007.1952                                  1 1.41200E+01 1.41200E+01
n-C012-MT001-Daub-14356003.2013                                 49 1.55000E-01 6.35000E-01
n-C012-MT001-Didier-22573004.1961                                1 1.46700E+01 1.46700E+01
n-C012-MT001-Dilg-21353003.1971                                  1 1.30000E-04 1.30000E-04
n-C012-MT001-Diment-21096002.1968                               86 7.40000E-05 1.34190E+00
n-C012-MT001-Diment-21096003.1968                               75 1.04600E+00 9.02200E+00
n-C012-MT001-Doekmen-21618002.1977                               1 3.03105E-06 3.03105E-06
n-C012-MT001-Dzhelepov-41261006.1955                             1 5.90000E+02 5.90000E+02
n-C012-MT001-Egelstaff-21149004.1957                            92 1.60000E-09 1.19700E-07
n-C012-MT001-Egelstaff-21149005.1957                            94 1.30000E-09 1.07000E-07
n-C012-MT001-Fasoli-20502004.1973                               42 2.15400E+00 3.91500E+00
n-C012-MT001-Gorlov-41311003.1967                                1 4.00000E+00 4.00000E+00
n-C012-MT001-Guarrini-21257002.1968                              1 1.46800E+01 1.46800E+01
n-C012-MT001-Hall-11282002.1959                                 13 7.00000E+00 8.06000E+00
n-C012-MT001-Harlowjr-11288002.1965                             49 1.31700E+01 2.09600E+01
n-C012-MT001-Huddleston-11326002.1960                          660 5.04400E-01 1.35300E+00
n-C012-MT001-Kirilyuk-40980002.1987                              1 2.00000E-03 2.00000E-03
n-C012-MT001-Langsford-20910004.1965                           356 2.77500E-01 2.98700E+01
n-C012-MT001-Manero-21044002.1964                               95 7.04000E+00 1.43400E+01
n-C012-MT001-Morales-30764002.1991                               2 1.76000E+01 1.98000E+01
n-C012-MT001-Morozov-40482002.1977                              17 2.05830E+00 2.09170E+00
n-C012-MT001-Mubarakmand-30305002.1974                          12 1.70000E+00 1.43000E+01
n-C012-MT001-Murthy-10403004.1975                                7 3.30730E+04 2.72060E+05
n-C012-MT001-Murthy-10403004A001.1975                            7 3.30730E+04 2.72060E+05
n-C012-MT001-Nishimura-20302008.1977                            24 1.10000E-02 2.49000E-01
n-C012-MT001-Pantuev-41208003.1962                               1 8.30000E+03 8.30000E+03
n-C012-MT001-PhamZuyHiennn-31457002.1992                         2 5.50000E-02 1.44000E-01
n-C012-MT001-Pruitt-14661014.2020                              500 2.50475E+00 5.75160E+02
n-C012-MT001-Rapp-14349005.2012                               6119 4.00000E-01 2.00200E+01
n-C012-MT001-Rapp-14349006.2012                               6054 4.00100E-01 2.00200E+01
n-C012-MT001-Rapp-14349007.2012                               4519 4.00500E-01 2.00200E+01
n-C012-MT001-Sleator-12640003.1947                              10 6.50000E+00 2.11000E+01
n-C012-MT001-Sorriaux-21176002.1965                              9 2.60600E+00 2.85000E+00
n-C012-MT001-Takahashi-22075221.1987                             1 1.41000E+01 1.41000E+01
n-C012-MT001-Taylor-21378003.1953                               11 3.70000E+01 1.53000E+02
n-C012-MT001-Tsukada-22628002.1966                               2 3.95000E+00 4.70000E+00
n-C012-MT001-Uttley-20909002.1964                              673 6.02000E-04 4.82400E+01
n-C012-MT001-Uttley-20909003.1964                               12 1.13700E+01 6.19800E+01
n-C012-MT001-Vertebnij-40729002.1980                             1 2.00000E-03 2.00000E-03
n-C012-MT001-Voss-22307006.1994                                  9 1.25000E-02 1.75000E-01
n-C012-MT001-Voss-22498026.1999                                  9 1.25000E-02 1.75000E-01
n-C012-MT001-Wilenzick-11327002.1961                           103 1.85000E-01 6.95000E-01
n-C012-MT001-Willard-11293002.1958                              40 2.62500E+00 2.90700E+00
n-C012-MT001-Wisshak-22374023.1993                               9 1.25000E-02 1.75000E-01
n-C012-MT001-Wisshak-22377008.1996                               9 1.25000E-02 1.75000E-01
n-C012-MT001-Wisshak-22386026.1995                               9 1.25000E-02 1.75000E-01
n-C012-MT001-Wisshak-22388026.1998                               7 1.25000E-02 9.00000E-02
n-C012-MT001-Wisshak-22499026.2000                               9 1.25000E-02 1.75000E-01
n-C012-MT001-Wisshak-22813026.2002                               9 1.25000E-02 1.75000E-01
n-C012-MT001-Wisshak-22916002.2006                              10 1.25000E-02 1.75000E-01
n-C012-MT001-Wisshak-22917002.2006                               9 1.25000E-02 1.75000E-01
n-C012-MT001-Wisshak-22926002.2006                               9 1.25000E-02 1.75000E-01
