#              Filename                                         N    min         max     
n-Co059-rp027060-Spencer-10543005.1976                          19 9.25000E-02 9.75000E-01
n-Co059-rp027060-Meadows-11028010.1961                           1 2.53000E-08 2.53000E-08
n-Co059-rp027060-Spencer-10543005A001.1976                      19 9.25000E-02 9.75000E-01
n-Co059-rp027060-Meadows-11028010A001.1961                       1 2.53000E-08 2.53000E-08
n-Co059-rp027060-Gibbons-11329012.1961                           1 3.00000E-02 3.00000E-02
n-Co059-rp027060-Macklin-11331014.1963                           1 6.50000E-02 6.50000E-02
n-Co059-rp027060-Poenitz-12670002.1975                          65 4.17400E-01 7.21900E-01
n-Co059-rp027060-Schuman-14080011.1970                           1 2.00000E-03 2.00000E-03
n-Co059-rp027060-Deworm-20182002.1972                            1 2.53000E-08 2.53000E-08
n-Co059-rp027060-Paulsen-20390003.1967                           4 1.78000E+00 1.40000E+01
n-Co059-rp027060-Rigaud-20532002.1971                            1 1.40600E+01 1.40600E+01
n-Co059-rp027060-Tattersall-20638012.1960                        1 2.53000E-08 2.53000E-08
n-Co059-rp027060-Carre-20658008.1966                             1 2.53000E-08 2.53000E-08
n-Co059-rp027060-Silk-21472002.1970                              1 2.53000E-08 2.53000E-08
n-Co059-rp027060-Bahal-21936018.1985                             1 1.47000E+01 1.47000E+01
n-Co059-rp027060-Farinaarbocco-23266044.2013                     1 2.53000E-08 2.53000E-08
n-Co059-rp027060-Farinaarbocco-23266045.2013                     2 2.53000E-08 2.53000E-08
n-Co059-rp027060-Stefanescu-30073006.1961                        1 2.53000E-08 2.53000E-08
n-Co059-rp027060-Stroud-30506007.1972                            1 3.00000E-02 3.00000E-02
n-Co059-rp027060-Budnar-30532024.1979                            1 1.41000E+01 1.41000E+01
n-Co059-rp027060-Leipunskiy-40244127.1958                        1 2.50000E-02 2.50000E-02
