#              Filename                                         N    min         max     
n-Mo092-rp040089-Kanda-20338015.1972                            10 1.34100E+01 1.49200E+01
n-Mo092-rp040089-Qaim-20513023.1974                              1 1.47000E+01 1.47000E+01
n-Mo092-rp040089-Atsumi-21935012.1984                            1 1.46000E+01 1.46000E+01
n-Mo092-rp040089-Rahman-21990008.1985                            8 5.91100E+00 9.57700E+00
n-Mo092-rp040089-Pepelnik-21999027.1986                          1 1.47000E+01 1.47000E+01
n-Mo092-rp040089-Ikeda-22089070.1988                             8 1.33400E+01 1.49400E+01
n-Mo092-rp040089-Semkova-23233003.2014                           7 7.73000E+00 1.44800E+01
n-Mo092-rp040089-Garuska-30553008.1980                           1 1.46000E+01 1.46000E+01
n-Mo092-rp040089-Srinivasarao-30576010.1981                      1 1.42000E+01 1.42000E+01
n-Mo092-rp040089-Marcinkowski-30809009.1986                      8 1.30000E+01 1.66000E+01
n-Mo092-rp040089-Molla-30825015.1986                             1 1.46000E+01 1.46000E+01
n-Mo092-rp040089-Molla-31491006.1997                             4 1.37400E+01 1.47100E+01
n-Mo092-rp040089-Doczi-31495007.1998                             5 8.97000E+00 1.25300E+01
n-Mo092-rp040089-Grallert-31496017.1993                          1 1.46000E+01 1.46000E+01
n-Mo092-rp040089-KongXiangzhongg-32579004.1991                   6 1.34000E+01 1.47900E+01
n-Mo092-rp040089-JunhuaLuoo-328550023.2021                       3 1.35000E+01 1.48000E+01
n-Mo092-rp040089-Sunitha-33141002.2020                           1 1.35200E+01 1.35200E+01
n-Mo092-rp040089-Artemev-41321012.1980                           1 1.48000E+01 1.48000E+01
n-Mo092-rp040089-Filatenkov-41614067.2016                        8 1.34700E+01 1.48200E+01
