#              Filename                                         N    min         max
n-Al027-MT051-Almenramstrom-20788002.1975                       11 2.02000E+00 4.50000E+00
n-Al027-MT051-Chien-11201009.1966                               14 1.17500E+00 1.50000E+00
n-Al027-MT051-Chien-11201009A001.1966                           14 1.17500E+00 1.50000E+00
n-Al027-MT051-Degtjarev-40047002.1967                            5 1.78000E+00 3.36000E+00
n-Al027-MT051-Degtyarev-40278002.1971                            6 1.40000E+00 3.40000E+00
n-Al027-MT051-Glazkov-40680007.1963                              1 1.20000E+00 1.20000E+00
n-Al027-MT051-Kiehn-11477002.1954                               94 1.01300E+00 2.75600E+00
n-Al027-MT051-Kopecky-22493002.1997                            550 9.01240E-01 2.25017E+00
n-Al027-MT051-Kramarovskiy-41014002.1989                        47 1.12000E+00 1.60000E+00
n-Al027-MT051-Kramarovskiy-41014004.1989                        39 1.10000E+00 2.15000E+00
n-Al027-MT051-Lashuk-41186034.1994                              35 1.02000E+00 4.87000E+00
n-Al027-MT051-Lebedev-40413005.1977                              1 4.70000E+00 4.70000E+00
n-Al027-MT051-Macgregor-11205007.1958                            1 1.42000E+01 1.42000E+01
n-Al027-MT051-Macgregor-11205007A001.1958                        1 1.42000E+01 1.42000E+01
n-Al027-MT051-Maerten-22283004.1994                            550 9.01240E-01 2.25020E+00
n-Al027-MT051-Martin-21046004.1968                               1 5.95000E+00 5.95000E+00
n-Al027-MT051-Martin-22588011.1968                               1 5.95000E+00 5.95000E+00
n-Al027-MT051-Mathur-11466005.1965                               1 4.07000E+00 4.07000E+00
n-Al027-MT051-Phillips-11210005.1952                             1 1.41500E+01 1.41500E+01
n-Al027-MT051-Phillips-11210005A001.1952                         1 1.41500E+01 1.41500E+01
n-Al027-MT051-Phillips-11210015.1952                             1 1.41500E+01 1.41500E+01
n-Al027-MT051-Phillips-11210015A001.1952                         1 1.41500E+01 1.41500E+01
n-Al027-MT051-Poole-21377004.1953                                1 2.50000E+00 2.50000E+00
n-Al027-MT051-Schweitzer-30463030.1978                           1 3.40000E+00 3.40000E+00
n-Al027-MT051-Takahashi-22075194.1987                            1 1.41000E+01 1.41000E+01
n-Al027-MT051-Towle-20905005.1967                                1 7.00000E+00 7.00000E+00
n-Al027-MT051-Towle-20905006.1967                                1 7.00000E+00 7.00000E+00
n-Al027-MT051-Towle-20958016.1962                                3 2.01000E+00 3.99000E+00
n-Al027-MT051-Towle-20958017.1962                               11 1.40000E+00 2.81000E+00
n-Al027-MT051-Tsukada-20341030.1961                              5 3.50000E+00 4.80000E+00
n-Al027-MT051-Whisnant-12875005.1984                             3 1.08730E+01 1.68830E+01
