#              Filename                                         N    min         max
n-Ge076-MT016-Araminowicz-30264020.1973                          1 1.46000E+01 1.46000E+01
n-Ge076-MT016-Begun-32231005.2007                                1 1.39600E+01 1.39600E+01
n-Ge076-MT016-Birn-22291014.1994                                 4 9.98000E+00 1.46800E+01
n-Ge076-MT016-ChanglinLann-31654009.2008                         2 1.36000E+01 1.41000E+01
n-Ge076-MT016-Dzysiuk-32218005.2007                              1 1.45300E+01 1.45300E+01
n-Ge076-MT016-Hlavac-30286004.1976                               1 1.47000E+01 1.47000E+01
n-Ge076-MT016-JunhuaLuoo-327770023.2018                          3 1.35000E+01 1.48000E+01
n-Ge076-MT016-Khurana-31247008.1961                              1 1.48000E+01 1.48000E+01
n-Ge076-MT016-MeghaBhikee-14472004.2017                         11 9.90000E+00 1.48000E+01
n-Ge076-MT016-Molla-31491005.1997                                5 1.35700E+01 1.47100E+01
n-Ge076-MT016-Okumura-20303006.1967                              8 1.33900E+01 1.49600E+01
n-Ge076-MT016-Paul-11274049.1953                                 1 1.45000E+01 1.45000E+01
n-Ge076-MT016-PuZhongShenggg-31628002.2006                       3 1.35000E+01 1.46000E+01
n-Ge076-MT016-Steiner-20514002.1970                             11 1.24000E+01 1.85000E+01
n-Ge076-MT016-Vanska-218920021.1981                              1 1.47000E+01 1.47000E+01
n-Ge076-MT016-Vanska-218920043.1981                              2 1.47000E+01 1.47000E+01
n-Ge076-MT016-Vanska-218920053.1981                              1 1.47000E+01 1.47000E+01
n-Ge076-MT016-Vlastou-22969008.2007                              4 9.60000E+00 1.14000E+01
n-Ge076-MT016-Wood-11825010.1967                                 1 1.44000E+01 1.44000E+01
n-Ge076-MT016-Wood-11825011.1967                                 1 1.44000E+01 1.44000E+01
