#              Filename                                         N    min         max
n-Y089-MT102-Benoist-21420008.1951                               1 2.53000E-08 2.53000E-08
n-Y089-MT102-Bergman-40056002.1966                              41 7.00000E-05 4.80000E-02
n-Y089-MT102-Boldeman-30391006.1977                             13 3.50000E-03 9.00000E-02
n-Y089-MT102-Booth-11429013.1958                                 1 2.40000E-02 2.40000E-02
n-Y089-MT102-Bostrom-11130016.1959                               6 1.28000E-01 6.80000E-01
n-Y089-MT102-Bostrom-11130016A001.1959                           6 1.28000E-01 6.80000E-01
n-Y089-MT102-Budnar-30532034.1979                                1 1.41000E+01 1.41000E+01
n-Y089-MT102-Csikai-30067011.1967                                1 1.47000E+01 1.47000E+01
n-Y089-MT102-Diven-11616010.1960                                 1 4.00000E-01 4.00000E-01
n-Y089-MT102-Gamgam-02039089.2024                                2 5.00000E-03 1.00000E-02
n-Y089-MT102-Gibbons-11329020.1961                               2 3.00000E-02 6.50000E-02
n-Y089-MT102-Kadonis-01039089.2024                              20 5.00000E-03 1.00000E-01
n-Y089-MT102-Macklin-11380006.1963                              16 1.10000E-02 6.59000E-02
n-Y089-MT102-Macklin-11679007.1967                               7 7.00000E-02 2.20000E-01
n-Y089-MT102-Perkin-21438014.1958                                1 1.45000E+01 1.45000E+01
n-Y089-MT102-Poenitz-12832019.1982                               9 5.00000E-01 3.50000E+00
n-Y089-MT102-Rigaud-20530005.1970                                1 1.40600E+01 1.40600E+01
n-Y089-MT102-Ryves-20791008.1971                                 1 2.53000E-08 2.53000E-08
n-Y089-MT102-Stupegia-11624005.1968                             22 1.46000E-02 2.45000E+00
n-Y089-MT102-Tolstikov-40003002.1966                            21 1.66000E-01 3.62000E+00
n-Y089-MT102-Voignier-22006005.1992                              6 5.00000E-01 3.00000E+00
