#              Filename                                         N    min         max
n-Dy164-MT102-Albert-31756005.1967                               1 2.53000E-08 2.53000E-08
n-Dy164-MT102-Alstad-20187006.1972                               1 2.53000E-08 2.53000E-08
n-Dy164-MT102-Bensch-22612004.1971                               5 2.40000E-02 9.74000E-01
n-Dy164-MT102-Bokhovko-41020006.1988                            49 1.80000E-02 4.50000E-01
n-Dy164-MT102-Booth-11429025.1958                                1 2.40000E-02 2.40000E-02
n-Dy164-MT102-Chaubey-30063008.1965                              1 2.40000E-02 2.40000E-02
n-Dy164-MT102-Farinaarbocco-23260121.2014                        1 2.53000E-08 2.53000E-08
n-Dy164-MT102-Farinaarbocco-23260122.2014                        5 2.53000E-08 2.53000E-08
n-Dy164-MT102-Fawcett-10298003.1972                             16 5.00000E-03 1.60000E-01
n-Dy164-MT102-Fawcett-10298003A001.1972                         16 5.00000E-03 1.60000E-01
n-Dy164-MT102-Gamgam-02066164.2024                               2 5.00000E-03 1.00000E-02
n-Dy164-MT102-House-12082006.1958                                1 2.53000E-08 2.53000E-08
n-Dy164-MT102-HyunJeChooo-22862002.2001                          1 2.53000E-08 2.53000E-08
n-Dy164-MT102-Johnsrud-11675023.1959                            17 1.45000E-01 5.50000E+00
n-Dy164-MT102-Kadonis-01066164.2024                             20 5.00000E-03 1.00000E-01
n-Dy164-MT102-Kim-22767005.2004                                  1 5.50000E-01 5.50000E-01
n-Dy164-MT102-Kim-22844005.2004                                  7 2.00000E-02 8.00000E-02
n-Dy164-MT102-Kononov-40621006.1981                             49 1.80000E-02 4.50000E-01
n-Dy164-MT102-Ryves-20561010.1974                                1 2.53000E-08 2.53000E-08
n-Dy164-MT102-Sher-12098002.1961                                 8 6.00000E-08 2.00000E-06
n-Dy164-MT102-Trofimov-41001028.1987                             1 1.00000E+00 1.00000E+00
n-Dy164-MT102-Vertebnyj-41280045.1970                            1 2.53000E-08 2.53000E-08
n-Dy164-MT102-Voss-22498013.1999                                18 4.00000E-03 2.12500E-01
