#              Filename                                         N    min         max     
n-Na023-rp009020-Bartle-10494005.1975                            7 6.77000E+00 8.56000E+00
n-Na023-rp009020-Bartle-10494005A001.1975                        7 6.77000E+00 8.56000E+00
n-Na023-rp009020-Williamson-11412002.1961                       39 6.30000E+00 1.90000E+01
n-Na023-rp009020-Leich-12918004.1985                             1 1.45000E+01 1.45000E+01
n-Na023-rp009020-Weigmann-12965003.1982                        597 5.73100E+00 1.10000E+01
n-Na023-rp009020-Flesch-20085004.1967                            1 1.47000E+01 1.47000E+01
n-Na023-rp009020-Sanchez-20755003.1975                           1 1.41000E+01 1.41000E+01
n-Na023-rp009020-Woelfer-20838014.1966                           7 1.26000E+01 1.87000E+01
n-Na023-rp009020-Picard-20892006.1965                           12 1.41800E+01 2.10000E+01
n-Na023-rp009020-Bass-20928005.1966                             88 6.80000E+00 8.97500E+00
n-Na023-rp009020-Bizzeti-21125002.1962                           1 1.40500E+01 1.40500E+01
n-Na023-rp009020-Bormann-21668004.1960                           1 1.41000E+01 1.41000E+01
n-Na023-rp009020-Pepelnik-21999003.1986                          1 1.47000E+01 1.47000E+01
n-Na023-rp009020-Ercan-22338027.1991                             1 1.46000E+01 1.46000E+01
n-Na023-rp009020-Fessler-22414004.2000                           5 1.61270E+01 2.04630E+01
n-Na023-rp009020-Bostan-22661003.2002                            6 1.36000E+01 1.48600E+01
n-Na023-rp009020-Janczyszyn-30322002.1973                        1 1.40000E+01 1.40000E+01
n-Na023-rp009020-Ngoc-30562010.1980                              1 1.46000E+01 1.46000E+01
n-Na023-rp009020-Mukherjee-31161015.1961                         1 1.48000E+01 1.48000E+01
n-Na023-rp009020-Kaul-33074003.1962                              1 1.40000E+01 1.40000E+01
