#              Filename                                         N    min         max
g-Th232-MT018-Bergere-L0082003.1972                             26 9.20000E+00 1.63000E+01
g-Th232-MT018-Bianchi-M0756002.1993                             29 2.65000E+02 1.17000E+03
g-Th232-MT018-Bowman-M0534002.1978                               6 3.25000E+00 5.75000E+00
g-Th232-MT018-Caldwell-L0050004.1980                            63 5.27000E+00 1.82600E+01
g-Th232-MT018-Cetina-M0638003.2002                              43 1.93000E+02 3.77900E+03
g-Th232-MT018-Cetina-M0638009.2002                              43 1.93000E+02 3.77900E+03
g-Th232-MT018-Dickey-L0081004.1975                              45 5.12000E+00 7.94000E+00
g-Th232-MT018-Findlay-M0243002.1986                             30 5.32100E+00 7.11400E+00
g-Th232-MT018-Haxby-L0270004.1941                                1 6.30000E+00 6.30000E+00
g-Th232-MT018-Huizenga-M0505002.1962                             2 6.14000E+00 7.00000E+00
g-Th232-MT018-Kapitza-M0186007.1969                             14 5.33000E+00 7.42000E+00
g-Th232-MT018-Katz-L0085013.1958                                16 6.18000E+00 1.91000E+01
g-Th232-MT018-Khan-M0504004.1972                                32 5.18000E+00 8.38000E+00
g-Th232-MT018-Kmowles-M0765002.1982                            180 4.96000E+00 6.76000E+00
g-Th232-MT018-Lepretre-M0491002.1987                            47 1.42000E+01 1.02000E+02
g-Th232-MT018-Mafra-M0433003.1972                               12 5.43000E+00 9.00000E+00
g-Th232-MT018-Martins-M0388011.1991                              1 6.90000E+01 6.90000E+01
g-Th232-MT018-Methasiri-M0604002.1970                            7 2.50000E+02 8.50000E+02
g-Th232-MT018-Minarik-M1007003.1957                             10 2.37600E+01 2.32930E+02
g-Th232-MT018-Ostapenko-M0004003.1978                           23 4.75000E+00 6.95000E+00
g-Th232-MT018-Ostapenko-M0075004.1981                           24 4.08000E+00 6.51000E+00
g-Th232-MT018-Rabotnov-M0190019.1970                            32 5.17000E+00 7.64000E+00
g-Th232-MT018-Rajprakash-G0503011.2011                           7 7.30000E+00 9.10000E+00
g-Th232-MT018-Sanabria-M0750002.2000                            28 6.50000E+01 2.61000E+02
g-Th232-MT018-Silano-L0239002.2018                              15 4.70000E+00 5.80000E+00
g-Th232-MT018-Smirenkin-M0516003.1996                           88 4.77500E+00 8.87500E+00
g-Th232-MT018-Soldatov-M0544005.1997                            88 4.77500E+00 8.87500E+00
g-Th232-MT018-Soldatov-M0761003.1995                            59 5.02000E+00 1.09200E+01
g-Th232-MT018-Tavares-M0387002.1991                              1 5.20000E+01 5.20000E+01
g-Th232-MT018-Varhue-L0251005.1987                               5 5.00000E+00 9.00000E+00
g-Th232-MT018-Veyssiere-L0031005.1973                           27 9.28000E+00 1.63300E+01
g-Th232-MT018-Yester-M0432003.1973                              31 5.00000E+00 8.00000E+00
g-Th232-MT018-Zduchko-M0078012.1978                             23 4.75000E+00 6.95000E+00
g-Th232-MT018-Zhang-M0449002.1986                               21 5.80000E+00 1.19000E+01
g-Th232-MT018-Zhuchko-M0086003.1977                             20 4.60000E+00 7.00000E+00
