#              Filename                                         N    min         max
n-Zr094-MT103-Anders-21976029.1985                               1 1.47000E+01 1.47000E+01
n-Zr094-MT103-Begun-32220003.2007                                3 1.35600E+01 1.45300E+01
n-Zr094-MT103-Bramlitt-11590042.1963                             1 1.47000E+01 1.47000E+01
n-Zr094-MT103-Fujino-20850005.1977                               1 1.46000E+01 1.46000E+01
n-Zr094-MT103-Goncalves-30740007.1987                            1 1.48000E+01 1.48000E+01
n-Zr094-MT103-Grallert-31496040.1993                             1 1.46000E+01 1.46000E+01
n-Zr094-MT103-Ibnmajah-22664008.2001                             4 9.20000E+00 1.23700E+01
n-Zr094-MT103-Ikeda-22089060.1988                                6 1.33600E+01 1.49400E+01
n-Zr094-MT103-Katoh-22156012.1989                                6 1.34000E+01 1.48700E+01
n-Zr094-MT103-Levkovskii-40016015.1964                           1 1.40000E+01 1.40000E+01
n-Zr094-MT103-Levkovskii-40226021.1970                           1 1.48000E+01 1.48000E+01
n-Zr094-MT103-Marcinkowski-30940005.1990                         8 1.34000E+01 1.66000E+01
n-Zr094-MT103-Molla-30985009.1991                                4 1.36400E+01 1.48300E+01
n-Zr094-MT103-Mukherjee-31330006.1963                            1 1.45000E+01 1.45000E+01
n-Zr094-MT103-Osman-31464024.1996                                1 1.47000E+01 1.47000E+01
n-Zr094-MT103-Paul-11274066.1953                                 1 1.45000E+01 1.45000E+01
n-Zr094-MT103-Prasad-30336027.1971                               1 1.48000E+01 1.48000E+01
n-Zr094-MT103-Qaim-20513018.1974                                 1 1.47000E+01 1.47000E+01
n-Zr094-MT103-Raics-30988007.1991                                2 1.15600E+01 1.22500E+01
n-Zr094-MT103-Reed-11896013.1960                                 1 1.41000E+01 1.41000E+01
n-Zr094-MT103-Sailer-30438012.1977                               1 1.48100E+01 1.48100E+01
n-Zr094-MT103-Semkova-22822012.2010                              7 1.48100E+01 2.06000E+01
n-Zr094-MT103-Srinivasarao-30574010.1978                         1 1.42000E+01 1.42000E+01
n-Zr094-MT103-Strohal-30008025.1962                              1 1.46000E+01 1.46000E+01
n-Zr094-MT103-Tikku-30394010.1972                                1 1.47000E+01 1.47000E+01
