#              Filename                                         N    min         max
n-Pb208-MT001-Alexandrov-41382008.1997                          63 1.02100E-06 2.10700E-02
n-Pb208-MT001-Carlton-13735002.1991                          13040 1.81340E-02 1.76650E+01
n-Pb208-MT001-Day-12191010.1965                                  4 5.00000E-01 4.10000E+00
n-Pb208-MT001-Dukarevich-40813037.1967                           1 1.42000E+01 1.42000E+01
n-Pb208-MT001-Enik-41348002.1995                                13 1.76000E-06 2.40000E-02
n-Pb208-MT001-Farrell-12684004.1965                           1291 4.00000E-02 1.01500E+00
n-Pb208-MT001-Finlay-13569018.1993                             474 5.29253E+00 5.99640E+02
n-Pb208-MT001-Fosterjr-10047092.1971                           231 2.49100E+00 1.49110E+01
n-Pb208-MT001-Fosterjr-10047092A001.1971                       231 2.49100E+00 1.49110E+01
n-Pb208-MT001-Fowler-12215003.1962                             536 7.17000E-01 1.89200E+00
n-Pb208-MT001-Gibbons-12218002.1967                            120 2.35000E-02 8.78000E-02
n-Pb208-MT001-Gritzay-23123002.2000                              1 2.40000E-02 2.40000E-02
n-Pb208-MT001-Harvey-13732002.1999                            3707 3.05120E-03 6.95470E+01
n-Pb208-MT001-Koester-22716002.1995                              5 1.26000E-06 1.97000E-03
n-Pb208-MT001-Laptev-41517005.2004                              63 1.02100E-06 2.10700E-02
n-Pb208-MT001-Mitsyna-41520002.2008                             14 4.14000E-06 9.10400E-03
n-Pb208-MT001-Morozov-400750081.1972                             1 1.80000E+00 1.80000E+00
n-Pb208-MT001-Morozov-413070031.1975                             1 4.00000E+00 4.00000E+00
n-Pb208-MT001-Morozov-413070032.1975                             1 4.00000E+00 4.00000E+00
n-Pb208-MT001-Morozov-41754002.1980                            146 1.54130E+00 1.95790E+00
n-Pb208-MT001-Shamu-10944002.1980                               69 4.75700E+00 1.42200E+02
n-Pb208-MT001-Shamu-10944002A001.1980                           69 4.75700E+00 1.42200E+02
n-Pb208-MT001-Voss-22498027.1999                                 7 1.25000E-02 9.00000E-02
n-Pb208-MT001-Wisshak-22388027.1998                              9 1.25000E-02 1.75000E-01
