#              Filename                                         N    min         max
n-U236-MT102-Adamchuk-40987002.1988                             22 1.50000E-04 4.50000E-02
n-U236-MT102-Adamchuk-40987005.1988                             10 3.40000E-05 3.40000E-02
n-U236-MT102-Auglair-21397003.1955                               1 2.53000E-08 2.53000E-08
n-U236-MT102-Baramsai-14481002.2017                           3049 1.00077E-05 7.10726E-01
n-U236-MT102-Barry-22539002.1961                                 9 3.60000E-01 1.22000E+00
n-U236-MT102-Bergman-40625002.1982                              25 1.25000E-04 4.50000E-02
n-U236-MT102-Buleeva-40969002.1988                              13 1.64000E-01 1.13400E+00
n-U236-MT102-Buleeva-40969003.1988                              16 1.54000E-01 1.13400E+00
n-U236-MT102-Buleeva-40969004.1988                               5 6.26000E-01 7.79000E-01
n-U236-MT102-Carlson-10695002.1970                              40 1.07000E-08 8.91000E-07
n-U236-MT102-Carlson-10695002A001.1970                          40 1.07000E-08 8.91000E-07
n-U236-MT102-Carlson-10695003.1970                              18 5.50000E-04 2.00000E-02
n-U236-MT102-Carlson-10695003A001.1970                          18 5.50000E-04 2.00000E-02
n-U236-MT102-Carlson-10695009.1970                               1 2.53000E-08 2.53000E-08
n-U236-MT102-Carlson-10695009A001.1970                           1 2.53000E-08 2.53000E-08
n-U236-MT102-Davletshin-40988002.1987                            1 2.53000E-08 2.53000E-08
n-U236-MT102-Efimov-40370002.1956                                1 2.53000E-08 2.53000E-08
n-U236-MT102-Gamgam-02092236.2024                                2 5.00000E-03 1.00000E-02
n-U236-MT102-Gudkov-40886002.1986                                2 9.60000E-01 3.30000E+00
n-U236-MT102-Hennelly-14565005.1968                              1 2.53000E-08 2.53000E-08
n-U236-MT102-Jurova-40579006.1984                                1 2.53000E-08 2.53000E-08
n-U236-MT102-Kazakov-40890002.1985                              57 3.50000E-03 4.10000E-01
n-U236-MT102-Muradyan-41354002.1999                             10 1.50000E-04 1.50000E-03
n-U236-MT102-Muradyan-41354003.1999                              8 7.32500E-06 1.57500E-03
n-U236-MT102-Stupegia-12450002.1961                              7 3.00000E-01 1.44600E+00
n-U236-MT102-Trofimov-40958002.1988                             11 3.00000E-01 2.20000E+00
n-U236-MT102-Trofimov-40975027.1987                              1 2.00000E+00 2.00000E+00
n-U236-MT102-Trofimov-41001042.1987                              1 1.00000E+00 1.00000E+00
