#              Filename                                         N    min         max
n-Ni058-MT001-Boschung-10037007.1971                             2 5.05000E+00 5.58000E+00
n-Ni058-MT001-Boschung-10037007A001.1971                         2 5.05000E+00 5.58000E+00
n-Ni058-MT001-Brusegan-22314006.1994                         33293 5.00010E-01 1.99980E+01
n-Ni058-MT001-Budtzjorgensen-12752002.1982                      66 1.00000E+00 4.25000E+00
n-Ni058-MT001-Dukarevich-40813039.1967                           1 1.42000E+01 1.42000E+01
n-Ni058-MT001-Farrell-11601006.1966                           1122 9.00000E-02 6.50500E-01
n-Ni058-MT001-Fedorov-40614002.1980                             57 4.21000E-01 3.05000E+00
n-Ni058-MT001-Harvey-12897002.1982                             920 3.08740E-03 1.10170E-01
n-Ni058-MT001-Litvinskij-41088002.1990                          65 1.97420E-06 7.76130E-03
n-Ni058-MT001-Newson-11452009.1959                             177 1.50000E-03 2.72000E-01
n-Ni058-MT001-Perey-12972002.1993                             8083 1.80030E-01 8.12970E-01
n-Ni058-MT001-Perey-12972003.1993                              938 1.30270E-04 5.29630E-02
n-Ni058-MT001-Perey-12972004.1993                             2747 5.30060E-02 1.79970E-01
n-Ni058-MT001-Perey-12972008.1993                            19911 3.07480E-02 6.74810E+01
n-Ni058-MT001-Pruitt-14661007.2020                             500 2.50475E+00 5.75160E+02
n-Ni058-MT001-Rayburn-11026021.1965                              1 1.44000E-06 1.44000E-06
n-Ni058-MT001-Rayburn-11026021A001.1965                          1 1.44000E-06 1.44000E-06
n-Ni058-MT001-Smith-13523004.1992                               71 1.05000E+00 9.88100E+00
n-Ni058-MT001-Thibault-22549006.1967                             1 2.70000E+00 2.70000E+00
