#              Filename                                         N    min         max
n-Li006-MT002-Abbondanno-20494002.1970                           1 1.42000E+01 1.42000E+01
n-Li006-MT002-Alfimenkov-40659002.1982                          24 6.90000E-04 8.00000E-02
n-Li006-MT002-Armstrong-11024005.1964                            1 1.41000E+01 1.41000E+01
n-Li006-MT002-Armstrong-11024005A001.1964                        1 1.41000E+01 1.41000E+01
n-Li006-MT002-Asami-20615002.1970                                1 2.54000E-02 2.54000E-02
n-Li006-MT002-Batchelor-21147022.1963                            6 3.35000E+00 7.54000E+00
n-Li006-MT002-Chiba-219860321.1985                               2 4.20000E+00 5.40000E+00
n-Li006-MT002-Chiba-219860322.1985                               1 1.42000E+01 1.42000E+01
n-Li006-MT002-Cookson-21162007.1967                              1 1.00000E+01 1.00000E+01
n-Li006-MT002-Demanins-20492002.1973                             8 1.98000E+00 4.64000E+00
n-Li006-MT002-Drosg-12928003.1988                                1 1.41000E+01 1.41000E+01
n-Li006-MT002-GuochangChenn-32711002.2009                        2 8.17000E+00 1.02700E+01
n-Li006-MT002-Hogue-10707004.1979                                7 7.47000E+00 1.39400E+01
n-Li006-MT002-Hogue-10707004A001.1979                            7 7.47000E+00 1.39400E+01
n-Li006-MT002-Hopkins-11153006.1968                              3 4.83000E+00 7.50000E+00
n-Li006-MT002-Hopkins-11153006A001.1968                          3 4.83000E+00 7.50000E+00
n-Li006-MT002-Ibaraki-22359016.1998                              1 1.80000E+01 1.80000E+01
n-Li006-MT002-Knitter-20376002.1967                             14 1.00000E+00 2.30000E+00
n-Li006-MT002-Knitter-20749002.1977                             40 2.20000E-01 3.00000E+00
n-Li006-MT002-Knox-10710006.1979                                14 4.08000E+00 7.50000E+00
n-Li006-MT002-Knox-10710006A001.1979                            14 4.08000E+00 7.50000E+00
n-Li006-MT002-Lisowski-10854004.1980                             2 5.96000E+00 9.83000E+00
n-Li006-MT002-Lisowski-10854004A001.1980                         2 5.96000E+00 9.83000E+00
n-Li006-MT002-Merchez-21177003.1966                              1 1.41000E+01 1.41000E+01
n-Li006-MT002-Schmidt-32001002.1987                              2 7.75000E+00 8.90000E+00
n-Li006-MT002-Smith-10904007.1982                               26 1.50000E+00 4.00000E+00
n-Li006-MT002-Smith-10904007A001.1982                           26 1.50000E+00 4.00000E+00
n-Li006-MT002-Takahashi-22773005.1992                            1 1.41000E+01 1.41000E+01
n-Li006-MT002-Willard-11092003.1956                              1 2.55000E-01 2.55000E-01
n-Li006-MT002-Willard-11092003A001.1956                          1 2.55000E-01 2.55000E-01
n-Li006-MT002-Wong-11022003.1962                                 1 1.40000E+01 1.40000E+01
n-Li006-MT002-Wong-11022003A001.1962                             1 1.40000E+01 1.40000E+01
n-Li006-MT002-ZhangKunn-32512002.1995                            1 1.47000E+01 1.47000E+01
