#              Filename                                         N    min         max     
n-In115-rp049116m-Rimawi-10434004.1975                           1 2.43000E-02 2.43000E-02
n-In115-rp049116m-Hummel-11010012.1951                           1 2.40000E-02 2.40000E-02
n-In115-rp049116m-Rimawi-10434004A001.1975                       1 2.43000E-02 2.43000E-02
n-In115-rp049116m-Hummel-11010012A001.1951                       1 2.40000E-02 2.40000E-02
n-In115-rp049116m-Macklin-11399030.1957                          1 2.40000E-02 2.40000E-02
n-In115-rp049116m-Lyon-11407020.1959                             1 1.95000E-01 1.95000E-01
n-In115-rp049116m-Menlove-11420004.1967                         17 9.70000E-01 1.93900E+01
n-In115-rp049116m-Booth-11429018.1958                            1 2.40000E-02 2.40000E-02
n-In115-rp049116m-Johnsrud-11675014.1959                        28 1.50000E-01 6.25000E+00
n-In115-rp049116m-Blair-11796003.1944                            5 1.70000E-01 1.32000E+00
n-In115-rp049116m-Weston-11818009.1960                           8 5.00000E-03 2.50000E-01
n-In115-rp049116m-Cox-11835008.1964                             13 1.50000E-01 1.37400E+00
n-In115-rp049116m-Broadhead-11850006.1967                        1 2.80000E+00 2.80000E+00
n-In115-rp049116m-Linenberger-11945006.1946                      8 3.00000E-03 5.90000E+00
n-In115-rp049116m-Schuman-14080027.1970                          1 2.00000E-03 2.00000E-03
n-In115-rp049116m-Hornbostel-146720031.1940                      1 1.45700E-06 1.45700E-06
n-In115-rp049116m-Wagner-20718008.1980                           1 1.46000E+01 1.46000E+01
n-In115-rp049116m-Ryves-20789025.1970                            1 2.53000E-08 2.53000E-08
n-In115-rp049116m-Pauw-208680041.1970                            2 2.20000E-02 2.20000E-02
n-In115-rp049116m-Pauw-208680042.1970                            2 2.10000E-02 2.10000E-02
n-In115-rp049116m-Poenitz-20906010.1966                          3 7.80000E-03 6.40000E-02
n-In115-rp049116m-Ryves-20942002.1973                            7 1.53000E-01 6.23000E-01
n-In115-rp049116m-Celenk-22234005.1991                           1 2.53000E-08 2.53000E-08
n-In115-rp049116m-Farinaarbocco-23260099.2014                    1 2.53000E-08 2.53000E-08
n-In115-rp049116m-Farinaarbocco-23260100.2014                    7 2.53000E-08 2.53000E-08
n-In115-rp049116m-Anand-30390010.1979                            1 2.50000E-02 2.50000E-02
n-In115-rp049116m-Thirumalarao-30501004.1972                     1 2.50000E-02 2.50000E-02
n-In115-rp049116m-ChiFongAiii-30628004.1979                     14 9.90000E-01 4.23000E+00
n-In115-rp049116m-Sahota-30678005.1986                           5 1.07000E+00 2.85000E+00
n-In115-rp049116m-MaHongchangg-30759002.1986                     2 1.44000E-01 5.65000E-01
n-In115-rp049116m-Daroczy-30815002.1985                          3 5.75000E+00 7.11000E+00
n-In115-rp049116m-Gautam-309420031.1990                          3 4.60000E-01 7.60000E-01
n-In115-rp049116m-Gautam-309420032.1990                          8 7.60000E-01 3.43000E+00
n-In115-rp049116m-Sriramachandramurty-31712012.1973              1 2.40000E-02 2.40000E-02
n-In115-rp049116m-Bhike-33038005.2012                            1 3.20000E+00 3.20000E+00
n-In115-rp049116m-Lawriniang-33092002.2015                      10 1.12000E+00 4.12000E+00
n-In115-rp049116m-Leipunskiy-40244078.1958                       1 2.00000E-01 2.00000E-01
n-In115-rp049116m-Leipunskiy-40244099.1958                       2 2.70000E+00 4.00000E+00
n-In115-rp049116m-Kononov-40421019.1958                          1 2.40000E-02 2.40000E-02
n-In115-rp049116m-Demekhin-40944002.1986                         1 2.70000E+00 2.70000E+00
