#              Filename                                         N    min         max
n-As075-MT107-Bayhurst-11462005.1961                            11 7.00000E+00 1.97600E+01
n-As075-MT107-Birn-22291003.1994                                 9 6.34000E+00 1.46800E+01
n-As075-MT107-Bormann-20898012.1966                             10 1.25400E+01 1.95800E+01
n-As075-MT107-Bramlitt-11590030.1963                             1 1.47000E+01 1.47000E+01
n-As075-MT107-Casanova-20748023.1976                             1 1.41000E+01 1.41000E+01
n-As075-MT107-FeiTuoo-31610004.2007                              3 1.35000E+01 1.48000E+01
n-As075-MT107-Garuska-30479008.1978                              1 1.46000E+01 1.46000E+01
n-As075-MT107-Konno-22637021.1993                                8 1.33400E+01 1.49300E+01
n-As075-MT107-Koul-33073004.1962                                 1 1.40000E+01 1.40000E+01
n-As075-MT107-Koul-33073005.1962                                 1 1.40000E+01 1.40000E+01
n-As075-MT107-Paul-11274050.1953                                 1 1.45000E+01 1.45000E+01
n-As075-MT107-Qaim-20554008.1971                                 1 1.47000E+01 1.47000E+01
n-As075-MT107-Ramaprasad-30088003.1969                           1 1.42000E+01 1.42000E+01
n-As075-MT107-Ramarao-30938003.1986                              1 1.40000E+01 1.40000E+01
n-As075-MT107-Sigg-10776012.1976                                 1 1.46000E+01 1.46000E+01
n-As075-MT107-Sigg-10776012A001.1976                             1 1.46000E+01 1.46000E+01
n-As075-MT107-Venugopalarao-10157017.1971                        1 1.44000E+01 1.44000E+01
n-As075-MT107-Venugopalarao-10157017A001.1971                    1 1.44000E+01 1.44000E+01
n-As075-MT107-Vinitskaya-400090211.1968                          1 1.48000E+01 1.48000E+01
n-As075-MT107-Zupranska-30581006.1980                           10 1.30000E+01 1.78000E+01
