#              Filename                                         N    min         max     
n-Ti048-rp021048-Ghorai-10180004.1971                            1 6.10000E+00 6.10000E+00
n-Ti048-rp021048-Lukic-10205005.1971                             1 6.53000E+00 6.53000E+00
n-Ti048-rp021048-Lukic-10205006.1971                             2 6.53000E+00 7.04000E+00
n-Ti048-rp021048-Lukic-10205007.1971                             2 6.24000E+00 7.04000E+00
n-Ti048-rp021048-Smith-102380291.1975                           10 4.72400E+00 5.93800E+00
n-Ti048-rp021048-Smith-102380301.1975                            9 5.96400E+00 9.95200E+00
n-Ti048-rp021048-Ghorai-10180004A001.1971                        1 6.10000E+00 6.10000E+00
n-Ti048-rp021048-Lukic-10205005A001.1971                         1 6.53000E+00 6.53000E+00
n-Ti048-rp021048-Lukic-10205006A001.1971                         2 6.53000E+00 7.04000E+00
n-Ti048-rp021048-Lukic-10205007A001.1971                         2 6.24000E+00 7.04000E+00
n-Ti048-rp021048-Smith-102380291A001.1975                       10 4.72400E+00 5.93800E+00
n-Ti048-rp021048-Smith-102380301A001.1975                        9 5.96400E+00 9.95200E+00
n-Ti048-rp021048-Paul-11274026.1953                              1 1.45000E+01 1.45000E+01
n-Ti048-rp021048-Poularikas-11484007.1959                        1 1.48000E+01 1.48000E+01
n-Ti048-rp021048-Gabbard-11494006.1962                          12 1.27000E+01 1.70000E+01
n-Ti048-rp021048-Hillman-11610004.1962                           1 1.45000E+01 1.45000E+01
n-Ti048-rp021048-Pai-11630006.1966                               5 1.36000E+01 1.95000E+01
n-Ti048-rp021048-Cross-11631006.1963                             1 1.45000E+01 1.45000E+01
n-Ti048-rp021048-Spangler-12956008.1975                          1 1.41000E+01 1.41000E+01
n-Ti048-rp021048-Meadows-12969007.1987                           1 1.47400E+01 1.47400E+01
n-Ti048-rp021048-Greenwood-12977007.1987                         5 1.45000E+01 1.49000E+01
n-Ti048-rp021048-Hecker-13133003.1989                            5 1.43000E+01 1.82000E+01
n-Ti048-rp021048-Mannhart-20611004.1975                          1 1.39500E+01 1.39500E+01
n-Ti048-rp021048-Molla-20721006.1977                             1 1.47000E+01 1.47000E+01
n-Ti048-rp021048-Vonach-20815008.1968                            1 1.47000E+01 1.47000E+01
n-Ti048-rp021048-Bormann-20887011.1965                           9 1.25000E+01 1.96000E+01
n-Ti048-rp021048-Crumpton-20931005.1969                          1 1.47000E+01 1.47000E+01
n-Ti048-rp021048-Swinhoe-20986005.1979                           4 5.80000E+00 1.18000E+01
n-Ti048-rp021048-Swinhoe-20986008.1979                           1 1.41000E+01 1.41000E+01
n-Ti048-rp021048-Swinhoe-20986011.1979                           1 1.40000E+01 1.40000E+01
n-Ti048-rp021048-Kayashima-21300003.1979                         1 1.46000E+01 1.46000E+01
n-Ti048-rp021048-Firkin-21941005.1983                            6 5.47000E+00 1.41000E+01
n-Ti048-rp021048-Ikeda-22089029.1988                             5 1.33300E+01 1.49300E+01
n-Ti048-rp021048-Kimura-22093007.1990                            1 1.40500E+01 1.40500E+01
n-Ti048-rp021048-Ikeda-22209004.1991                             2 1.10000E+01 1.20000E+01
n-Ti048-rp021048-Ikeda-22209011.1991                             3 9.50000E+00 1.20000E+01
n-Ti048-rp021048-Qaim-22444005.1991                              7 5.37000E+00 1.04700E+01
n-Ti048-rp021048-Mannhart-22976010.2007                         22 7.40400E+00 1.49210E+01
n-Ti048-rp021048-Uno-23279022.1996                               6 1.75500E+01 3.00900E+01
n-Ti048-rp021048-Prasad-30336011.1971                            1 1.48000E+01 1.48000E+01
n-Ti048-rp021048-Tikku-30394003.1972                             1 1.47000E+01 1.47000E+01
n-Ti048-rp021048-LUHANLINNN-30523005.1989                       14 5.00000E+00 1.79700E+01
n-Ti048-rp021048-Ribansky-30660006.1983                          1 1.48000E+01 1.48000E+01
n-Ti048-rp021048-Gupta-30707008.1985                             1 1.48000E+01 1.48000E+01
n-Ti048-rp021048-FanPeiguoo-30733016.1985                        1 8.50000E+00 8.50000E+00
n-Ti048-rp021048-HoangDacLuccc-30810010.1986                     1 1.48000E+01 1.48000E+01
n-Ti048-rp021048-Molla-30825006.1986                             1 1.48000E+01 1.48000E+01
n-Ti048-rp021048-Viennot-30978020.1991                           7 1.37700E+01 1.48300E+01
n-Ti048-rp021048-Bovisiodericabarra-31419004.1993                1 7.50000E+00 7.50000E+00
n-Ti048-rp021048-Osman-31464008.1996                             1 1.47000E+01 1.47000E+01
n-Ti048-rp021048-Grallert-31496032.1993                          1 1.46000E+01 1.46000E+01
n-Ti048-rp021048-Attallah-31851006.2022                          1 1.00000E+00 1.00000E+00
n-Ti048-rp021048-YuanJunqiann-32592004.1992                      6 1.35000E+01 1.48100E+01
n-Ti048-rp021048-Levkovskii-40226004.1970                        1 1.48000E+01 1.48000E+01
