#              Filename                                         N    min         max
p-Li007-MT004-Aleksandrov-A0485002.1990                         19 1.35000E+01 1.03000E+02
p-Li007-MT004-Generalov-F1322002.2017                           32 1.94700E+00 1.01600E+01
p-Li007-MT004-Generalov-F1322003.2017                           10 3.50000E+00 1.12000E+01
p-Li007-MT004-Gibbons-T00100101.1959                            47 1.88200E+00 2.45000E+00
p-Li007-MT004-Gibbons-T00100102.1959                            15 2.38700E+00 5.41800E+00
p-Li007-MT004-Goulding-C2624003.1979                             1 1.19800E+02 1.19800E+02
p-Li007-MT004-Hisatake-E2216011.1960                             6 8.10000E+00 1.41000E+01
p-Li007-MT004-Hisatake-E2216012.1960                            40 2.89290E+00 1.50120E+01
p-Li007-MT004-Kalinin-A0923002.1957                             42 1.84000E+00 1.15330E+01
p-Li007-MT004-Majerle-D0910003.2016                             11 1.87000E+01 3.68000E+01
p-Li007-MT004-Majerle-D0910005.2016                             12 1.86000E+01 3.67000E+01
p-Li007-MT004-Matej-D1028003.2022                                2 1.20000E+01 1.40000E+01
p-Li007-MT004-Newson-A1466002.1957                              45 1.87840E+00 2.56080E+00
p-Li007-MT004-Newson-A1466005.1957                              46 1.87960E+00 1.90200E+00
p-Li007-MT004-Schery-B0127002.1977                              11 2.47000E+01 4.47000E+01
p-Li007-MT004-Sekharan-D0036002.1976                           129 1.88040E+00 4.20370E+00
p-Li007-MT004-Sekharan-D0036003.1976                           125 1.88130E+00 2.06730E+00
p-Li007-MT004-Simeckova-D0995002.2021                           14 1.27600E+01 3.39600E+01
p-Li007-MT004-Taschek-F0023002.1948                             11 1.88170E+00 2.53860E+00
p-Li007-MT004-Taschek-F0023003.1948                             13 1.94990E+00 2.54980E+00
p-Li007-MT004-Taschek-F0023005.1948                              6 1.99990E+00 2.39930E+00
p-Li007-MT004-Valentin-C0062002.1965                             1 1.55000E+02 1.55000E+02
p-Li007-MT004-Ward-A0172002.1982                                12 6.01000E+01 1.99100E+02
