#              Filename                                         N    min         max     
n-Bi209-rp083208-Veeser-10445011.1977                           10 1.47000E+01 2.40000E+01
n-Bi209-rp083208-Ashby-11097028.1958                             1 1.41000E+01 1.41000E+01
n-Bi209-rp083208-Rosen-11223010.1957                             1 1.40000E+01 1.40000E+01
n-Bi209-rp083208-Veeser-10445011A001.1977                       10 1.47000E+01 2.40000E+01
n-Bi209-rp083208-Ashby-11097028A001.1958                         1 1.41000E+01 1.41000E+01
n-Bi209-rp083208-Rosen-11223010A001.1957                         1 1.40000E+01 1.40000E+01
n-Bi209-rp083208-Armijo-12764002.1982                            1 1.49000E+01 1.49000E+01
n-Bi209-rp083208-Armijo-12764003.1982                            1 1.49000E+01 1.49000E+01
n-Bi209-rp083208-Frehaut-20416092.2016                          15 7.93000E+00 1.47600E+01
n-Bi209-rp083208-Schroeder-21156009.1978                         1 1.41000E+01 1.41000E+01
n-Bi209-rp083208-Feicht-21500002.1967                            1 1.41000E+01 1.41000E+01
n-Bi209-rp083208-Takahashi-22106013.1992                         1 1.41000E+01 1.41000E+01
n-Bi209-rp083208-Takahashi-22106020.1992                         1 1.41000E+01 1.41000E+01
n-Bi209-rp083208-Takahashi-22106037.1992                         1 1.41000E+01 1.41000E+01
n-Bi209-rp083208-Takahashi-22106038.1992                         1 1.41000E+01 1.41000E+01
n-Bi209-rp083208-Ikeda-22658018.1996                             1 1.48000E+01 1.48000E+01
n-Bi209-rp083208-Deak-30333003.1975                              1 1.47000E+01 1.47000E+01
n-Bi209-rp083208-ShenGuanrenn-32580010.1992                      1 1.42000E+01 1.42000E+01
n-Bi209-rp083208-WangYongchangg-32596003.1993                    1 1.46000E+01 1.46000E+01
n-Bi209-rp083208-Flerov-40425005.1960                            1 1.40000E+01 1.40000E+01
n-Bi209-rp083208-Filatenkov-41614237.2016                        1 1.47400E+01 1.47400E+01
