#              Filename                                         N    min         max
n-Si028-MT601-Anderssonlindstroem-20935003.1964                164 5.86400E+00 9.12200E+00
n-Si028-MT601-Bateman-13614004.1997                            260 5.51300E+00 1.29740E+01
n-Si028-MT601-Bateman-13614005.1997                            176 7.00300E+00 1.29740E+01
n-Si028-MT601-Colli-20979004.1961                                1 1.41000E+01 1.41000E+01
n-Si028-MT601-Debertin-21100003.1967                             3 7.70000E+00 9.10000E+00
n-Si028-MT601-Grimes-10012004.1969                             232 6.64000E+00 1.34400E+01
n-Si028-MT601-Grimes-10012004A001.1969                         232 6.64000E+00 1.34400E+01
n-Si028-MT601-Grimes-10012005.1969                             233 6.64000E+00 1.34400E+01
n-Si028-MT601-Grimes-10012005A001.1969                         233 6.64000E+00 1.34400E+01
n-Si028-MT601-Mainsbridge-11552002.1963                         28 7.71000E+00 8.42000E+00
n-Si028-MT601-Mainsbridge-11552003.1963                         84 6.36000E+00 8.42000E+00
n-Si028-MT601-Mainsbridge-11552004.1963                        120 5.06000E+00 8.42000E+00
n-Si028-MT601-Mainsbridge-11552005.1963                         50 7.16000E+00 8.42000E+00
n-Si028-MT601-Mingay-30702007.1971                             141 1.28010E+01 1.62420E+01
n-Si028-MT601-Mingay-30702008.1971                             141 1.28010E+01 1.62420E+01
n-Si028-MT601-Potenza-20925002.1963                             17 4.75000E+00 5.44000E+00
n-Si028-MT601-Robertson-20822004.1972                            1 5.31000E+00 5.31000E+00
n-Si028-MT601-Shannon-11593002.1966                              8 9.50000E+00 1.02000E+01
n-Si028-MT601-VON-20932003.1965                                 43 1.34800E+01 1.43700E+01
n-Si028-MT601-VON-20932004.1965                                 41 1.34800E+01 1.43700E+01
