#              Filename                                         N    min         max
p-Li007-MT107-CHULCHULEEEE-A1533002.1969                         8 5.03000E-02 1.20300E-01
p-Li007-MT107-Cassagnou-A1475005.1962                           39 1.43400E+00 4.83500E+00
p-Li007-MT107-Ciric-F0033005.1976                               10 1.23800E-01 5.95700E-01
p-Li007-MT107-Cruz-D0550002.2009                               121 8.97000E-02 1.74030E+00
p-Li007-MT107-Cruz-O1282002.2005                                 9 2.47000E-02 8.34000E-02
p-Li007-MT107-Cruz-O1282003.2005                                 7 2.90000E-02 7.47000E-02
p-Li007-MT107-Cruz-O1282004.2005                                 7 3.20000E-02 8.33000E-02
p-Li007-MT107-Cruz-O1282008.2005                                 2 8.33000E-02 8.33000E-02
p-Li007-MT107-Cruz-O1590002.2008                                94 8.97100E-02 1.74031E+00
p-Li007-MT107-Engstler-A0632028.1992                            22 1.45243E-02 9.71300E-02
p-Li007-MT107-Engstler-F0069003.1989                            14 1.44889E-02 4.68495E-02
p-Li007-MT107-Fang-E2357005.2011                                20 1.96700E-02 6.12100E-02
p-Li007-MT107-Fiedler-A1393003.1967                              7 2.30000E-02 5.00000E-02
p-Li007-MT107-Lattuada-O2211002.2001                            13 1.00600E-02 3.71000E-01
p-Li007-MT107-Mani-A1465002.1964                                42 3.01160E+00 1.18640E+01
p-Li007-MT107-Rolfs-C0417002.1986                               42 2.81337E-02 9.98404E-01
p-Li007-MT107-Schroeder-A1291005.1989                           23 1.16000E-02 7.49000E-02
p-Li007-MT107-Spraker-C0619005.2000                             13 4.00000E-02 1.00000E-01
p-Li007-MT107-Taskaev-F1465003.2022                             10 6.01000E-01 2.00800E+00
