#              Filename                                         N    min         max
n-Th232-MT102-Aerts-22931002.2006                               48 4.23800E-03 9.42829E-01
n-Th232-MT102-Anand-30781002.1989                               10 4.25000E-01 9.50000E-01
n-Th232-MT102-Baek-41489003.2000                                 3 3.40000E-05 1.57500E-04
n-Th232-MT102-Baldwin-12748002.1984                              1 2.30000E-02 2.30000E-02
n-Th232-MT102-Belanova-40072018.1965                             1 2.40000E-02 2.40000E-02
n-Th232-MT102-Belanova-400720361.1965                            1 2.40000E-02 2.40000E-02
n-Th232-MT102-Belanova-400720362.1965                            1 2.40000E-02 2.40000E-02
n-Th232-MT102-Belanova-40374020.1958                             3 2.50000E-02 8.30000E-01
n-Th232-MT102-Bhike-33038002.2012                                4 1.60000E+00 3.70000E+00
n-Th232-MT102-Borella-22875002.2006                             13 5.00000E-03 1.30000E-01
n-Th232-MT102-Chaubey-30063012.1965                              1 2.40000E-02 2.40000E-02
n-Th232-MT102-Chelnokov-40105007.1972                           26 2.00000E-04 3.46000E-02
n-Th232-MT102-Chrien-10793003.1979                               2 2.00000E-03 2.40000E-02
n-Th232-MT102-Chrien-10793003A001.1979                           2 2.00000E-03 2.40000E-02
n-Th232-MT102-Chrien-10793008.1979                              45 3.46000E-08 1.48100E-05
n-Th232-MT102-Chrien-10793008A001.1979                          45 3.46000E-08 1.48100E-05
n-Th232-MT102-Crasta-33042002.2012                               2 8.04000E+00 1.19000E+01
n-Th232-MT102-Crocker-21181005.1955                              1 2.53000E-08 2.53000E-08
n-Th232-MT102-Davletshin-40988003.1987                           1 2.53000E-08 2.53000E-08
n-Th232-MT102-Davletshin-411210021.1992                          5 8.13300E-01 2.43500E+00
n-Th232-MT102-Davletshin-411210022.1992                          5 8.13300E-01 2.43500E+00
n-Th232-MT102-Davletshin-411830031.1993                          5 3.70000E-01 1.00000E+00
n-Th232-MT102-Davletshin-411830032.1993                          5 3.70000E-01 1.00000E+00
n-Th232-MT102-Decorte-23488094.1988                              1 2.53000E-08 2.53000E-08
n-Th232-MT102-Egelstaff-22555002.1955                            1 2.53000E-08 2.53000E-08
n-Th232-MT102-Farinaarbocco-23260143.2014                        1 2.53000E-08 2.53000E-08
n-Th232-MT102-Farinaarbocco-23260144.2014                        6 2.53000E-08 2.53000E-08
n-Th232-MT102-Forman-10250004.1971                              28 2.50000E-03 2.95000E-02
n-Th232-MT102-Forman-10250004A001.1971                          28 2.50000E-03 2.95000E-02
n-Th232-MT102-Gamgam-02090232.2024                               2 5.00000E-03 1.00000E-02
n-Th232-MT102-Grigoriev-41405005.2000                            8 3.40000E-05 7.32500E-03
n-Th232-MT102-Hanna-21067002.1959                               24 1.00000E-01 1.23000E+00
n-Th232-MT102-Hubert-22543002.1957                               1 2.53000E-08 2.53000E-08
n-Th232-MT102-Jain-30465002.1978                                 3 3.50000E-01 6.80000E-01
n-Th232-MT102-Jones-14029002.1985                                1 2.53000E-08 2.53000E-08
n-Th232-MT102-Karamanis-22663002.2001                           24 6.70000E-02 1.94100E+00
n-Th232-MT102-Kobayashi-20871002.1979                           61 1.05000E-03 4.29000E-01
n-Th232-MT102-Kobayashi-21748002.1981                           60 1.05000E-03 3.88500E-01
n-Th232-MT102-Kobayashi-21748003.1981                            3 2.40000E-02 1.46000E-01
n-Th232-MT102-Leipunskiy-40244083.1958                           1 2.00000E-01 2.00000E-01
n-Th232-MT102-Leipunskiy-40244126.1958                           1 2.00000E-01 2.00000E-01
n-Th232-MT102-Letourneau-22941024.2009                           1 2.53000E-08 2.53000E-08
n-Th232-MT102-Lindner-10221058.1976                             29 1.21000E-01 2.73000E+00
n-Th232-MT102-Lindner-10221058A001.1976                         29 1.21000E-01 2.73000E+00
n-Th232-MT102-Linenberger-11945011.1946                          7 3.00000E-03 3.90000E-01
n-Th232-MT102-Little-10956004.1981                             112 9.31500E-09 1.76550E-05
n-Th232-MT102-Little-10956004A001.1981                         112 9.31500E-09 1.76550E-05
n-Th232-MT102-Lobo-22699002.2002                                17 4.00000E-03 2.12500E-01
n-Th232-MT102-Lundgren-200060022.1968                           47 9.80000E-08 3.40000E-06
n-Th232-MT102-Macklin-10554002.1977                            400 2.75000E-03 1.02500E-01
n-Th232-MT102-Macklin-10554002A001.1977                        400 2.75000E-03 1.02500E-01
n-Th232-MT102-Macklin-10554003.1977                             70 1.00000E-01 7.90000E-01
n-Th232-MT102-Macklin-10554003A001.1977                         70 1.00000E-01 7.90000E-01
n-Th232-MT102-Macklin-10554004.1977                              6 8.00000E-01 9.25000E-01
n-Th232-MT102-Macklin-10554004A001.1977                          6 8.00000E-01 9.25000E-01
n-Th232-MT102-Macklin-11399051.1957                              1 2.40000E-02 2.40000E-02
n-Th232-MT102-Maidana-31548002.2004                              1 2.53000E-08 2.53000E-08
n-Th232-MT102-Mezentseva-41490002.2003                           8 3.40000E-05 7.32500E-03
n-Th232-MT102-Miskel-12115009.1962                               7 3.20000E-02 2.47000E-01
n-Th232-MT102-Miskel-12115010.1962                              19 6.90000E-02 3.97000E+00
n-Th232-MT102-Moxon-21334002.1968                               98 5.50000E-03 1.48000E-01
n-Th232-MT102-Mukerji-33044002.2012                              3 1.35000E+01 1.72800E+01
n-Th232-MT102-Naik-33033003.2011                                 2 3.70000E+00 9.85000E+00
n-Th232-MT102-Naik-33091002.2015                                 2 2.45000E+00 1.48000E+01
n-Th232-MT102-Parashari-33116002.2018                            4 1.09500E+01 1.89900E+01
n-Th232-MT102-Perkin-21438030.1958                               1 1.45000E+01 1.45000E+01
n-Th232-MT102-Poenitz-10735002.1978                             15 5.84000E-02 8.50000E-01
n-Th232-MT102-Poenitz-10735002A001.1978                         15 5.84000E-02 8.50000E-01
n-Th232-MT102-Poenitz-10735003.1978                              7 2.44000E-01 2.48000E+00
n-Th232-MT102-Poenitz-10735003A001.1978                          7 2.44000E-01 2.48000E+00
n-Th232-MT102-Poenitz-10735004.1978                              1 3.00000E-02 3.00000E-02
n-Th232-MT102-Poenitz-10735004A001.1978                          1 3.00000E-02 3.00000E-02
n-Th232-MT102-Prajapati-33040003.2012                            2 5.90000E+00 1.55000E+01
n-Th232-MT102-Schuman-14080037.1970                              1 2.00000E-03 2.00000E-03
n-Th232-MT102-Stavisskiy-40642005.1961                          25 3.00000E-02 9.65000E-01
n-Th232-MT102-Stupegia-12260002.1963                            22 1.91000E-01 1.17000E+00
n-Th232-MT102-SuShenn-32806002.2020                              3 2.06000E+00 4.36000E+00
n-Th232-MT102-Tolstikov-40803002.1963                           10 5.30000E-03 1.00000E-01
n-Th232-MT102-Waschkowski-22138005.1989                          1 2.53000E-08 2.53000E-08
n-Th232-MT102-Wisshak-22654003.2001                             17 6.25000E-03 2.12500E-01
n-Th232-MT102-Yamamuro-20697005.1976                             1 2.37000E-02 2.37000E-02
