#              Filename                                         N    min         max     
n-As075-rp033074-Venugopalarao-10157002.1971                     1 1.44000E+01 1.44000E+01
n-As075-rp033074-Sigg-10776027.1976                              1 1.46000E+01 1.46000E+01
n-As075-rp033074-Venugopalarao-10157002A001.1971                 1 1.44000E+01 1.44000E+01
n-As075-rp033074-Sigg-10776027A001.1976                          1 1.46000E+01 1.46000E+01
n-As075-rp033074-Paul-11274052.1953                              1 1.45000E+01 1.45000E+01
n-As075-rp033074-Prestwood-11645009.1961                        10 1.21300E+01 1.97600E+01
n-As075-rp033074-Raut-14291005.2011                              6 1.15000E+01 1.50000E+01
n-As075-rp033074-Hille-20034002.1966                             2 1.40500E+01 1.47500E+01
n-As075-rp033074-Simpson-20349002.1973                           1 1.41000E+01 1.41000E+01
n-As075-rp033074-Frehaut-20416077.2016                           9 1.09100E+01 1.47600E+01
n-As075-rp033074-Qaim-20536014.1972                              1 1.47000E+01 1.47000E+01
n-As075-rp033074-Casanova-20748021.1976                          1 1.41000E+01 1.41000E+01
n-As075-rp033074-Bormann-20834003.1968                          10 1.29400E+01 1.95600E+01
n-As075-rp033074-Wagner-21426008.1971                            1 1.47000E+01 1.47000E+01
n-As075-rp033074-Granger-21514003.1963                           1 1.40000E+01 1.40000E+01
n-As075-rp033074-Birn-22291004.1994                              3 1.09800E+01 1.46800E+01
n-As075-rp033074-Konno-22637019.1993                             8 1.33400E+01 1.49300E+01
n-As075-rp033074-Ramaprasad-30088002.1969                        1 1.42000E+01 1.42000E+01
n-As075-rp033074-Csikai-30119007.1967                            1 1.47000E+01 1.47000E+01
n-As075-rp033074-Araminowicz-30264021.1973                       1 1.46000E+01 1.46000E+01
n-As075-rp033074-Grochulski-30287006.1975                        9 1.30000E+01 1.78000E+01
n-As075-rp033074-FeiTuoo-31610002.2007                           3 1.35000E+01 1.48000E+01
n-As075-rp033074-Viktorov-40107004.1972                          1 1.41000E+01 1.41000E+01
