#              Filename                                         N    min         max     
n-U238-rp092237-Landrum-103760022.1973                           7 1.37000E+01 1.49400E+01
n-U238-rp092237-Veeser-10795004.1978                             5 1.47000E+01 1.90000E+01
n-U238-rp092237-Landrum-103760022A001.1973                       7 1.37000E+01 1.49400E+01
n-U238-rp092237-Veeser-10795004A001.1978                         5 1.47000E+01 1.90000E+01
n-U238-rp092237-Knight-12459002.1958                            14 6.42000E+00 9.97000E+00
n-U238-rp092237-Knight-12459004.1958                             1 1.60000E+01 1.60000E+01
n-U238-rp092237-Krishichayan-14482002.2017                      16 6.34000E+00 1.48000E+01
n-U238-rp092237-Karius-20499002.1979                            10 1.32100E+01 1.81000E+01
n-U238-rp092237-Mather-20794013.1969                             1 1.40600E+01 1.40600E+01
n-U238-rp092237-Mather-20795012.1972                             3 7.00000E+00 1.24000E+01
n-U238-rp092237-Perkin-21208003.1961                             1 1.45000E+01 1.45000E+01
n-U238-rp092237-Phillips-21521003.1956                           1 1.41000E+01 1.41000E+01
n-U238-rp092237-Frehaut-21568005.1980                           36 6.49000E+00 1.47600E+01
n-U238-rp092237-Ryves-21627008.1980                              1 1.46800E+01 1.46800E+01
n-U238-rp092237-Anders-21976048.1985                             1 1.47000E+01 1.47000E+01
n-U238-rp092237-Konno-22637090.1993                              6 1.33100E+01 1.48600E+01
n-U238-rp092237-Anonymous-30537002.1967                         19 6.88000E+00 1.60500E+01
n-U238-rp092237-Kornilov-30561002.1980                          17 6.54000E+00 1.47600E+01
n-U238-rp092237-Raics-30923002.1990                             19 1.35100E+01 1.48000E+01
n-U238-rp092237-Raics-30923003.1990                              6 1.35400E+01 1.47600E+01
n-U238-rp092237-XianggaoWANGG-32677002.2010                      4 1.35000E+01 1.49000E+01
n-U238-rp092237-XianggaoWANGG-32683002.2010                      1 1.46500E+01 1.46500E+01
n-U238-rp092237-ChuanxinZhuu-32696012.2011                       6 1.34000E+01 1.48000E+01
n-U238-rp092237-Naik-33043003.2012                               1 9.85000E+00 9.85000E+00
n-U238-rp092237-Mulik-33056003.2014                              1 1.55000E+01 1.55000E+01
n-U238-rp092237-Crasta-33059003.2014                             2 8.04000E+00 1.19000E+01
n-U238-rp092237-Naik-33091005.2015                               1 1.48000E+01 1.48000E+01
n-U238-rp092237-Antropov-40411002.1958                           1 1.50000E+01 1.50000E+01
n-U238-rp092237-Golovnya-40997002.1987                           1 1.47600E+01 1.47600E+01
n-U238-rp092237-Golovnya-40997003.1987                           1 1.47600E+01 1.47600E+01
n-U238-rp092237-Filatenkov-41614240.2016                         8 1.34700E+01 1.48600E+01
