#              Filename                                         N    min         max     
n-Cr050-rp024049-Sigg-10776021.1976                              1 1.46000E+01 1.46000E+01
n-Cr050-rp024049-Chittenden-11132003.1961                        1 1.48000E+01 1.48000E+01
n-Cr050-rp024049-Sigg-10776021A001.1976                          1 1.46000E+01 1.46000E+01
n-Cr050-rp024049-Chittenden-11132003A001.1961                    1 1.48000E+01 1.48000E+01
n-Cr050-rp024049-Rayburn-11328010.1961                           1 1.44000E+01 1.44000E+01
n-Cr050-rp024049-Ghorai-12958003.1987                            5 1.42000E+01 1.82000E+01
n-Cr050-rp024049-Qaim-20536002.1972                              1 1.47000E+01 1.47000E+01
n-Cr050-rp024049-Valkonen-20673004.1976                          1 1.47000E+01 1.47000E+01
n-Cr050-rp024049-Bormann-21525002.1965                           9 1.36000E+01 1.96000E+01
n-Cr050-rp024049-Anders-21976017.1985                            1 1.47000E+01 1.47000E+01
n-Cr050-rp024049-Ikeda-22089036.1988                             7 1.36800E+01 1.50100E+01
n-Cr050-rp024049-Ercan-22338037.1991                             1 1.46000E+01 1.46000E+01
n-Cr050-rp024049-Uwamino-22703006.1992                          25 1.45000E+01 3.85000E+01
n-Cr050-rp024049-Araminowicz-30264009.1973                       1 1.46000E+01 1.46000E+01
n-Cr050-rp024049-Sailer-30438002.1977                            1 1.48100E+01 1.48100E+01
n-Cr050-rp024049-Chatterjee-30612012.1969                        3 1.42000E+01 1.48000E+01
n-Cr050-rp024049-ZhouMuyaoo-30755005.1987                        1 1.46000E+01 1.46000E+01
n-Cr050-rp024049-Berrada-30805004.1984                           1 1.46000E+01 1.46000E+01
n-Cr050-rp024049-Berrada-30805005.1984                           1 1.46000E+01 1.46000E+01
n-Cr050-rp024049-Ribansky-30812002.1985                          1 1.46000E+01 1.46000E+01
n-Cr050-rp024049-Dighe-30962003.1991                             1 1.47000E+01 1.47000E+01
n-Cr050-rp024049-Mukherjee-31161007.1961                         1 1.48000E+01 1.48000E+01
n-Cr050-rp024049-Khurana-31247006.1961                           1 1.48000E+01 1.48000E+01
n-Cr050-rp024049-ZhouFengQunnn-31623002.2005                     4 1.35000E+01 1.46000E+01
n-Cr050-rp024049-Pansare-330010061.1993                          1 1.47000E+01 1.47000E+01
n-Cr050-rp024049-Pansare-330010062.1993                          1 1.47000E+01 1.47000E+01
n-Cr050-rp024049-Pasha-33151002.2020                             1 1.45400E+01 1.45400E+01
