#              Filename                                         N    min         max
n-Tb159-MT001-Cansoy-20174002.1971                              29 3.50200E-07 3.05300E-06
n-Tb159-MT001-Dilg-20583019.1972                                 1 2.70000E-03 2.70000E-03
n-Tb159-MT001-Fosterjr-10047069.1971                           252 2.26200E+00 1.48390E+01
n-Tb159-MT001-Fosterjr-10047069A001.1971                       252 2.26200E+00 1.48390E+01
n-Tb159-MT001-Harvey-11912036.1955                             206 2.50000E-06 1.65000E-04
n-Tb159-MT001-Knopf-22450027.1997                                1 5.68000E-10 5.68000E-10
n-Tb159-MT001-Knorr-21498002.1970                                8 1.31000E-10 3.16400E-09
n-Tb159-MT001-Malik-10383002.1973                               67 3.54000E-09 1.78000E-06
n-Tb159-MT001-Malik-10383002A001.1973                           67 3.54000E-09 1.78000E-06
n-Tb159-MT001-Malik-10501024.1970                                4 3.30000E-08 2.70000E-07
n-Tb159-MT001-Malik-10501024A001.1970                            4 3.30000E-08 2.70000E-07
n-Tb159-MT001-Ohkubo-20817006.1979                            1976 4.46300E-05 3.25370E-02
n-Tb159-MT001-Ohkubo-20817007.1979                            1960 1.79450E-04 9.99790E-02
n-Tb159-MT001-Ohkubo-21926012.1987                            3840 5.76420E-04 2.27570E-02
n-Tb159-MT001-Ohkubo-21926013.1987                            4070 1.87360E-04 7.47000E-04
n-Tb159-MT001-Pineo-10542022.1974                               74 3.54300E-03 6.20500E-01
n-Tb159-MT001-Pineo-10542022A001.1974                           74 3.54300E-03 6.20500E-01
n-Tb159-MT001-Schneider-233790031.1981                           1 1.80000E-08 1.80000E-08
