#              Filename                                         N    min         max     
n-K041-rp018041-Paul-11274025.1953                               1 1.45000E+01 1.45000E+01
n-K041-rp018041-Bramlitt-11590003.1963                           1 1.47000E+01 1.47000E+01
n-K041-rp018041-Ghorai-12957002.1985                             4 1.42000E+01 1.72000E+01
n-K041-rp018041-Ghorai-12957003.1985                             1 1.42000E+01 1.42000E+01
n-K041-rp018041-Schwerer-20811002.1976                           1 1.46000E+01 1.46000E+01
n-K041-rp018041-Bormann-20835002.1969                            8 1.29900E+01 1.81900E+01
n-K041-rp018041-Pasquarelli-20889021.1967                        1 1.47000E+01 1.47000E+01
n-K041-rp018041-Bass-21269005.1965                               5 3.80000E+00 7.95000E+00
n-K041-rp018041-Schantl-21846026.1970                            1 1.47000E+01 1.47000E+01
n-K041-rp018041-Schantl-21846052.1970                            1 1.47000E+01 1.47000E+01
n-K041-rp018041-Schantl-21846053.1970                            1 1.47000E+01 1.47000E+01
n-K041-rp018041-Anders-21976003.1985                             1 1.47000E+01 1.47000E+01
n-K041-rp018041-Ikeda-22089014.1988                              8 1.33200E+01 1.49100E+01
n-K041-rp018041-Ercan-22338035.1991                              1 1.46000E+01 1.46000E+01
n-K041-rp018041-Shimizu-22837003.2004                            1 3.09000E+00 3.09000E+00
n-K041-rp018041-Furuta-23032005.2008                             4 5.01000E+00 5.84000E+00
n-K041-rp018041-Tiwari-30011006.1968                             1 1.42000E+01 1.42000E+01
n-K041-rp018041-Dresler-30263005.1973                            1 1.46000E+01 1.46000E+01
n-K041-rp018041-Prasad-30336010.1971                             1 1.48000E+01 1.48000E+01
n-K041-rp018041-Gupta-30707007.1985                              1 1.48000E+01 1.48000E+01
n-K041-rp018041-Khurana-31316009.1965                            1 1.48000E+01 1.48000E+01
n-K041-rp018041-Gandhi-33150003.2020                             1 1.49200E+01 1.49200E+01
n-K041-rp018041-Levkovskii-402230031.1969                        1 1.48000E+01 1.48000E+01
n-K041-rp018041-Filatenkov-41614011.2016                         8 1.34800E+01 1.48500E+01
