#              Filename                                         N    min         max
n-Co059-MT016-Araminowicz-30264013.1973                          1 1.46000E+01 1.46000E+01
n-Co059-MT016-Ashby-11632004.1958                                1 1.41000E+01 1.41000E+01
n-Co059-MT016-Barrall-10022011.1969                              1 1.46000E+01 1.46000E+01
n-Co059-MT016-Barrall-10022011A001.1969                          1 1.46000E+01 1.46000E+01
n-Co059-MT016-Bormann-20836008.1966                              6 1.25500E+01 1.96000E+01
n-Co059-MT016-Bormann-20904006.1961                              8 1.32000E+01 1.96000E+01
n-Co059-MT016-Cabe-21849002.1963                                 1 1.41000E+01 1.41000E+01
n-Co059-MT016-Cezarsuita-31498003.1997                           2 1.24000E+01 1.33000E+01
n-Co059-MT016-Decowski-30082002.1968                            14 1.25700E+01 1.82000E+01
n-Co059-MT016-Dighe-30962004.1991                                1 1.47000E+01 1.47000E+01
n-Co059-MT016-Filatenkov-41614023.2016                           7 1.35600E+01 1.47800E+01
n-Co059-MT016-Frehaut-20416076.2016                              8 1.09100E+01 1.47600E+01
n-Co059-MT016-Fukuda-20841011.1978                               1 1.46000E+01 1.46000E+01
n-Co059-MT016-Garlea-30804003.1985                               1 1.48000E+01 1.48000E+01
n-Co059-MT016-Garlea-30807005.1985                               1 1.48000E+01 1.48000E+01
n-Co059-MT016-Garlea-31459014.1992                               1 1.48000E+01 1.48000E+01
n-Co059-MT016-Ghorai-10837005.1980                               6 1.34000E+01 1.81000E+01
n-Co059-MT016-Ghorai-10837005A001.1980                           6 1.34000E+01 1.81000E+01
n-Co059-MT016-Granger-21514002.1963                              1 1.40000E+01 1.40000E+01
n-Co059-MT016-Greenwood-12977012.1987                            5 1.45000E+01 1.49000E+01
n-Co059-MT016-Hasan-21973004.1986                                4 1.34500E+01 1.48220E+01
n-Co059-MT016-HuangJianzhouu-30608004.1981                       1 1.45800E+01 1.45800E+01
n-Co059-MT016-HuangJianzhouu-30608005.1981                      19 1.24900E+01 1.82600E+01
n-Co059-MT016-Ikeda-21945006.1986                               11 1.35100E+01 1.48900E+01
n-Co059-MT016-Ikeda-22089044.1988                               15 1.33400E+01 1.49400E+01
n-Co059-MT016-Iwasaki-22752002.1994                              8 1.26950E+01 1.94550E+01
n-Co059-MT016-Jeronymo-20922007.1963                             7 1.35500E+01 2.10000E+01
n-Co059-MT016-Kern-13032002.1960                                 2 1.26200E+01 1.67500E+01
n-Co059-MT016-Kimura-22093013.1990                               1 1.40500E+01 1.40500E+01
n-Co059-MT016-Kral-31834008.2020                                 1 2.91000E+01 2.91000E+01
n-Co059-MT016-LiTingyann-32591004.1990                           9 1.28400E+01 1.77700E+01
n-Co059-MT016-Majerle-31767009.2016                              7 1.73000E+01 3.55000E+01
n-Co059-MT016-Mannhart-22976020.2007                            13 1.10240E+01 1.43200E+01
n-Co059-MT016-Meadows-12969015.1987                              1 1.47400E+01 1.47400E+01
n-Co059-MT016-Molla-30577005.1983                                1 1.48000E+01 1.48000E+01
n-Co059-MT016-Molla-31449006.1994                                5 1.35700E+01 1.47100E+01
n-Co059-MT016-Okumura-20303002.1967                              7 1.33900E+01 1.49600E+01
n-Co059-MT016-Osman-31464015.1996                                1 1.47000E+01 1.47000E+01
n-Co059-MT016-Paulsen-20378005.1965                             23 1.26300E+01 1.95900E+01
n-Co059-MT016-Plompen-22684009.2002                             14 1.33200E+01 2.06650E+01
n-Co059-MT016-Prokopets-41102023.1980                            1 2.06000E+01 2.06000E+01
n-Co059-MT016-Ryves-22132004.1988                                1 1.43000E+01 1.43000E+01
n-Co059-MT016-Salnikov-40037134.1971                             1 1.43600E+01 1.43600E+01
n-Co059-MT016-Semkova-22820012.2004                             13 1.33200E+01 2.03500E+01
n-Co059-MT016-Simeckova-31764007.2011                            7 1.75000E+01 3.50000E+01
n-Co059-MT016-Uno-22702007.1996                                  5 1.76000E+01 3.83000E+01
n-Co059-MT016-Uno-23279007.1996                                  6 1.75500E+01 3.00900E+01
n-Co059-MT016-Veeser-10445003.1977                              10 1.47000E+01 2.40000E+01
n-Co059-MT016-Veeser-10445003A001.1977                          10 1.47000E+01 2.40000E+01
n-Co059-MT016-Weigold-31039003.1960                              1 1.45000E+01 1.45000E+01
n-Co059-MT016-Weigold-31110004.1962                              5 1.38600E+01 1.47700E+01
n-Co059-MT016-Wenusch-20091005.1962                              1 1.40000E+01 1.40000E+01
n-Co059-MT016-Yashima-23419013.2014                              1 3.86000E+02 3.86000E+02
n-Co059-MT016-Yerraguntla-33117002.2018                          2 1.19800E+01 1.57500E+01
