#              Filename                                         N    min         max     
n-Au197-rp079195-Hankla-10244020.1972                            1 1.44000E+01 1.44000E+01
n-Au197-rp079195-Veeser-10445019.1977                            9 1.60000E+01 2.40000E+01
n-Au197-rp079195-Bayhurst-10536057.1975                          6 1.72300E+01 2.44800E+01
n-Au197-rp079195-Bayhurst-10536058.1975                          2 1.61900E+01 2.80800E+01
n-Au197-rp079195-Bayhurst-10536059.1975                          1 2.60600E+01 2.60600E+01
n-Au197-rp079195-Hankla-10244020A001.1972                        1 1.44000E+01 1.44000E+01
n-Au197-rp079195-Veeser-10445019A001.1977                        9 1.60000E+01 2.40000E+01
n-Au197-rp079195-Bayhurst-10536057A001.1975                      6 1.72300E+01 2.44800E+01
n-Au197-rp079195-Bayhurst-10536058A001.1975                      2 1.61900E+01 2.80800E+01
n-Au197-rp079195-Bayhurst-10536059A001.1975                      1 2.60600E+01 2.60600E+01
n-Au197-rp079195-Iwasaki-22751003.1993                           7 1.75390E+01 1.95680E+01
n-Au197-rp079195-Iwasaki-22752009.1994                           3 1.68110E+01 1.91260E+01
n-Au197-rp079195-Uno-23279004.1996                               6 1.75500E+01 3.00900E+01
n-Au197-rp079195-ZhaoWenrongg-30637008.1989                      4 1.60500E+01 1.82300E+01
n-Au197-rp079195-Vrzalova-31714030.2013                          1 4.70000E+01 4.70000E+01
n-Au197-rp079195-Majerle-31767004.2016                           8 1.73000E+01 3.55000E+01
n-Au197-rp079195-Jarosik-31842012.2022                           3 1.75000E+01 2.75000E+01
n-Au197-rp079195-Prokopets-41102025.1980                         1 2.06000E+01 2.06000E+01
