#              Filename                                         N    min         max     
n-Hf180-rp072181-Macklin-11399044.1957                           1 2.40000E-02 2.40000E-02
n-Hf180-rp072181-Miskel-12115002.1962                           15 3.20000E-02 3.97000E+00
n-Hf180-rp072181-Beer-12755009.1982                             30 3.50000E-03 1.85000E+00
n-Hf180-rp072181-Mannhart-20610006.1975                          1 2.53000E-08 2.53000E-08
n-Hf180-rp072181-Moxon-22360022.1974                             1 2.53000E-08 2.53000E-08
n-Hf180-rp072181-Moxon-223600331.1974                         4096 5.25620E-06 1.10790E+00
n-Hf180-rp072181-Moxon-223600332.1974                         4096 5.25620E-06 1.10790E+00
n-Hf180-rp072181-HyunJeChooo-22862004.2001                       1 2.53000E-08 2.53000E-08
n-Hf180-rp072181-Wisshak-22926018.2006                          18 4.00000E-03 2.12500E-01
n-Hf180-rp072181-Vockenhuber-23022002.2008                       1 2.50000E-08 2.50000E-08
n-Hf180-rp072181-Farinaarbocco-23260135.2014                     1 2.53000E-08 2.53000E-08
n-Hf180-rp072181-Farinaarbocco-23260136.2014                     3 2.53000E-08 2.53000E-08
n-Hf180-rp072181-Decorte-23488082.1988                           1 2.53000E-08 2.53000E-08
n-Hf180-rp072181-Siddappa-30502009.1974                          1 2.30000E-02 2.30000E-02
n-Hf180-rp072181-ZhouZuyinggg-30685002.1984                      6 1.59000E-01 1.47300E+00
n-Hf180-rp072181-ChenJinxiangg-31482002.1997                     3 5.20000E-01 1.60000E+00
n-Hf180-rp072181-VanDoNguyennn-31602004.2008                     1 2.53000E-08 2.53000E-08
n-Hf180-rp072181-JiangLiyanggg-32707003.2012                     4 4.50000E-01 2.98000E+00
n-Hf180-rp072181-FengqunZhouu-32795002.2019                      4 1.35000E+01 1.48000E+01
n-Hf180-rp072181-Trofimov-40975030.1987                          1 2.00000E+00 2.00000E+00
n-Hf180-rp072181-Trofimov-41001034.1987                          1 1.00000E+00 1.00000E+00
n-Hf180-rp072181-Bokhovko-41225024.1993                         49 1.80000E-02 4.50000E-01
