#              Filename                                         N    min         max
n-As075-MT102-Anand-30390006.1979                                1 2.50000E-02 2.50000E-02
n-As075-MT102-Beghian-22580005.1949                              1 9.00000E-01 9.00000E-01
n-As075-MT102-Booth-11429012.1958                                1 2.40000E-02 2.40000E-02
n-As075-MT102-Bormann-20899008.1966                              1 1.41000E+01 1.41000E+01
n-As075-MT102-Chaturvedi-30493004.1970                           1 2.40000E-02 2.40000E-02
n-As075-MT102-Colditz-20092009.1968                              1 2.90000E+00 2.90000E+00
n-As075-MT102-Decorte-23488023.1988                              1 2.53000E-08 2.53000E-08
n-As075-MT102-Diksic-30023005.1970                               1 3.00000E+00 3.00000E+00
n-As075-MT102-Farinaarbocco-23266074.2013                        1 2.53000E-08 2.53000E-08
n-As075-MT102-Farinaarbocco-23266075.2013                       16 2.53000E-08 2.53000E-08
n-As075-MT102-Gamgam-02033075.2024                               2 5.00000E-03 1.00000E-02
n-As075-MT102-Hasan-30077006.1968                                1 2.40000E-02 2.40000E-02
n-As075-MT102-Hummel-11010007.1951                               1 2.40000E-02 2.40000E-02
n-As075-MT102-Hummel-11010007A001.1951                           1 2.40000E-02 2.40000E-02
n-As075-MT102-Johnsrud-11675007.1959                            18 1.47000E-01 5.50000E+00
n-As075-MT102-Kadonis-01033075.2024                             20 5.00000E-03 1.00000E-01
n-As075-MT102-Karadag-22861004.2003                              1 2.53000E-08 2.53000E-08
n-As075-MT102-Koester-21953013.1984                              1 2.53000E-08 2.53000E-08
n-As075-MT102-Lyon-11407009.1959                                 1 1.95000E-01 1.95000E-01
n-As075-MT102-MANJUSHREEMAJUMDERR-30296003.1977                  1 1.48000E+01 1.48000E+01
n-As075-MT102-Macklin-11331017.1963                              2 3.00000E-02 6.50000E-02
n-As075-MT102-Macklin-11399015.1957                              1 2.40000E-02 2.40000E-02
n-As075-MT102-Macklin-13111002.1988                             14 1.25000E-02 6.50000E-01
n-As075-MT102-Nyarko-31698002.2010                               1 2.53000E-08 2.53000E-08
n-As075-MT102-Peto-30031008.1967                                 1 3.00000E+00 3.00000E+00
n-As075-MT102-Ryves-20791006.1971                                1 2.53000E-08 2.53000E-08
n-As075-MT102-ShiShuTinggg-32846002.2007                        10 2.90000E-02 1.10000E+00
n-As075-MT102-Sigg-10776029.1976                                 1 1.46000E+01 1.46000E+01
n-As075-MT102-Sigg-10776029A001.1976                             1 1.46000E+01 1.46000E+01
n-As075-MT102-Sokolowski-22615005.1969                           1 2.53000E-08 2.53000E-08
n-As075-MT102-Vuletin-30314006.1974                              1 1.44000E+01 1.44000E+01
n-As075-MT102-Wagner-20718003.1980                               1 1.46000E+01 1.46000E+01
n-As075-MT102-Weston-11818002.1960                              16 3.00000E-03 4.00000E-01
