#              Filename                                         N    min         max
n-Na023-MT051-Chien-11201006.1966                               25 8.25000E-01 1.50000E+00
n-Na023-MT051-Chien-11201006A001.1966                           25 8.25000E-01 1.50000E+00
n-Na023-MT051-Coles-20402005.1971                                1 5.00000E+00 5.00000E+00
n-Na023-MT051-Donati-10706003.1977                              52 5.20000E-01 4.23000E+00
n-Na023-MT051-Donati-10706003A001.1977                          52 5.20000E-01 4.23000E+00
n-Na023-MT051-Fasoli-21039007.1969                               3 1.51000E+00 4.04000E+00
n-Na023-MT051-Fasoli-21039009.1969                               3 1.51000E+00 4.04000E+00
n-Na023-MT051-Freeman-21151002.1958                             19 4.93000E-01 1.40000E+00
n-Na023-MT051-Glazkov-40680005.1963                              4 6.00000E-01 1.20000E+00
n-Na023-MT051-Kozy-405960372.1978                                1 1.46000E+01 1.46000E+01
n-Na023-MT051-Kozy-405960373.1978                                1 1.46000E+01 1.46000E+01
n-Na023-MT051-Maerten-22283003.1994                           1490 4.93300E-01 2.09830E+00
n-Na023-MT051-Perey-10104053.1970                                4 5.44000E+00 8.52000E+00
n-Na023-MT051-Perey-10104053A001.1970                            4 5.44000E+00 8.52000E+00
n-Na023-MT051-Rouki-23137014.2012                             1200 4.59410E-01 2.16397E+00
n-Na023-MT051-Schweitzer-30463006.1978                           1 3.40000E+00 3.40000E+00
n-Na023-MT051-Shipley-11408003.1959                              3 3.49000E+00 4.00000E+00
n-Na023-MT051-Towle-20905002.1967                                1 7.00000E+00 7.00000E+00
n-Na023-MT051-Towle-20905003.1967                                1 7.00000E+00 7.00000E+00
n-Na023-MT051-Towle-21089016.1962                                3 9.80000E-01 2.51500E+00
n-Na023-MT051-Vanhoy-14403005.2015                              48 1.48000E+00 4.00000E+00
