#              Filename                                         N    min         max     
n-Sr086-rp038085m-Husain-10088015.1970                           1 1.48000E+01 1.48000E+01
n-Sr086-rp038085m-Venugopalarao-10157010.1971                    1 1.44000E+01 1.44000E+01
n-Sr086-rp038085m-Eapen-10493005.1975                            1 1.48000E+01 1.48000E+01
n-Sr086-rp038085m-Husain-10088015A001.1970                       1 1.48000E+01 1.48000E+01
n-Sr086-rp038085m-Venugopalarao-10157010A001.1971                1 1.44000E+01 1.44000E+01
n-Sr086-rp038085m-Eapen-10493005A001.1975                        1 1.48000E+01 1.48000E+01
n-Sr086-rp038085m-Rieder-20033007.1966                           1 1.47000E+01 1.47000E+01
n-Sr086-rp038085m-Vonach-20087003.1959                           1 1.41000E+01 1.41000E+01
n-Sr086-rp038085m-Bormann-206140092.1976                         7 1.26800E+01 1.81200E+01
n-Sr086-rp038085m-Minetti-20891008.1968                          1 1.47000E+01 1.47000E+01
n-Sr086-rp038085m-Hyvoenendabek-21886009.1978                    1 1.47000E+01 1.47000E+01
n-Sr086-rp038085m-Konno-22637031.1993                            8 1.33700E+01 1.49500E+01
n-Sr086-rp038085m-Strohal-30008008.1962                          1 1.46000E+01 1.46000E+01
n-Sr086-rp038085m-Holub-30348003.1976                            1 1.46000E+01 1.46000E+01
n-Sr086-rp038085m-Srinivasarao-30574007.1978                     1 1.42000E+01 1.42000E+01
n-Sr086-rp038085m-MaHuiFanggg-30665003M.1983                     1 1.48000E+01 1.48000E+01
n-Sr086-rp038085m-JunhuaLuoo-31664006.2009                       3 1.35000E+01 1.46000E+01
n-Sr086-rp038085m-GuozhuHee-32654003.2006                        3 1.35000E+01 1.46000E+01
n-Sr086-rp038085m-Ganesapandy-33180005.2022                      1 1.47700E+01 1.47700E+01
