#              Filename                                         N    min         max     
n-Al027-rp013028-Okazaki-10339004.1968                           1 2.53000E-08 2.53000E-08
n-Al027-rp013028-Malik-10501002.1970                             4 7.00000E-08 8.35000E-07
n-Al027-rp013028-Hummel-11010002.1951                            1 2.40000E-02 2.40000E-02
n-Al027-rp013028-Okazaki-10339004A001.1968                       1 2.53000E-08 2.53000E-08
n-Al027-rp013028-Malik-10501002A001.1970                         4 7.00000E-08 8.35000E-07
n-Al027-rp013028-Hummel-11010002A001.1951                        1 2.40000E-02 2.40000E-02
n-Al027-rp013028-Gibbons-11329006.1961                           1 3.00000E-02 3.00000E-02
n-Al027-rp013028-Henkel-11384004.1950                          100 1.20000E-02 5.15000E-01
n-Al027-rp013028-Macklin-11399004.1957                           1 2.40000E-02 2.40000E-02
n-Al027-rp013028-Sher-11501002.1962                              1 2.53000E-08 2.53000E-08
n-Al027-rp013028-Henkel-11518004.1953                           65 4.00000E-01 3.76000E+00
n-Al027-rp013028-Guber-13958003.1999                             6 5.50000E-03 3.50000E-01
n-Al027-rp013028-Colditz-20092003.1968                           1 2.90000E+00 2.90000E+00
n-Al027-rp013028-Vervier-20205002.1959                           1 2.50000E-02 2.50000E-02
n-Al027-rp013028-Fuketa-20275002.1960                            1 2.53000E-08 2.53000E-08
n-Al027-rp013028-Rigaud-20543002.1974                            1 1.46000E+01 1.46000E+01
n-Al027-rp013028-Tattersall-20638004.1960                        1 2.53000E-08 2.53000E-08
n-Al027-rp013028-Carre-20658003.1966                             1 2.53000E-08 2.53000E-08
n-Al027-rp013028-Ryves-20790003.1970                             1 2.53000E-08 2.53000E-08
n-Al027-rp013028-Calvi-20924002.1962                            30 3.44000E+00 5.00000E+00
n-Al027-rp013028-Benoist-21420004.1951                           1 2.53000E-08 2.53000E-08
n-Al027-rp013028-Brose-21423002.1960                             1 2.53000E-08 2.53000E-08
n-Al027-rp013028-Perkin-21438004.1958                            1 1.45000E+01 1.45000E+01
n-Al027-rp013028-Beghian-22580002.1949                           1 9.00000E-01 9.00000E-01
n-Al027-rp013028-Farinaarbocco-23266012.2013                     1 2.53000E-08 2.53000E-08
n-Al027-rp013028-Farinaarbocco-23266013.2013                     1 2.53000E-08 2.53000E-08
n-Al027-rp013028-Decorte-23488004.1988                           1 2.53000E-08 2.53000E-08
n-Al027-rp013028-Peto-30031002.1967                              1 3.00000E+00 3.00000E+00
n-Al027-rp013028-Csikai-30067003.1967                            1 1.47000E+01 1.47000E+01
n-Al027-rp013028-Stefanescu-30073003.1961                        1 2.53000E-08 2.53000E-08
n-Al027-rp013028-Hasan-30077003.1968                             1 2.40000E-02 2.40000E-02
n-Al027-rp013028-Holub-30145003.1972                             1 1.44000E+01 1.44000E+01
n-Al027-rp013028-Allen-30288002.1975                             7 5.50000E-03 4.50000E-01
n-Al027-rp013028-Budnar-30532004.1979                            1 1.41000E+01 1.41000E+01
n-Al027-rp013028-Nyarko-31698014.2010                            1 2.53000E-08 2.53000E-08
n-Al027-rp013028-Leipunskiy-40244067.1958                        1 2.00000E-01 2.00000E-01
n-Al027-rp013028-Belanova-40374003.1958                          2 2.50000E-02 2.20000E-01
n-Al027-rp013028-Kononov-40421003.1958                           1 2.40000E-02 2.40000E-02
