#              Filename                                         N    min         max
d-Li006-MT107-Arena-F0085003.1994                               10 1.80700E+01 4.44800E+01
d-Li006-MT107-Bertrand-A1513007.1968                             8 3.00000E-01 1.00000E+00
d-Li006-MT107-Body-F0017002.1979                                 5 1.00000E-01 1.80000E-01
d-Li006-MT107-CHULCHULEEEE-A1533003.1969                         6 4.04000E-02 8.94000E-02
d-Li006-MT107-CaiDunjiuu-S0017002.1985                          10 5.00000E-01 2.48000E+00
d-Li006-MT107-Czerski-A0406002.1997                             10 8.80000E-02 2.02100E-01
d-Li006-MT107-Elwyn-T0134003.1977                               10 1.18000E-01 9.75000E-01
d-Li006-MT107-Engstler-A0632026.1992                            21 1.91016E-02 9.71897E-02
d-Li006-MT107-Fang-E2357004.2011                                19 1.87300E-02 5.24400E-02
d-Li006-MT107-Fang-E2545004.2016                                16 3.13420E-02 6.89578E-02
d-Li006-MT107-Golovkov-A0114002.1981                             5 5.00000E-02 1.33300E-01
d-Li006-MT107-Gould-F0043002.1975                               14 2.16300E+00 5.86900E+00
d-Li006-MT107-Jeronymo-A1357005.1962                            26 9.00000E-01 4.95000E+00
d-Li006-MT107-Lalremruata-D6090005.2009                          1 1.00000E-01 1.00000E-01
d-Li006-MT107-Lalremruata-D6090008.2009                          1 1.00000E-01 1.00000E-01
d-Li006-MT107-Mani-A1358003.1965                                10 3.97800E+00 9.47700E+00
d-Li006-MT107-Mcclenahan-A1414007.1975                          13 4.76000E-01 3.43300E+00
d-Li006-MT107-Meyer-A1371003.1963                                6 2.43100E+00 5.20800E+00
d-Li006-MT107-Spitaleri-O0899002.2001                           30 1.66855E-02 9.84444E-01
