#              Filename                                         N    min         max     
n-V051-rp023052-Dudey-10026002.1969                             30 1.39000E-01 1.65900E+00
n-V051-rp023052-Hummel-11010003.1951                             1 2.40000E-02 2.40000E-02
n-V051-rp023052-Dudey-10026002A001.1969                         30 1.39000E-01 1.65900E+00
n-V051-rp023052-Hummel-11010003A001.1951                         1 2.40000E-02 2.40000E-02
n-V051-rp023052-Macklin-11331012.1963                            2 3.00000E-02 6.50000E-02
n-V051-rp023052-Macklin-11399008.1957                            1 2.40000E-02 2.40000E-02
n-V051-rp023052-Lyon-11407003.1959                               1 1.95000E-01 1.95000E-01
n-V051-rp023052-Sher-11501003.1962                               1 2.53000E-08 2.53000E-08
n-V051-rp023052-Glickstein-11648003.1963                         1 2.53000E-08 2.53000E-08
n-V051-rp023052-Gibbons-11656002.1965                           42 8.25000E-03 1.50000E-01
n-V051-rp023052-Johnsrud-11675002.1959                          18 1.47000E-01 2.60000E+00
n-V051-rp023052-Colditz-20092005.1968                            1 2.90000E+00 2.90000E+00
n-V051-rp023052-Rigaud-20543004.1974                             1 1.46000E+01 1.46000E+01
n-V051-rp023052-Schwerer-20670005.1976                           1 1.46000E+01 1.46000E+01
n-V051-rp023052-Valkonen-20673003.1976                           1 1.47000E+01 1.47000E+01
n-V051-rp023052-Ryves-20790005.1970                              1 2.53000E-08 2.53000E-08
n-V051-rp023052-Grimeland-21395014.1951                          1 2.53000E-08 2.53000E-08
n-V051-rp023052-Celenk-22234002.1991                             1 2.53000E-08 2.53000E-08
n-V051-rp023052-Farinaarbocco-23266028.2013                      1 2.53000E-08 2.53000E-08
n-V051-rp023052-Farinaarbocco-23266029.2013                      1 2.53000E-08 2.53000E-08
n-V051-rp023052-Decorte-23488012.1988                            1 2.53000E-08 2.53000E-08
n-V051-rp023052-Csikai-30067009.1967                             1 1.47000E+01 1.47000E+01
n-V051-rp023052-Chaubey-30079003.1966                            1 2.40000E-02 2.40000E-02
n-V051-rp023052-Holub-30145007.1972                              1 1.44000E+01 1.44000E+01
n-V051-rp023052-MANJUSHREEMAJUMDERR-30296007.1977                1 1.48000E+01 1.48000E+01
n-V051-rp023052-Anand-30390002.1979                              1 2.50000E-02 2.50000E-02
n-V051-rp023052-Budnar-30532016.1979                             1 1.41000E+01 1.41000E+01
n-V051-rp023052-Sahota-30678004.1986                             5 1.07000E+00 2.85000E+00
n-V051-rp023052-Nyarko-31698015.2010                             1 2.53000E-08 2.53000E-08
n-V051-rp023052-Agbemava-31716002.2011                           1 2.53000E-08 2.53000E-08
n-V051-rp023052-Kapchigashev-40034010.1965                      58 2.50000E-05 5.50000E-02
n-V051-rp023052-Leipunskiy-40244070.1958                         1 2.00000E-01 2.00000E-01
n-V051-rp023052-Leipunskiy-40244090.1958                         2 2.70000E+00 4.00000E+00
n-V051-rp023052-Kononov-40421010.1958                            1 2.40000E-02 2.40000E-02
n-V051-rp023052-Stavisskii-40452002.1960                        19 3.10000E-02 1.26000E+00
n-V051-rp023052-Pavlenko-40464003.1975                          15 2.14000E-08 1.01000E-07
n-V051-rp023052-Zaikin-40696003.1967                            13 1.87000E-01 2.61000E+00
