#              Filename                                         N    min         max
n-F019-MT016-Araminowicz-30264003.1973                           1 1.46000E+01 1.46000E+01
n-F019-MT016-Ashby-11097009.1958                                 1 1.41000E+01 1.41000E+01
n-F019-MT016-Ashby-11097009A001.1958                             1 1.41000E+01 1.41000E+01
n-F019-MT016-Barrall-10022002.1969                               1 1.46000E+01 1.46000E+01
n-F019-MT016-Barrall-10022002A001.1969                           1 1.46000E+01 1.46000E+01
n-F019-MT016-Bormann-20887003.1965                              10 1.26000E+01 1.96000E+01
n-F019-MT016-Brill-40715005.1961                                11 1.16000E+01 3.40000E+01
n-F019-MT016-Cevolani-21266003.1962                              1 1.41300E+01 1.41300E+01
n-F019-MT016-Chatterjee-30061002.1967                            1 1.48000E+01 1.48000E+01
n-F019-MT016-Chatterjee-30612003.1969                            3 1.42000E+01 1.48000E+01
n-F019-MT016-Crumpton-20931002.1969                              1 1.47000E+01 1.47000E+01
n-F019-MT016-Csikai-30033019.1967                                1 1.39900E+01 1.39900E+01
n-F019-MT016-Csikai-30038003.1965                                1 1.46000E+01 1.46000E+01
n-F019-MT016-Hartmann-13524002.1991                              2 1.81000E+01 2.10000E+01
n-F019-MT016-Hartmann-13524003.1991                              5 1.81000E+01 2.70000E+01
n-F019-MT016-Ikeda-22089002.1988                                 8 1.33600E+01 1.49600E+01
n-F019-MT016-Jarosik-31842018.2022                               1 1.75000E+01 1.75000E+01
n-F019-MT016-Kimura-22093002.1990                                1 1.40500E+01 1.40500E+01
n-F019-MT016-Mccrary-11268003.1960                               8 1.32000E+01 1.53400E+01
n-F019-MT016-Menlove-11421002.1967                              10 1.27000E+01 1.93900E+01
n-F019-MT016-Mogharrab-21509006.1972                             1 1.41000E+01 1.41000E+01
n-F019-MT016-Nagel-20198004.1966                                 1 1.42000E+01 1.42000E+01
n-F019-MT016-Nagel-20198005.1966                                 1 1.42000E+01 1.42000E+01
n-F019-MT016-Pasquarelli-20889003.1967                           1 1.47000E+01 1.47000E+01
n-F019-MT016-Paul-11274005.1953                                  1 1.45000E+01 1.45000E+01
n-F019-MT016-Picard-20892004.1965                               15 1.23500E+01 2.09000E+01
n-F019-MT016-Rayburn-11328003.1961                               1 1.44000E+01 1.44000E+01
n-F019-MT016-Rayburn-11780002.1962                              12 1.26000E+01 1.79000E+01
n-F019-MT016-Robertson-20799003.1973                             1 1.47800E+01 1.47800E+01
n-F019-MT016-Ryves-20867003.1978                                 6 1.46500E+01 1.90000E+01
n-F019-MT016-Shiokawa-20278002.1968                              5 1.35100E+01 1.48100E+01
n-F019-MT016-Sigg-10776014.1976                                  1 1.46000E+01 1.46000E+01
n-F019-MT016-Sigg-10776014A001.1976                              1 1.46000E+01 1.46000E+01
n-F019-MT016-Vonach-20815002.1968                                1 1.47000E+01 1.47000E+01
