#              Filename                                         N    min         max
n-Bi209-MT003-Allen-11693004.1955                               11 6.00000E-01 1.60000E+00
n-Bi209-MT003-Ball-11257009.1958                                 6 7.20000E+00 1.39000E+01
n-Bi209-MT003-Beyster-11216017.1955                              3 1.00000E+00 4.50000E+00
n-Bi209-MT003-Beyster-11216017A001.1955                          3 1.00000E+00 4.50000E+00
n-Bi209-MT003-Beyster-11220032.1956                              4 1.77000E+00 7.00000E+00
n-Bi209-MT003-Beyster-11220032A001.1956                          4 1.77000E+00 7.00000E+00
n-Bi209-MT003-Bonner-11793006.1959                               5 8.20000E+00 1.85000E+01
n-Bi209-MT003-Flerov-40369024.1956                               1 1.45000E+01 1.45000E+01
n-Bi209-MT003-Graves-11304012.1953                               1 1.41000E+01 1.41000E+01
n-Bi209-MT003-Graves-11310012.1955                               1 1.41000E+01 1.41000E+01
n-Bi209-MT003-Haas-11794008.1963                                 1 1.39800E+01 1.39800E+01
n-Bi209-MT003-Lebedev-40415018.1958                              1 1.40000E+01 1.40000E+01
n-Bi209-MT003-Macgregor-11226024.1957                            1 1.42000E+01 1.42000E+01
n-Bi209-MT003-Macgregor-11226024A001.1957                        1 1.42000E+01 1.42000E+01
n-Bi209-MT003-Macgregor-11230012.1958                            1 2.55000E+01 2.55000E+01
n-Bi209-MT003-Macgregor-11230012A001.1958                        1 2.55000E+01 2.55000E+01
n-Bi209-MT003-Pasechnik-40381017.1955                            2 3.30000E+00 4.10000E+00
n-Bi209-MT003-Schimmerling-10082024.1973                        15 3.79000E+02 1.73100E+03
n-Bi209-MT003-Schimmerling-10082024A001.1973                    15 3.79000E+02 1.73100E+03
n-Bi209-MT003-Strizhak-32239011.1958                             1 1.40000E+01 1.40000E+01
n-Bi209-MT003-Strizhak-40360020.1957                             1 1.40000E+01 1.40000E+01
n-Bi209-MT003-Strizhak-40782027.1956                             1 2.50000E+00 2.50000E+00
n-Bi209-MT003-Taylor-11217013.1955                               5 3.50000E+00 1.41000E+01
n-Bi209-MT003-Taylor-11217013A001.1955                           5 3.50000E+00 1.41000E+01
n-Bi209-MT003-Walt-11215055.1955                                 1 4.10000E+00 4.10000E+00
n-Bi209-MT003-Walt-11215055A001.1955                             1 4.10000E+00 4.10000E+00
