#              Filename                                         N    min         max     
n-Ni058-rp027058m-Hudson-108360051.1978                          5 1.33000E+01 1.71000E+01
n-Ni058-rp027058m-Hudson-108360051A001.1978                      5 1.33000E+01 1.71000E+01
n-Ni058-rp027058m-Cross-11696012.1963                            1 1.45000E+01 1.45000E+01
n-Ni058-rp027058m-Preiss-11740006.1960                           1 1.48000E+01 1.48000E+01
n-Ni058-rp027058m-Bormann-20836012.1966                          1 1.30000E+01 1.30000E+01
n-Ni058-rp027058m-Bahal-21936031.1985                            1 1.47000E+01 1.47000E+01
n-Ni058-rp027058m-Ercan-22338004.1991                            1 1.46000E+01 1.46000E+01
n-Ni058-rp027058m-Semkova-22820006.2004                          7 1.29000E+00 1.92800E+01
n-Ni058-rp027058m-Ribansky-30811003M.1985                        1 1.48000E+01 1.48000E+01
n-Ni058-rp027058m-Viennot-30978024.1991                          7 1.37700E+01 1.48300E+01
n-Ni058-rp027058m-Sudar-30995005.1991                           10 5.20800E+00 1.00400E+01
n-Ni058-rp027058m-Buczko-31455006.1995                          10 5.38000E+00 1.22000E+01
n-Ni058-rp027058m-Buczko-31455007.1995                           1 1.48400E+01 1.48400E+01
n-Ni058-rp027058m-Avrigeanu-31584003.1999                       12 2.14000E+00 1.47800E+01
n-Ni058-rp027058m-LiGuozhengg-31646005.1990                      2 1.41000E+01 1.46200E+01
n-Ni058-rp027058m-LiGuozhengg-31646006.1990                      1 1.41000E+01 1.41000E+01
n-Ni058-rp027058m-Levkovskii-40226012.1970                       1 1.48000E+01 1.48000E+01
n-Ni058-rp027058m-Filatenkov-41614027.2016                      15 1.34700E+01 1.48600E+01
