#              Filename                                         N    min         max
n-Sr088-MT103-Bass-21504002.1968                                 8 8.00000E+00 9.40000E+00
n-Sr088-MT103-Bramlitt-11880003.1961                             1 1.48000E+01 1.48000E+01
n-Sr088-MT103-Cohen-21115007.1956                               18 1.30500E+01 1.76000E+01
n-Sr088-MT103-Dresler-30263014.1973                              1 1.46000E+01 1.46000E+01
n-Sr088-MT103-Ganesapandy-33180003.2022                          1 1.47700E+01 1.47700E+01
n-Sr088-MT103-GuozhuHee-32654008.2006                            1 1.46000E+01 1.46000E+01
n-Sr088-MT103-Gupta-30707018.1985                                1 1.48000E+01 1.48000E+01
n-Sr088-MT103-Husain-10088006.1970                               1 1.48000E+01 1.48000E+01
n-Sr088-MT103-Husain-10088006A001.1970                           1 1.48000E+01 1.48000E+01
n-Sr088-MT103-Hyvoenendabek-21886008.1978                        1 1.47000E+01 1.47000E+01
n-Sr088-MT103-Kasugai-22433016.1998                              6 1.34000E+01 1.48700E+01
n-Sr088-MT103-Levkovskii-40016027.1964                           1 1.40000E+01 1.40000E+01
n-Sr088-MT103-Levkovskii-402230171.1969                          1 1.48000E+01 1.48000E+01
n-Sr088-MT103-Molla-20721076.1977                                1 1.47000E+01 1.47000E+01
n-Sr088-MT103-Paul-11274061.1953                                 1 1.45000E+01 1.45000E+01
n-Sr088-MT103-Prasad-30336025.1971                               1 1.48000E+01 1.48000E+01
n-Sr088-MT103-Strohal-30008021.1962                              1 1.46000E+01 1.46000E+01
n-Sr088-MT103-Tikku-30394007.1972                                1 1.47000E+01 1.47000E+01
n-Sr088-MT103-Venugopalarao-10157016.1971                        1 1.44000E+01 1.44000E+01
n-Sr088-MT103-Venugopalarao-10157016A001.1971                    1 1.44000E+01 1.44000E+01
