#              Filename                                         N    min         max     
a-Al027-rp011024-Michel-A0153002.1980                           45 3.18700E+01 1.70780E+02
a-Al027-rp011024-Bamblevski-A0242004N.1986                       1 1.46000E+04 1.46000E+04
a-Al027-rp011024-Rattan-A03530022.1986                           2 4.43000E+01 4.86000E+01
a-Al027-rp011024-Ismail-A0442005.1988                            2 4.89000E+01 5.55000E+01
a-Al027-rp011024-Lindner-C0381002.1953                           7 3.30000E+01 4.00000E+01
a-Al027-rp011024-Lindner-C0381003.1953                          57 4.20000E+01 3.80000E+02
a-Al027-rp011024-Lindsay-C0701004.1960                           9 3.35000E+01 4.14000E+01
a-Al027-rp011024-Bouchardjr-C09470042.1959                       1 4.00000E+01 4.00000E+01
a-Al027-rp011024-Porile-C0984003.1962                            8 3.42000E+01 4.12000E+01
a-Al027-rp011024-Church-C2344006.1972                            1 9.20000E+02 9.20000E+02
a-Al027-rp011024-Gadioli-D0394015.1984                           1 8.50000E+01 8.50000E+01
a-Al027-rp011024-Kirov-D1027002.1992                             1 3.65000E+01 3.65000E+01
a-Al027-rp011024-Takacs-D4364006.2017                            5 3.66500E+01 4.97200E+01
a-Al027-rp011024-Rattan-D6005003.1990                            2 5.52000E+01 5.82000E+01
a-Al027-rp011024-Ismail-F0068016.1990                           28 3.25400E+01 6.44200E+01
a-Al027-rp011024-Karamyan-F1318005.1992                          5 2.80460E+01 3.52830E+01
a-Al027-rp011024-Mukherjee-O1180003.1997                        18 3.00200E+01 7.00800E+01
a-Al027-rp011024-Vysotskiy-A04240022.1989                        6 5.20000E+01 9.16000E+01
a-Al027-rp011024-Rattan-A0450003.1985                            2 4.54000E+01 4.96000E+01
a-Al027-rp011024-Lange-A0517014.1995                             8 8.64000E+01 1.70000E+02
a-Al027-rp011024-Ismail-A0523003.1993                           22 3.25000E+01 6.41400E+01
a-Al027-rp011024-Bowman-B0009011.1969                           93 4.60000E+01 1.19000E+02
a-Al027-rp011024-Crandall-B0101007.1956                          1 3.80000E+02 3.80000E+02
a-Al027-rp011024-Martens-B0142007.1970                          74 3.13000E+01 1.02700E+02
a-Al027-rp011024-Probst-B0174002.1976                           40 5.12000E+01 1.54400E+02
a-Al027-rp011024-Ismail-D6143002.1989                           18 2.85900E+01 5.73200E+01
a-Al027-rp011024-Yashima-E1829027.2003                           1 9.20000E+02 9.20000E+02
