#              Filename                                         N    min         max
n-Mo096-MT103-Amemiya-21840007.1982                              1 1.48000E+01 1.48000E+01
n-Mo096-MT103-Artemev-41321015.1980                              1 1.48000E+01 1.48000E+01
n-Mo096-MT103-Atsumi-21935006.1984                               1 1.46000E+01 1.46000E+01
n-Mo096-MT103-Bramlitt-11590064.1963                             1 1.47000E+01 1.47000E+01
n-Mo096-MT103-Cuzzocrea-21141006.1967                            1 1.41000E+01 1.41000E+01
n-Mo096-MT103-Doczi-31495013.1998                                3 1.11900E+01 1.25300E+01
n-Mo096-MT103-Filatenkov-41424026.2001                           6 1.36400E+01 1.46400E+01
n-Mo096-MT103-Fujino-20850007.1977                               1 1.46000E+01 1.46000E+01
n-Mo096-MT103-Grallert-31496043.1993                             1 1.46000E+01 1.46000E+01
n-Mo096-MT103-Ikeda-22089075.1988                               16 1.33400E+01 1.49400E+01
n-Mo096-MT103-JunhuaLuoo-32812007.2020                           3 1.35000E+01 1.48000E+01
n-Mo096-MT103-KongXiangzhongg-32579003.1991                      6 1.34000E+01 1.47900E+01
n-Mo096-MT103-Liskien-22125007.1990                             15 1.25900E+01 1.95800E+01
n-Mo096-MT103-Lu-10145006.1970                                   1 1.44000E+01 1.44000E+01
n-Mo096-MT103-Lu-10145006A001.1970                               1 1.44000E+01 1.44000E+01
n-Mo096-MT103-Marcinkowski-30809005.1986                         8 1.30000E+01 1.66000E+01
n-Mo096-MT103-Molla-30825017.1986                                1 1.46000E+01 1.46000E+01
n-Mo096-MT103-Molla-31491010.1997                                5 1.35700E+01 1.47100E+01
n-Mo096-MT103-Osman-31464030.1996                                1 1.47000E+01 1.47000E+01
n-Mo096-MT103-Pepelnik-21999029.1986                             1 1.47000E+01 1.47000E+01
n-Mo096-MT103-Qaim-20513025.1974                                 1 1.47000E+01 1.47000E+01
n-Mo096-MT103-Rahman-21990004.1985                               8 5.91100E+00 9.57700E+00
n-Mo096-MT103-Ram-33147002.2020                                  2 1.45400E+01 1.45400E+01
n-Mo096-MT103-Reimer-22889007.2005                               3 1.62200E+01 2.06000E+01
n-Mo096-MT103-Reimer-41456011.2005                               8 1.34800E+01 1.48200E+01
n-Mo096-MT103-Semkova-23233006.2014                              4 8.92000E+00 1.30800E+01
n-Mo096-MT103-Srinivasarao-30576008.1981                         1 1.42000E+01 1.42000E+01
n-Mo096-MT103-Strohal-30008027.1962                              1 1.46000E+01 1.46000E+01
