#              Filename                                         N    min         max
n-Am243-MT102-Bak-40062005.1967                                  1 2.00000E-07 2.00000E-07
n-Am243-MT102-Eberle-231090031.1971                              1 2.53000E-08 2.53000E-08
n-Am243-MT102-Folger-12534004.1968                               1 2.53000E-08 2.53000E-08
n-Am243-MT102-Gamgam-02095243.2024                               2 5.00000E-03 1.00000E-02
n-Am243-MT102-Gavrilov-40467012.1976                             1 2.53000E-08 2.53000E-08
n-Am243-MT102-Kimura-23534002.2019                              40 1.27890E-06 1.43713E-06
n-Am243-MT102-Kimura-23534003.2019                              40 1.27890E-06 1.43713E-06
n-Am243-MT102-Kimura-23534004.2019                            5605 9.87630E-09 7.35242E-05
n-Am243-MT102-Kimura-23534005.2019                            5962 9.87630E-09 1.99714E-04
n-Am243-MT102-Kimura-23534006.2019                            5962 9.87630E-09 1.99714E-04
n-Am243-MT102-Kodama-23748002.2021                               1 2.34000E-02 2.34000E-02
n-Am243-MT102-Mendoza-23254011.2014                             30 2.59972E-04 2.40765E-03
n-Am243-MT102-Nakamura-23744004.2021                             1 2.53000E-08 2.53000E-08
n-Am243-MT102-Weston-12951002.1985                              38 2.58000E-04 9.21000E-02
n-Am243-MT102-Weston-12951003.1985                              37 2.58000E-04 9.21000E-02
n-Am243-MT102-Wisshak-218630024.1983                            16 5.70000E-03 9.21000E-02
n-Am243-MT102-Wisshak-218630034.1983                            16 5.70000E-03 9.35000E-02
n-Am243-MT102-Wisshak-218630044.1983                            16 5.60000E-03 9.19000E-02
n-Am243-MT102-Wisshak-218630054.1983                            16 5.80000E-03 9.23000E-02
n-Am243-MT102-Wisshak-218630064.1983                            20 7.00000E-03 9.31000E-02
n-Am243-MT102-Wisshak-218630074.1983                            20 7.20000E-03 9.54000E-02
n-Am243-MT102-Wisshak-218630084.1983                             9 3.44000E-02 2.26100E-01
n-Am243-MT102-Wisshak-218630094.1983                            10 3.82000E-02 2.17900E-01
n-Am243-MT102-Wisshak-21863011.1983                             16 5.70000E-03 9.25000E-02
n-Am243-MT102-Wisshak-21863012.1983                             20 7.10000E-03 9.43000E-02
