#              Filename                                         N    min         max
n-Am243-MT018-Alekseev-41578002.2011                           232 2.96200E-07 8.71900E-03
n-Am243-MT018-Alekseev-41578004.2011                             1 1.45000E-07 1.45000E-07
n-Am243-MT018-Belloni-23148003.2010                             32 5.31500E-01 1.88650E+01
n-Am243-MT018-Butler-12543003.1961                              65 3.00000E-01 1.67000E+00
n-Am243-MT018-Fomushkin-40779006.1967                            1 1.45000E+01 1.45000E+01
n-Am243-MT018-Fomushkin-40779013.1967                            1 1.45000E+01 1.45000E+01
n-Am243-MT018-Fomushkin-408560041.1984                           1 1.48000E+01 1.48000E+01
n-Am243-MT018-Fursov-408370032.1985                             69 1.35000E-01 7.40000E+00
n-Am243-MT018-Gavrilov-40467005.1976                             1 2.53000E-08 2.53000E-08
n-Am243-MT018-Golovnya-41361003.1994                             1 1.47000E+01 1.47000E+01
n-Am243-MT018-Kanda-22044003.1987                               15 1.06000E+00 6.83000E+00
n-Am243-MT018-Kessedjian-22993003.2012                           5 1.84000E+00 3.39000E+00
n-Am243-MT018-Kessedjian-22993004.2012                           4 5.12000E+00 7.35000E+00
n-Am243-MT018-Kessedjian-22993005.2012                           5 3.59000E+00 6.21000E+00
n-Am243-MT018-Kessedjian-22993006.2012                           3 4.00000E+00 5.31000E+00
n-Am243-MT018-Kessedjian-22993007.2012                           4 4.39000E+00 6.00000E+00
n-Am243-MT018-Knitter-22032002.1988                            112 3.35000E-01 9.92000E+00
n-Am243-MT018-Kobayashi-22422002.1999                            1 2.53000E-08 2.53000E-08
n-Am243-MT018-Kobayashi-22422003.1999                            7 4.00000E-07 5.50000E-03
n-Am243-MT018-Kobayashi-22422005.1999                          104 5.62000E-08 7.94000E-03
n-Am243-MT018-Laptev-41487005.2007                             166 5.77170E-01 1.96150E+02
n-Am243-MT018-Laptev-41487010.2007                             166 5.77200E-01 1.96200E+02
n-Am243-MT018-Manabe-222820092.1988                              3 1.40000E+01 1.48900E+01
n-Am243-MT018-Seeger-10063002.1970                            1699 4.89011E-05 8.99617E-04
n-Am243-MT018-Seeger-10063002A001.1970                        1699 4.89011E-05 8.99617E-04
n-Am243-MT018-Seeger-10063003.1970                             363 9.03104E-04 9.99563E-02
n-Am243-MT018-Seeger-10063003A001.1970                         363 9.03104E-04 9.99563E-02
n-Am243-MT018-Seeger-10063004.1970                             137 1.02021E-01 2.97311E+00
n-Am243-MT018-Seeger-10063004A001.1970                         137 1.02021E-01 2.97311E+00
n-Am243-MT018-Wisshak-218630132.1983                             6 1.25000E-02 8.00000E-02
n-Am243-MT018-Wisshak-218630142.1983                             6 1.25000E-02 8.00000E-02
n-Am243-MT018-Wisshak-218630152.1983                             5 3.50000E-02 2.00000E-01
n-Am243-MT018-Wisshak-218630162.1983                             6 3.50000E-02 2.25000E-01
