#              Filename                                         N    min         max     
n-Ga071-rp031072-Macklin-11399013.1957                           1 2.40000E-02 2.40000E-02
n-Ga071-rp031072-Lyon-11407007.1959                              1 1.95000E-01 1.95000E-01
n-Ga071-rp031072-Johnsrud-11675006.1959                         14 1.65000E-01 2.48000E+00
n-Ga071-rp031072-Schwerer-20670007.1976                          1 1.46000E+01 1.46000E+01
n-Ga071-rp031072-Ryves-20791004.1971                             1 2.53000E-08 2.53000E-08
n-Ga071-rp031072-Perkin-21438011.1958                            1 1.45000E+01 1.45000E+01
n-Ga071-rp031072-Koester-21953007.1984                           1 2.53000E-08 2.53000E-08
n-Ga071-rp031072-Karadag-22861002.2003                           1 2.53000E-08 2.53000E-08
n-Ga071-rp031072-Farinaarbocco-23266070.2013                     1 2.53000E-08 2.53000E-08
n-Ga071-rp031072-Farinaarbocco-23266071.2013                    21 2.53000E-08 2.53000E-08
n-Ga071-rp031072-Decorte-23488022.1988                           1 2.53000E-08 2.53000E-08
n-Ga071-rp031072-Peto-30031006.1967                              1 3.00000E+00 3.00000E+00
n-Ga071-rp031072-Chaubey-30079008.1966                           1 2.40000E-02 2.40000E-02
n-Ga071-rp031072-MANJUSHREEMAJUMDERR-30296002.1977               1 1.48000E+01 1.48000E+01
n-Ga071-rp031072-Anand-30390004.1979                             1 2.50000E-02 2.50000E-02
n-Ga071-rp031072-Afroze-31585002.2014                            1 3.34000E-08 3.34000E-08
n-Ga071-rp031072-Uddin-31634002.2008                             1 5.36000E-08 5.36000E-08
n-Ga071-rp031072-Son-31715004.2011                               1 2.53000E-08 2.53000E-08
n-Ga071-rp031072-Panikkath-31793002.2019                         1 2.53000E-08 2.53000E-08
n-Ga071-rp031072-Panikkath-31793003.2019                         1 2.53000E-08 2.53000E-08
n-Ga071-rp031072-JunhuaLuoo-327060021.2012                       3 1.35000E+01 1.48000E+01
n-Ga071-rp031072-JunhuaLuoo-327060022.2012                       3 1.35000E+01 1.48000E+01
n-Ga071-rp031072-JunhuaLuoo-327060023.2012                       3 1.35000E+01 1.48000E+01
n-Ga071-rp031072-JunhuaLuoo-327060024.2012                       3 1.35000E+01 1.48000E+01
n-Ga071-rp031072-JiangLiyanggg-32707002.2012                     4 6.20000E-01 2.98000E+00
n-Ga071-rp031072-Dovbenko-40001004.1969                         27 1.10000E-02 2.21000E+00
n-Ga071-rp031072-Zaikin-40255003.1976                           13 1.98000E-01 2.58000E+00
n-Ga071-rp031072-Stavisskii-40448003.1960                        7 3.70000E-01 1.67000E+00
n-Ga071-rp031072-Trofimov-41001004.1987                          1 1.00000E+00 1.00000E+00
