#              Filename                                         N    min         max
n-Fe054-MT016-Allan-21488002.1957                                1 1.41000E+01 1.41000E+01
n-Fe054-MT016-Andreev-40212002.1968                             10 1.38700E+01 1.74000E+01
n-Fe054-MT016-Andreev-40212003.1968                             10 1.38700E+01 1.74000E+01
n-Fe054-MT016-Araminowicz-30264012.1973                          1 1.46000E+01 1.46000E+01
n-Fe054-MT016-Bahal-21936013.1985                                1 1.47000E+01 1.47000E+01
n-Fe054-MT016-Bormann-20614002.1976                             11 1.40500E+01 1.82300E+01
n-Fe054-MT016-Cross-11696002.1963                                1 1.45000E+01 1.45000E+01
n-Fe054-MT016-Csikai-30038005.1965                               1 1.46000E+01 1.46000E+01
n-Fe054-MT016-Depraz-21419005.1960                               1 1.50000E+01 1.50000E+01
n-Fe054-MT016-Ercan-22338047.1991                                1 1.46000E+01 1.46000E+01
n-Fe054-MT016-Fessler-22440002.1998                             17 1.52200E+01 2.05100E+01
n-Fe054-MT016-Greenwood-12975002.1985                            6 1.39500E+01 1.46400E+01
n-Fe054-MT016-Pansare-330010021.1993                             1 1.47000E+01 1.47000E+01
n-Fe054-MT016-Pansare-330010022.1993                             1 1.47000E+01 1.47000E+01
n-Fe054-MT016-Qaim-20536006.1972                                 1 1.47000E+01 1.47000E+01
n-Fe054-MT016-Rayburn-11328011.1961                              1 1.44000E+01 1.44000E+01
n-Fe054-MT016-Ryves-20867004.1978                                6 1.46500E+01 1.90000E+01
n-Fe054-MT016-Sakane-22662004.2001                               5 1.37000E+01 1.48700E+01
n-Fe054-MT016-Salisbury-11721004.1965                            2 1.40500E+01 1.67500E+01
n-Fe054-MT016-Terrell-11715002.1958                              2 1.68900E+01 1.78900E+01
n-Fe054-MT016-Viennot-30978014.1991                              5 1.39300E+01 1.48300E+01
n-Fe054-MT016-Wallner-23171004.2011                              9 1.35100E+01 1.48000E+01
n-Fe054-MT016-ZhouMuyaoo-30755006.1987                           1 1.46000E+01 1.46000E+01
