#              Filename                                         N    min         max     
n-Nb093-rp041092m-Husain-10088019.1970                           1 1.48000E+01 1.48000E+01
n-Nb093-rp041092m-Nethaway-10312010.1972                        11 1.38000E+01 1.49400E+01
n-Nb093-rp041092m-Santry-10420002.1974                           1 1.45000E+01 1.45000E+01
n-Nb093-rp041092m-Lu-10497005.1970                               1 1.44000E+01 1.44000E+01
n-Nb093-rp041092m-Nethaway-10709002.1978                         7 1.38700E+01 1.46800E+01
n-Nb093-rp041092m-Nethaway-10709003.1978                         4 1.48000E+01 1.49800E+01
n-Nb093-rp041092m-Nethaway-10709004.1978                         5 1.54500E+01 1.90600E+01
n-Nb093-rp041092m-Hudson-10836003.1978                           7 1.33000E+01 1.90000E+01
n-Nb093-rp041092m-Husain-10088019A001.1970                       1 1.48000E+01 1.48000E+01
n-Nb093-rp041092m-Nethaway-10312010A001.1972                    11 1.38000E+01 1.49400E+01
n-Nb093-rp041092m-Santry-10420002A001.1974                       1 1.45000E+01 1.45000E+01
n-Nb093-rp041092m-Lu-10497005A001.1970                           1 1.44000E+01 1.44000E+01
n-Nb093-rp041092m-Nethaway-10709002A001.1978                     7 1.38700E+01 1.46800E+01
n-Nb093-rp041092m-Nethaway-10709003A001.1978                     4 1.48000E+01 1.49800E+01
n-Nb093-rp041092m-Nethaway-10709004A001.1978                     5 1.54500E+01 1.90600E+01
n-Nb093-rp041092m-Hudson-10836003A001.1978                       7 1.33000E+01 1.90000E+01
n-Nb093-rp041092m-Tewes-11504010.1960                           12 9.35000E+00 1.51000E+01
n-Nb093-rp041092m-Bramlitt-11590052.1963                         1 1.47000E+01 1.47000E+01
n-Nb093-rp041092m-Koehler-11785007.1962                          1 1.47000E+01 1.47000E+01
n-Nb093-rp041092m-Western-12069016.1966                          1 1.47000E+01 1.47000E+01
n-Nb093-rp041092m-Harper-12730004.1982                           1 1.42000E+01 1.42000E+01
n-Nb093-rp041092m-Santry-13195002.1990                          18 9.02000E+00 1.38900E+01
n-Nb093-rp041092m-Santry-13195003.1990                          12 1.25400E+01 1.98000E+01
n-Nb093-rp041092m-Smith-13513003.1991                            2 9.38000E+00 9.87000E+00
n-Nb093-rp041092m-Rieder-20033012.1966                           2 1.40500E+01 1.47000E+01
n-Nb093-rp041092m-Vonach-20087006.1959                           1 1.41000E+01 1.41000E+01
n-Nb093-rp041092m-Vallis-20347005.1966                           1 1.47000E+01 1.47000E+01
n-Nb093-rp041092m-Paulsen-20393002.1970                         32 1.02600E+01 1.95900E+01
n-Nb093-rp041092m-Qaim-20554011.1971                             1 1.47000E+01 1.47000E+01
n-Nb093-rp041092m-Bormann-20830002.1970                          6 1.26600E+01 1.79600E+01
n-Nb093-rp041092m-Laurec-21709003.1981                           2 1.41000E+01 1.48000E+01
n-Nb093-rp041092m-Ryves-21827002.1981                            1 1.46800E+01 1.46800E+01
n-Nb093-rp041092m-Ikeda-21945002.1986                           11 1.35000E+01 1.48800E+01
n-Nb093-rp041092m-Ikeda-22089065.1988                           11 1.35500E+01 1.49600E+01
n-Nb093-rp041092m-Kimura-22093019.1990                           1 1.40500E+01 1.40500E+01
n-Nb093-rp041092m-Mannan-22095004.1988                           4 9.09000E+00 1.06100E+01
n-Nb093-rp041092m-Woelfle-22108002.1988                         15 1.25500E+01 1.95800E+01
n-Nb093-rp041092m-Ikeda-22209007.1991                            3 1.10000E+01 1.32000E+01
n-Nb093-rp041092m-Ikeda-22209014.1991                            4 9.50000E+00 1.32000E+01
n-Nb093-rp041092m-Ikeda-22312006.1993                            8 1.33300E+01 1.49500E+01
n-Nb093-rp041092m-Fessler-22414021.2000                          5 1.60330E+01 2.02290E+01
n-Nb093-rp041092m-Kobayashi-22624006.1985                        1 1.41000E+01 1.41000E+01
n-Nb093-rp041092m-Mannhart-22976031.2007                        14 9.13500E+00 1.34690E+01
n-Nb093-rp041092m-Iguchi-23008002.1987                           5 1.38100E+01 1.47600E+01
n-Nb093-rp041092m-Uno-23279017.1996                              6 1.75500E+01 3.00900E+01
n-Nb093-rp041092m-Strohal-30008014.1962                          1 1.46000E+01 1.46000E+01
n-Nb093-rp041092m-Holub-30348009.1976                            1 1.46000E+01 1.46000E+01
n-Nb093-rp041092m-Molla-30577009.1983                            1 1.48000E+01 1.48000E+01
n-Nb093-rp041092m-ZhaoWenrongg-30637005.1989                    14 1.27900E+01 1.82400E+01
n-Nb093-rp041092m-Csikai-30640008.1982                           6 1.35000E+01 1.47800E+01
n-Nb093-rp041092m-Chiadli-30697002.1982                          5 1.39000E+01 1.48000E+01
n-Nb093-rp041092m-Kim-30737004.1986                              1 1.46000E+01 1.46000E+01
n-Nb093-rp041092m-Garlea-30807003.1985                           1 1.48000E+01 1.48000E+01
n-Nb093-rp041092m-Garlea-30813004.1984                           1 1.47500E+01 1.47500E+01
n-Nb093-rp041092m-Daroczy-30814003.1983                          3 8.92000E+00 9.90000E+00
n-Nb093-rp041092m-WangXiuyuann-30935003.1989                     7 1.35400E+01 1.48100E+01
n-Nb093-rp041092m-Bhuiyan-30936003.1989                          5 1.34700E+01 1.48000E+01
n-Nb093-rp041092m-Molla-30985002.1991                            5 1.36400E+01 1.48300E+01
n-Nb093-rp041092m-Kiraly-31519007.2001                           2 1.13000E+01 1.41000E+01
n-Nb093-rp041092m-Honusek-316910021.2011                         7 1.80000E+01 3.56250E+01
n-Nb093-rp041092m-Honusek-316910022.2011                         7 1.80000E+01 3.56250E+01
n-Nb093-rp041092m-Honusek-316910031.2011                         6 2.25000E+01 3.50000E+01
n-Nb093-rp041092m-Honusek-316910032.2011                         6 2.25000E+01 3.50000E+01
n-Nb093-rp041092m-Majerle-31767015.2016                          7 1.73000E+01 3.55000E+01
n-Nb093-rp041092m-Pasha-33129002.2019                            1 1.47800E+01 1.47800E+01
n-Nb093-rp041092m-Pasha-33148003.2020                            1 1.45400E+01 1.45400E+01
n-Nb093-rp041092m-Glagolev-40789003.1961                         1 1.47000E+01 1.47000E+01
n-Nb093-rp041092m-Filatenkov-41240003.1999                      15 1.34700E+01 1.48600E+01
