#              Filename                                         N    min         max
g-U238-MT018-Anderl-M0431004.1973                               31 5.00000E+00 8.00000E+00
g-U238-MT018-Arrudaneto-M0533002.1976                           39 6.30000E+00 5.20000E+01
g-U238-MT018-Bergere-L0082006.1972                              40 7.77000E+00 1.83000E+01
g-U238-MT018-Bernabei-M0407002.1988                              6 4.64000E+01 7.19000E+01
g-U238-MT018-Bowman-M0426002.1975                                7 2.75000E+00 5.75000E+00
g-U238-MT018-Caldwell-L0050016.1980                             59 5.26500E+00 1.82610E+01
g-U238-MT018-Cetina-M0638006.2002                               43 1.93000E+02 3.77900E+03
g-U238-MT018-Cetina-M0638012.2002                               43 1.93000E+02 3.77900E+03
g-U238-MT018-Csige-L0179002.2013                                15 4.79600E+00 6.11100E+00
g-U238-MT018-Dickey-L0081002.1975                               46 5.11000E+00 7.79000E+00
g-U238-MT018-Dzhilavyan-M0870002.2013                            1 1.00000E+01 1.00000E+01
g-U238-MT018-Frommhold-M0772003.1994                            44 5.00000E+01 7.84000E+02
g-U238-MT018-Frommhold-M0950002.1992                            44 4.74600E+01 7.86440E+02
g-U238-MT018-Haxby-L0270002.1941                                 1 6.30000E+00 6.30000E+00
g-U238-MT018-Huizenga-M0505003.1962                              2 6.14000E+00 7.00000E+00
g-U238-MT018-Iljinov-M0940002.1992                               7 7.00000E+01 2.40000E+02
g-U238-MT018-Katz-L0085012.1958                                 15 5.98000E+00 1.77000E+01
g-U238-MT018-Khan-M0504003.1972                                 33 5.03000E+00 8.39000E+00
g-U238-MT018-Koretskaya-M0017007.1979                           14 8.00000E+00 2.00000E+01
g-U238-MT018-Lepretre-M0491004.1987                             48 2.30000E+01 1.04000E+02
g-U238-MT018-Mafra-M0433002.1972                                12 5.43000E+00 9.00000E+00
g-U238-MT018-Manfredini-L0093002.1966                           12 5.41000E+00 8.85000E+00
g-U238-MT018-Manfredini-M0535002.1965                            6 5.43000E+00 7.72000E+00
g-U238-MT018-Martins-M0388017.1991                               1 6.90000E+01 6.90000E+01
g-U238-MT018-Minarik-M1007002.1957                              10 2.04500E+01 2.34680E+02
g-U238-MT018-Ostapenko-M0004011.1978                            26 4.30000E+00 6.95000E+00
g-U238-MT018-Ostapenko-M0075005.1981                            25 3.36000E+00 6.28000E+00
g-U238-MT018-Rabotnov-M0190020.1970                             25 4.83000E+00 7.76000E+00
g-U238-MT018-Ries-M0492003.1984                                 24 3.90000E+01 1.04500E+02
g-U238-MT018-Ries-M0503003.1984                                 16 1.15000E+01 3.00000E+01
g-U238-MT018-Sanabria-M0750005.2000                             28 6.50000E+01 2.60000E+02
g-U238-MT018-Silano-L0239003.2018                               17 4.30000E+00 6.00000E+00
g-U238-MT018-Soldatov-M0731002.1992                             72 5.00000E+00 1.21000E+01
g-U238-MT018-Tavares-M0387008.1991                               1 5.20000E+01 5.20000E+01
g-U238-MT018-Varhue-L0251003.1987                                7 5.00000E+00 1.10100E+01
g-U238-MT018-Veyssiere-L0031013.1973                            40 7.80000E+00 1.83500E+01
g-U238-MT018-Wilke-L0252002.1990                                87 7.63010E+00 1.61196E+01
g-U238-MT018-Zduchko-M0078020.1978                              26 4.30000E+00 6.95000E+00
g-U238-MT018-Zhuchko-M0079008.1978                              32 3.42000E+00 6.94000E+00
g-U238-MT018-Zhuchko-M0080002.1977                               9 3.20000E+00 4.51000E+00
g-U238-MT018-Zhuchko-M0084003.1976                              25 3.71000E+00 6.56000E+00
