#              Filename                                         N    min         max
p-Co059-MT017-Aleksandrov-A0501004.1990                          1 1.00000E+03 1.00000E+03
p-Co059-MT017-Aleksandrov-A0502002.1990                          1 6.60000E+02 6.60000E+02
p-Co059-MT017-Church-B0024002.1969                               1 4.00000E+02 4.00000E+02
p-Co059-MT017-Ditroi-D4255006.2011                              13 5.97000E+01 6.98000E+01
p-Co059-MT017-Ditroi-D4293002.2013                              27 1.60000E+01 6.98000E+01
p-Co059-MT017-Johnson-C0187006.1984                             14 2.59000E+01 3.94000E+01
p-Co059-MT017-Michel-A01000091.1985                             26 4.86100E+01 1.99300E+02
p-Co059-MT017-Michel-A0146018.1979                              12 2.53500E+01 4.46000E+01
p-Co059-MT017-Michel-O00780223.1989                              1 6.00000E+02 6.00000E+02
p-Co059-MT017-Michel-O0276095.1997                              23 3.97000E+01 2.78000E+02
p-Co059-MT017-Michel-O0277144.1995                               4 8.00000E+02 2.60000E+03
p-Co059-MT017-Schiekel-O0284086.1996                             9 2.13000E+02 3.80000E+02
p-Co059-MT017-Shahid-D7038003.2020                              20 2.26800E+01 4.36700E+01
p-Co059-MT017-Sharp-P0034002.1956                               18 2.50000E+01 3.13000E+01
p-Co059-MT017-Sharp-P0034003.1956                                8 2.71000E+01 3.49000E+01
p-Co059-MT017-Sharp-P0034004.1956                                4 2.67000E+01 3.35000E+01
p-Co059-MT017-Sharp-P0034005.1956                               32 2.75000E+01 9.93000E+01
p-Co059-MT017-Sharp-P0034006.1956                                4 2.55000E+01 3.05000E+01
p-Co059-MT017-Titarenko-O0397032.1996                            1 1.20000E+03 1.20000E+03
