#              Filename                                         N    min         max
n-Pu239-MT001-Abov-412220031.1955                                1 3.00000E-07 3.00000E-07
n-Pu239-MT001-Anderson-12519002.1945                             1 2.53000E-08 2.53000E-08
n-Pu239-MT001-Anderson-125190041.1945                            1 2.95000E-07 2.95000E-07
n-Pu239-MT001-Anderson-14734007.1944                            11 3.87500E-09 3.41700E-07
n-Pu239-MT001-Anderson-14734008.1944                             6 2.69400E-07 2.24600E-06
n-Pu239-MT001-Anderson-14734009.1944                            17 3.83200E-09 1.52000E-06
n-Pu239-MT001-Anderson-14734010.1944                            12 2.05200E-07 2.59500E-06
n-Pu239-MT001-Anderson-14734011.1944                             1 2.50000E-08 2.50000E-08
n-Pu239-MT001-Auclair-225080021.1955                             1 2.97000E-07 2.97000E-07
n-Pu239-MT001-Bakalov-40672002.1983                              3 7.32500E-06 3.40000E-05
n-Pu239-MT001-Bollinger-12346003.1952                          327 4.10000E-07 5.78000E-03
n-Pu239-MT001-Bollinger-12502003.1958                           41 1.38000E-08 9.85000E-08
n-Pu239-MT001-Bollinger-12502004.1958                          557 5.54000E-06 7.57900E-05
n-Pu239-MT001-Bollinger-12502005.1958                          169 1.01000E-07 6.79000E-06
n-Pu239-MT001-Bollinger-125020102.1958                           9 2.96000E-07 5.26000E-05
n-Pu239-MT001-Bollinger-125020122.1958                          10 1.42800E-05 5.00000E-05
n-Pu239-MT001-Bratenahl-11155035.1958                            5 7.05000E+00 1.42500E+01
n-Pu239-MT001-Bratenahl-11155035A001.1958                        5 7.05000E+00 1.42500E+01
n-Pu239-MT001-Brooks-20917021.1966                              57 8.30300E-06 1.02300E-05
n-Pu239-MT001-Brooks-20917022.1966                             280 1.60200E-06 6.00500E-06
n-Pu239-MT001-Cabe-20480022.1973                               129 1.10500E+00 5.99000E+00
n-Pu239-MT001-Cabe-20480023.1973                                19 1.60000E-01 1.07000E+00
n-Pu239-MT001-Coon-12524002.1952                                 1 1.41200E+01 1.41200E+01
n-Pu239-MT001-Derrien-20445002.1973                          17684 5.40020E-06 3.99900E-03
n-Pu239-MT001-Egelstaff-21032002.1958                          509 2.25000E-07 7.93300E-02
n-Pu239-MT001-Fosterjr-10047100.1971                           243 2.25800E+00 1.49650E+01
n-Pu239-MT001-Fosterjr-10047100A001.1971                       243 2.25800E+00 1.49650E+01
n-Pu239-MT001-Grigoriev-41290003.1997                           15 3.40000E-06 1.50000E-01
n-Pu239-MT001-Grigoriev-41290007.1997                           30 3.40000E-06 1.50000E-01
n-Pu239-MT001-Grigoriev-41363004.1995                           15 3.40000E-06 1.50000E-01
n-Pu239-MT001-Harvey-13632009.1988                           26638 2.80490E-05 7.90590E-01
n-Pu239-MT001-Harvey-13632010.1988                           22374 2.77800E-05 7.54520E-01
n-Pu239-MT001-Harvey-13632011.1988                           25679 2.77990E-05 7.54520E-01
n-Pu239-MT001-Harvey-13632018.1988                             118 2.55000E-03 5.00000E-01
n-Pu239-MT001-Harvey-13768002.1988                            1486 6.53490E-07 1.55300E-02
n-Pu239-MT001-Harvey-13768003.1988                            1517 2.76410E-07 1.55300E-02
n-Pu239-MT001-Harvey-13768004.1988                            1419 2.43670E-07 1.55300E-02
n-Pu239-MT001-Harvey-13768005.1988                            5251 7.16470E-07 1.65490E-02
n-Pu239-MT001-Harvey-13768006.1988                            5693 3.46820E-07 1.65490E-02
n-Pu239-MT001-Harvey-13768007.1988                            5904 3.46820E-07 1.68750E-02
n-Pu239-MT001-Havensjr-12517002.1951                            58 4.07000E-09 7.38000E-07
n-Pu239-MT001-Havensjr-12517004.1951                             1 2.53000E-08 2.53000E-08
n-Pu239-MT001-Havensjr-125170052.1951                            1 2.98000E-07 2.98000E-07
n-Pu239-MT001-Henkel-12396005.1952                              50 4.05700E-02 2.02900E+01
n-Pu239-MT001-Hibdon-11002006.1954                             114 1.15000E-03 1.59000E-01
n-Pu239-MT001-Hibdon-11002006A001.1954                         114 1.15000E-03 1.59000E-01
n-Pu239-MT001-Leonardjr-12518002.1956                           22 2.53000E-08 5.00000E-07
n-Pu239-MT001-Lynn-21540002.1955                               185 2.11000E-06 3.17000E-05
n-Pu239-MT001-Lynn-21540003.1955                                91 2.15000E-05 7.90500E-05
n-Pu239-MT001-Michaudon-225660022.1967                           2 7.85000E-06 1.77000E-05
n-Pu239-MT001-Nadolny-10589002.1973                            719 5.00000E-01 3.09841E+01
n-Pu239-MT001-Nadolny-10589002A001.1973                        719 5.00000E-01 3.09841E+01
n-Pu239-MT001-Nikitin-41219008.1955                            139 1.25000E-08 1.10000E-04
n-Pu239-MT001-Nikitin-41219009.1955                              1 2.53000E-08 2.53000E-08
n-Pu239-MT001-Nikitin-412210081.1955                             3 3.00000E-07 1.13300E-05
n-Pu239-MT001-Nikitin-412210091.1955                             1 3.00000E-07 3.00000E-07
n-Pu239-MT001-Palevsky-12520002.1955                           173 1.14000E-09 6.55000E-07
n-Pu239-MT001-Palevsky-12520003.1955                             1 2.53000E-08 2.53000E-08
n-Pu239-MT001-Pattenden-21033002.1956                          177 1.72000E-09 1.87000E-05
n-Pu239-MT001-Pattenden-21033003.1956                            1 2.53000E-08 2.53000E-08
n-Pu239-MT001-Pattenden-210330041.1956                           1 3.00000E-07 3.00000E-07
n-Pu239-MT001-Peterson-11108041.1960                             4 1.73000E+01 2.89000E+01
n-Pu239-MT001-Peterson-11108041A001.1960                         4 1.73000E+01 2.89000E+01
n-Pu239-MT001-Poenitz-10935008.1981                             47 4.80000E-02 4.80700E+00
n-Pu239-MT001-Poenitz-10935008A001.1981                         47 4.80000E-02 4.80700E+00
n-Pu239-MT001-Poenitz-12853056.1983                             67 1.81800E+00 2.09100E+01
n-Pu239-MT001-Safford-12507002.1961                             17 2.91000E-09 1.00000E-07
n-Pu239-MT001-Schwartz-10280007.1974                          1680 4.96000E-01 1.51700E+01
n-Pu239-MT001-Schwartz-10280007A001.1974                      1680 4.96000E-01 1.51700E+01
n-Pu239-MT001-Simpson-12503002.1957                            735 5.48000E-06 1.20800E-04
n-Pu239-MT001-Smith-10212002.1973                              393 6.50550E-01 1.49900E+00
n-Pu239-MT001-Smith-10212002A001.1973                          393 6.50550E-01 1.49900E+00
n-Pu239-MT001-Sokolovsky-403830092.1957                         14 7.85000E-06 7.52000E-05
n-Pu239-MT001-Spencer-12941006.1987                           4779 3.29770E-07 1.70350E-02
n-Pu239-MT001-Spencer-12941007.1987                           5946 3.29770E-07 1.63870E-02
n-Pu239-MT001-Uttley-20939005.1965                               3 1.02300E-04 1.63200E-04
n-Pu239-MT001-Uttley-20939006.1965                            1848 1.00000E-04 4.70700E-04
n-Pu239-MT001-Uttley-20939007.1965                              29 3.73300E-05 7.90300E-05
n-Pu239-MT001-Uttley-20939008.1965                            1998 3.72300E-05 9.99800E-05
n-Pu239-MT001-Uttley-20939009.1965                             133 3.72400E-05 3.91600E-05
n-Pu239-MT001-Uttley-20939010.1965                            3884 3.91700E-05 4.70700E-04
n-Pu239-MT001-Vankov-40510004.1980                              11 7.32500E-06 1.57500E-02
