#              Filename                                         N    min         max
p-Au197-MT018-Bochagov-A0029009.1978                             1 1.00000E+03 1.00000E+03
p-Au197-MT018-Brandt-O0605008.1972                               5 5.90000E+02 2.30000E+04
p-Au197-MT018-Bychenkov-O0709007.1973                            3 9.96000E+01 2.00100E+02
p-Au197-MT018-Debeauvais-O0037006.1981                           1 3.00000E+05 3.00000E+05
p-Au197-MT018-Duijvestijn-O0518259.1999                          1 1.90000E+02 1.90000E+02
p-Au197-MT018-Hudis-O06430041.1969                               6 6.00000E+02 2.90000E+04
p-Au197-MT018-Hudis-O06430042.1969                               4 2.00000E+03 2.90000E+04
p-Au197-MT018-Hudis-O0644006.1976                                7 6.00000E+02 3.00000E+05
p-Au197-MT018-Ignatyuk-O0623004.1984                            23 3.57000E+01 6.80000E+01
p-Au197-MT018-Jungerman-C2444050.1950                            4 2.23940E+02 3.39344E+02
p-Au197-MT018-Khan-O06110051.1984                                4 7.00000E+03 7.00000E+03
p-Au197-MT018-Khan-O06110052.1984                                4 7.00000E+03 7.00000E+03
p-Au197-MT018-Konshin-O0707007.1965                              5 1.50000E+02 6.60000E+02
p-Au197-MT018-Kotov-O0375003A.1974                               1 1.00000E+03 1.00000E+03
p-Au197-MT018-Kowalski-O0613004.1963                             1 1.56000E+02 1.56000E+02
p-Au197-MT018-Maurette-O0649003.1965                             1 1.56000E+02 1.56000E+02
p-Au197-MT018-Noshad-O1269004.2001                               1 3.00000E+01 3.00000E+01
p-Au197-MT018-Okolovich-O0627010.1974                            6 2.46000E+01 2.96000E+01
p-Au197-MT018-Shigaev-A0047007.1973                              4 7.00000E+01 2.00000E+02
p-Au197-MT018-Soheyli-D0895003.2007                              1 2.90000E+01 2.90000E+01
p-Au197-MT018-Steiner-O0632006.1956                             11 1.32000E+02 3.36000E+02
p-Au197-MT018-Todorovic-O06040021.1976                           4 1.22000E+04 2.30000E+04
p-Au197-MT018-Todorovic-O06040022.1976                           4 1.22000E+04 2.30000E+04
p-Au197-MT018-Vaishnene-A0878002.2011                            9 2.07000E+02 1.00000E+03
p-Au197-MT018-Vaishnene-O0008006.1981                            1 1.00000E+03 1.00000E+03
