#              Filename                                         N    min         max     
n-Ag107-rp047106m-Bayhurst-10536018.1975                        10 1.34100E+01 2.44800E+01
n-Ag107-rp047106m-Bayhurst-10536019.1975                         1 2.60600E+01 2.60600E+01
n-Ag107-rp047106m-Bayhurst-10536020.1975                         3 1.62300E+01 2.80500E+01
n-Ag107-rp047106m-Bayhurst-10536018A001.1975                    10 1.34100E+01 2.44800E+01
n-Ag107-rp047106m-Bayhurst-10536019A001.1975                     1 2.60600E+01 2.60600E+01
n-Ag107-rp047106m-Bayhurst-10536020A001.1975                     3 1.62300E+01 2.80500E+01
n-Ag107-rp047106m-Tewes-11504012.1960                           10 1.03500E+01 1.51000E+01
n-Ag107-rp047106m-Greenwood-12977021.1987                        3 1.45000E+01 1.49000E+01
n-Ag107-rp047106m-Meadows-13586006.1996                          1 1.00000E+01 1.00000E+01
n-Ag107-rp047106m-Vonach-20089002.1961                           1 1.40000E+01 1.40000E+01
n-Ag107-rp047106m-Mannhart-20611011.1975                         1 1.40700E+01 1.40700E+01
n-Ag107-rp047106m-Vonach-20815019.1968                           1 1.47000E+01 1.47000E+01
n-Ag107-rp047106m-Minetti-20891019.1968                          1 1.47000E+01 1.47000E+01
n-Ag107-rp047106m-Laurec-21709006.1981                           2 1.41000E+01 1.48000E+01
n-Ag107-rp047106m-Ryves-22100004.1988                            1 1.43000E+01 1.43000E+01
n-Ag107-rp047106m-Csikai-222050031.1991                          1 1.45000E+01 1.45000E+01
n-Ag107-rp047106m-Csikai-222050032.1991                          1 1.45000E+01 1.45000E+01
n-Ag107-rp047106m-Konno-22637046.1993                            8 1.33400E+01 1.49400E+01
n-Ag107-rp047106m-Reggoug-306980121.1982                         1 1.46500E+01 1.46500E+01
n-Ag107-rp047106m-Belgaid-31524018.1992                          1 1.47300E+01 1.47300E+01
n-Ag107-rp047106m-JunhuaLuoo-31672003.2009                       3 1.35000E+01 1.48000E+01
n-Ag107-rp047106m-WangHuaminn-32501002.1988                      6 1.35000E+01 1.47300E+01
n-Ag107-rp047106m-Filatenkov-41614098.2016                       6 1.37400E+01 1.47800E+01
