#              Filename                                         N    min         max
n-In113-MT004m-Belgaid-31524022.1992                             1 1.47300E+01 1.47300E+01
n-In113-MT004m-Buczko-30987002.1991                             10 2.15000E+00 2.94000E+00
n-In113-MT004m-Buczko-30987003.1991                             14 1.34300E+01 1.48300E+01
n-In113-MT004m-ChiFongAiii-30628003.1979                        14 9.90000E-01 4.23000E+00
n-In113-MT004m-Decowski-30151002.1973                           10 1.29800E+01 1.78300E+01
n-In113-MT004m-Demekhin-40849002.1983                            1 1.46000E+01 1.46000E+01
n-In113-MT004m-FanPeiguoo-30733012.1985                          1 8.50000E+00 8.50000E+00
n-In113-MT004m-FeiTuoo-32653007.2006                             2 1.43000E+01 1.46000E+01
n-In113-MT004m-Filatenkov-41614116.2016                          7 1.35600E+01 1.47800E+01
n-In113-MT004m-Grench-11975002.1968                             10 4.48000E-01 1.01700E+00
n-In113-MT004m-Ikeda-22191007.1990                               8 2.08000E+00 3.01000E+00
n-In113-MT004m-Konno-22637054.1993                               7 1.33200E+01 1.46400E+01
n-In113-MT004m-Kozlowski-30285007.1968                           1 1.47000E+01 1.47000E+01
n-In113-MT004m-Loevestam-23101003.2007                         129 4.80000E-01 5.60000E+00
n-In113-MT004m-LuHAnlinn-30999004.1989                           8 1.35400E+01 1.48000E+01
n-In113-MT004m-Pazsit-30116002.1972                              2 2.80000E+00 1.47000E+01
n-In113-MT004m-Reggoug-30643017.1984                             1 1.47000E+01 1.47000E+01
n-In113-MT004m-Ryves-21918004.1983                               1 1.43000E+01 1.43000E+01
n-In113-MT004m-Santry-10522007.1976                              5 6.67000E-01 5.10000E+00
n-In113-MT004m-Santry-10522007A001.1976                          5 6.67000E-01 5.10000E+00
n-In113-MT004m-Santry-10522008.1976                              2 6.46000E+00 9.18000E+00
n-In113-MT004m-Santry-10522008A001.1976                          2 6.46000E+00 9.18000E+00
n-In113-MT004m-Santry-10522009.1976                              3 1.35800E+01 1.47400E+01
n-In113-MT004m-Santry-10522009A001.1976                          3 1.35800E+01 1.47400E+01
n-In113-MT004m-Shimizu-22838009.2004                             6 2.09000E+00 3.09000E+00
n-In113-MT004m-Smith-105210031.1976                             23 7.54900E-01 2.97100E+00
n-In113-MT004m-Smith-105210031A001.1976                         23 7.54900E-01 2.97100E+00
n-In113-MT004m-Smith-105210041.1976                             13 3.16900E+00 5.75000E+00
n-In113-MT004m-Smith-105210041A001.1976                         13 3.16900E+00 5.75000E+00
n-In113-MT004m-Smith-105210051.1976                             16 5.06400E+00 1.00300E+01
n-In113-MT004m-Smith-105210051A001.1976                         16 5.06400E+00 1.00300E+01
n-In113-MT004m-Soni-33140002.2020                                4 1.09500E+01 2.00000E+01
n-In113-MT004m-Temperley-10214003.1970                           1 1.41000E+01 1.41000E+01
n-In113-MT004m-Temperley-10214003A001.1970                       1 1.41000E+01 1.41000E+01
n-In113-MT004m-Trofimov-40975007.1987                            1 2.00000E+00 2.00000E+00
