#              Filename                                         N    min         max     
n-Tm169-rp069168-Nethaway-10312007.1972                          9 1.38400E+01 1.49400E+01
n-Tm169-rp069168-Bari-10431059.1971                              1 1.48000E+01 1.48000E+01
n-Tm169-rp069168-Veeser-10445007.1977                           10 1.47000E+01 2.40000E+01
n-Tm169-rp069168-Bayhurst-10536029.1975                         11 8.65000E+00 2.44700E+01
n-Tm169-rp069168-Bayhurst-10536030.1975                          3 1.62100E+01 2.80200E+01
n-Tm169-rp069168-Bayhurst-10536031.1975                          1 2.60300E+01 2.60300E+01
n-Tm169-rp069168-Nethaway-10312007A001.1972                      9 1.38400E+01 1.49400E+01
n-Tm169-rp069168-Bari-10431059A001.1971                          1 1.48000E+01 1.48000E+01
n-Tm169-rp069168-Veeser-10445007A001.1977                       10 1.47000E+01 2.40000E+01
n-Tm169-rp069168-Bayhurst-10536029A001.1975                     11 8.65000E+00 2.44700E+01
n-Tm169-rp069168-Bayhurst-10536030A001.1975                      3 1.62100E+01 2.80200E+01
n-Tm169-rp069168-Bayhurst-10536031A001.1975                      1 2.60300E+01 2.60300E+01
n-Tm169-rp069168-Tewes-11504014.1960                             7 9.80000E+00 1.45000E+01
n-Tm169-rp069168-Greenwood-12977022.1987                         2 1.45000E+01 1.49000E+01
n-Tm169-rp069168-Vos-13037002.1973                               3 1.33300E+01 1.52400E+01
n-Tm169-rp069168-Champine-14447002.2016                          5 1.73500E+01 2.13100E+01
n-Tm169-rp069168-Soter-14496002.2017                            13 8.43000E+00 1.48000E+01
n-Tm169-rp069168-Finch-14708002.2021                            12 1.48000E+01 2.11000E+01
n-Tm169-rp069168-Vallis-20347007.1966                            1 1.47000E+01 1.47000E+01
n-Tm169-rp069168-Frehaut-20416088.2016                          14 8.44000E+00 1.47600E+01
n-Tm169-rp069168-Qaim-20541050.1974                              1 1.47000E+01 1.47000E+01
n-Tm169-rp069168-Mather-20795007.1972                            2 1.24000E+01 1.43000E+01
n-Tm169-rp069168-Dilg-20802010.1968                              1 1.47000E+01 1.47000E+01
n-Tm169-rp069168-Laurec-21709007.1981                            2 1.41000E+01 1.48000E+01
n-Tm169-rp069168-Konno-22637073.1993                             7 1.33300E+01 1.49300E+01
n-Tm169-rp069168-Iwasaki-22752007.1994                           8 1.27270E+01 1.94250E+01
n-Tm169-rp069168-Uno-23279012.1996                               6 1.75500E+01 3.00900E+01
n-Tm169-rp069168-LuHanlinn-30724002.1985                        16 1.23700E+01 1.82100E+01
n-Tm169-rp069168-WangXiuyuann-30935004.1989                      7 1.35400E+01 1.48100E+01
n-Tm169-rp069168-XiangzhongKongg-31763013.1997                   1 1.47000E+01 1.47000E+01
n-Tm169-rp069168-ChuanxinZhuu-32696007.2011                      6 1.34000E+01 1.48000E+01
n-Tm169-rp069168-JunhuaLuoo-32746002.2014                        2 1.35000E+01 1.48000E+01
n-Tm169-rp069168-JiangJingg-32847002.2015                        1 1.43000E+01 1.43000E+01
n-Tm169-rp069168-Druzhinin-40171002.1972                         1 1.48000E+01 1.48000E+01
