#              Filename                                         N    min         max
n-Sc045-MT016g-Arnold-11628002.1964                             14 1.21000E+01 1.79000E+01
n-Sc045-MT016g-Bostan-227320022.1997                             6 1.36000E+01 1.48600E+01
n-Sc045-MT016g-Bramlitt-11590009.1963                            1 1.47000E+01 1.47000E+01
n-Sc045-MT016g-Cevolani-21266005.1962                            1 1.41300E+01 1.41300E+01
n-Sc045-MT016g-Eapen-10493003.1975                               1 1.48000E+01 1.48000E+01
n-Sc045-MT016g-Eapen-10493003A001.1975                           1 1.48000E+01 1.48000E+01
n-Sc045-MT016g-Ikeda-22089023.1988                               8 1.33800E+01 1.49600E+01
n-Sc045-MT016g-Kao-10440007.1975                                 1 1.51000E+01 1.51000E+01
n-Sc045-MT016g-Kao-10440007A001.1975                             1 1.51000E+01 1.51000E+01
n-Sc045-MT016g-Khurana-31247023.1961                             1 1.48000E+01 1.48000E+01
n-Sc045-MT016g-Luo-327120022.2013                                3 1.35000E+01 1.48000E+01
n-Sc045-MT016g-MaHongChanggg-30599004G.1980                      5 1.45800E+01 1.82600E+01
n-Sc045-MT016g-MaHuiFanggg-30665002G.1983                        1 1.48000E+01 1.48000E+01
n-Sc045-MT016g-Molla-31449003.1994                               4 1.39000E+01 1.47100E+01
n-Sc045-MT016g-Mukherjee-31161004.1961                           1 1.48000E+01 1.48000E+01
n-Sc045-MT016g-Prasad-30014005.1967                              1 1.48000E+01 1.48000E+01
n-Sc045-MT016g-Prestwood-11645003.1961                          11 1.19700E+01 1.97600E+01
n-Sc045-MT016g-Rayburn-11328007.1961                             1 1.44000E+01 1.44000E+01
n-Sc045-MT016g-Sigg-10776018.1976                                1 1.46000E+01 1.46000E+01
n-Sc045-MT016g-Sigg-10776018A001.1976                            1 1.46000E+01 1.46000E+01
n-Sc045-MT016g-Tiwari-30012003.1966                              1 1.41000E+01 1.41000E+01
n-Sc045-MT016g-Vallis-20347002.1966                              1 1.47000E+01 1.47000E+01
