#              Filename                                         N    min         max
n-W186-MT102-Alabyad-31773002.2017                               2 2.53000E-08 2.53000E-08
n-W186-MT102-Beghian-22580014.1949                               1 9.00000E-01 9.00000E-01
n-W186-MT102-Bhike-33038004.2012                                 1 3.20000E+00 3.20000E+00
n-W186-MT102-Block-11458008.1966                                 9 1.25000E-03 9.95000E-03
n-W186-MT102-Bokhovko-40925006.1986                             57 5.50000E-03 3.90000E-01
n-W186-MT102-Booth-11429028.1958                                 1 2.40000E-02 2.40000E-02
n-W186-MT102-Bradley-10938006.1979                               1 2.43000E-02 2.43000E-02
n-W186-MT102-Bradley-10938006A001.1979                           1 2.43000E-02 2.43000E-02
n-W186-MT102-Chaubey-30079035.1966                               1 2.40000E-02 2.40000E-02
n-W186-MT102-Damle-20184002.1967                                 1 2.53000E-08 2.53000E-08
n-W186-MT102-Decorte-23488084.1988                               1 2.53000E-08 2.53000E-08
n-W186-MT102-Diksic-30023012.1970                                1 3.00000E+00 3.00000E+00
n-W186-MT102-Elabd-31693002.2010                                 1 2.53000E-08 2.53000E-08
n-W186-MT102-Farinaarbocco-23266161.2013                         1 2.53000E-08 2.53000E-08
n-W186-MT102-Farinaarbocco-23266162.2013                         7 2.53000E-08 2.53000E-08
n-W186-MT102-Friesenhahn-12167008.1966                          34 1.00000E-08 1.00000E-05
n-W186-MT102-Friesenhahn-12167009.1966                           1 2.53000E-08 2.53000E-08
n-W186-MT102-Gamgam-02074186.2024                                2 5.00000E-03 1.00000E-02
n-W186-MT102-Gleason-10662014.1977                               1 2.53000E-08 2.53000E-08
n-W186-MT102-Gleason-10662014A001.1977                           1 2.53000E-08 2.53000E-08
n-W186-MT102-GuohuiZhangg-32550002.2001                          3 5.00000E-01 1.50000E+00
n-W186-MT102-Hogg-12602007.1970                                  1 2.53000E-08 2.53000E-08
n-W186-MT102-Johnsrud-11675025.1959                             22 1.46000E-01 2.55000E+00
n-W186-MT102-Kadonis-01074186.2024                              20 5.00000E-03 1.00000E-01
n-W186-MT102-Kapchigashev-40755005.1966                         68 1.00000E-05 5.20000E-02
n-W186-MT102-Kim-31593003.2007                                   3 1.63800E+00 2.24500E+00
n-W186-MT102-Kononov-40076007.1965                              14 4.60000E-02 1.68000E-01
n-W186-MT102-Kononov-40421023.1958                               1 2.40000E-02 2.40000E-02
n-W186-MT102-Leipunskiy-40244080.1958                            1 2.00000E-01 2.00000E-01
n-W186-MT102-Lindner-10221044.1976                              23 1.21000E-01 2.73000E+00
n-W186-MT102-Lindner-10221044A001.1976                          23 1.21000E-01 2.73000E+00
n-W186-MT102-Lyon-11407030.1959                                  1 1.95000E-01 1.95000E-01
n-W186-MT102-Macklin-10999009.1983                              34 3.50000E-03 1.95000E+00
n-W186-MT102-Macklin-10999009A001.1983                          34 3.50000E-03 1.95000E+00
n-W186-MT102-Macklin-11399045.1957                               1 2.40000E-02 2.40000E-02
n-W186-MT102-Magnusson-21004004.1980                             1 1.47000E+01 1.47000E+01
n-W186-MT102-Miskel-12115005.1962                                7 3.20000E-02 2.47000E-01
n-W186-MT102-Miskel-12115006.1962                               19 6.90000E-02 3.97000E+00
n-W186-MT102-NguyenVanDooo-31607002.2008                         1 2.53000E-08 2.53000E-08
n-W186-MT102-Pasechnik-40336093.1958                             3 2.50000E+00 4.00000E+00
n-W186-MT102-Perkin-21438025.1958                                1 1.45000E+01 1.45000E+01
n-W186-MT102-Schwerer-20670016.1976                              1 1.46000E+01 1.46000E+01
n-W186-MT102-Siddappa-30502018.1974                              1 2.30000E-02 2.30000E-02
n-W186-MT102-Stavisskii-40452005.1960                           12 3.00000E-02 1.37000E+00
n-W186-MT102-Trofimov-41001037.1987                              1 1.00000E+00 1.00000E+00
n-W186-MT102-Uddin-31635002.2008                                 1 5.36000E-08 5.36000E-08
n-W186-MT102-Valkonen-20673035.1976                              1 1.47000E+01 1.47000E+01
n-W186-MT102-Voignier-21619015.1981                              3 5.00000E-01 2.50000E+00
n-W186-MT102-VuongHuuTannn-31542002.2004                         2 5.50000E-02 1.44000E-01
n-W186-MT102-Zaikin-40248004.1968                               17 2.30000E-01 3.11000E+00
