#              Filename                                         N    min         max     
n-Np237-rp093238-Lindner-10221064.1976                          23 1.21000E-01 2.73000E+00
n-Np237-rp093238-Semon-10366003.1976                         19300 2.01000E-05 2.54500E-01
n-Np237-rp093238-Weston-10887002.1981                         5325 9.75000E-09 2.11900E-01
n-Np237-rp093238-Lindner-10221064A001.1976                      23 1.21000E-01 2.73000E+00
n-Np237-rp093238-Semon-10366003A001.1976                     19300 2.01000E-05 2.54500E-01
n-Np237-rp093238-Weston-10887002A001.1981                     5325 9.75000E-09 2.11900E-01
n-Np237-rp093238-Stupegia-12483002.1967                          8 1.52000E-01 1.50500E+00
n-Np237-rp093238-Esch-14032002.2008                            352 2.21500E-08 2.99000E-01
n-Np237-rp093238-Hennelly-14565002.1968                          1 2.53000E-08 2.53000E-08
n-Np237-rp093238-Kobayashi-22366002.1994                         1 2.53000E-08 2.53000E-08
n-Np237-rp093238-Katoh-228350022.2003                            1 2.53000E-08 2.53000E-08
n-Np237-rp093238-KATSUHEIKOBAYASHII-22858002.2002              308 4.14000E-09 9.64435E-03
n-Np237-rp093238-Shcherbakov-22872002.2005                      13 2.50000E-08 8.65000E-05
n-Np237-rp093238-Shcherbakov-22872004.2005                      88 1.84600E-08 1.03500E-06
n-Np237-rp093238-Shcherbakov-22872005.2005                     257 2.95300E-07 1.08600E-03
n-Np237-rp093238-Letourneau-22941032.2009                        1 2.53000E-08 2.53000E-08
n-Np237-rp093238-Harada-22977003.2006                            1 2.53000E-08 2.53000E-08
n-Np237-rp093238-Guerrero-23069006.2012                         10 1.90000E-06 3.90000E-04
n-Np237-rp093238-Mizumoto-230740022.2007                      1964 2.00100E-08 1.46200E-05
n-Np237-rp093238-Eberle-231090021.1971                           1 2.53000E-08 2.53000E-08
n-Np237-rp093238-Hirose-23193002.2013                           16 2.50000E-08 3.90000E-04
n-Np237-rp093238-Hirose-23193008.2013                         1008 1.01000E-08 1.01000E-03
n-Np237-rp093238-Nakamura-23535002.2019                          1 2.53000E-08 2.53000E-08
n-Np237-rp093238-Rovira-23601002.2022                         3705 1.00500E-08 7.70145E-01
n-Np237-rp093238-Rovira-23601003.2022                         3705 1.00500E-08 7.70145E-01
n-Np237-rp093238-Rovira-23745002.2020                        20040 1.00595E-08 4.98260E-04
n-Np237-rp093238-Genreith-31726005.2013                          1 2.53000E-08 2.53000E-08
n-Np237-rp093238-Genreith-31726007.2013                          1 2.53000E-08 2.53000E-08
n-Np237-rp093238-Jurova-40579007.1984                            1 2.53000E-08 2.53000E-08
n-Np237-rp093238-Trofimov-40827002.1983                          7 2.50000E-01 1.91000E+00
n-Np237-rp093238-Buleeva-40969008.1988                          13 1.66000E-01 1.14200E+00
n-Np237-rp093238-Buleeva-40969009.1988                          17 1.66000E-01 1.14200E+00
n-Np237-rp093238-Buleeva-40969010.1988                           3 6.36000E-01 7.63000E-01
n-Np237-rp093238-Trofimov-40975022.1987                          1 2.00000E+00 2.00000E+00
