#              Filename                                         N    min         max     
n-Au197-rp079198-Fricke-10049007.1970                           95 9.57600E-04 1.10750E+00
n-Au197-rp079198-Drake-10193005.1971                             1 1.40000E+01 1.40000E+01
n-Au197-rp079198-Lindner-10221055.1976                          23 1.21000E-01 2.73000E+00
n-Au197-rp079198-Gwin-102670431.1976                             1 3.00000E-02 3.00000E-02
n-Au197-rp079198-Gwin-102670432.1976                             1 3.00000E-02 3.00000E-02
n-Au197-rp079198-Gwin-102670441.1976                             4 1.50000E-02 4.50000E-02
n-Au197-rp079198-Gwin-102670442.1976                             4 1.50000E-02 4.50000E-02
n-Au197-rp079198-Gwin-10267045.1976                              8 6.87000E-03 4.12000E-02
n-Au197-rp079198-Czirr-10305003.1973                            15 6.87000E-03 2.47000E-01
n-Au197-rp079198-Poenitz-10421004.1975                          18 4.00000E-01 3.50000E+00
n-Au197-rp079198-Macklin-10432002.1975                         400 2.75000E-03 1.02500E-01
n-Au197-rp079198-Macklin-10432003.1975                         450 1.01000E-01 5.50000E-01
n-Au197-rp079198-Rimawi-10434002.1975                            1 2.43000E-02 2.43000E-02
n-Au197-rp079198-Meadows-11028024.1961                           1 2.53000E-08 2.53000E-08
n-Au197-rp079198-Bilpuch-11187004.1960                          13 1.60000E-03 2.00000E-01
n-Au197-rp079198-Carter-11211005.1953                            1 2.53000E-08 2.53000E-08
n-Au197-rp079198-Fricke-10049007A001.1970                       95 9.57600E-04 1.10750E+00
n-Au197-rp079198-Drake-10193005A001.1971                         1 1.40000E+01 1.40000E+01
n-Au197-rp079198-Lindner-10221055A001.1976                      23 1.21000E-01 2.73000E+00
n-Au197-rp079198-Gwin-102670431A001.1976                         1 3.00000E-02 3.00000E-02
n-Au197-rp079198-Gwin-102670432A001.1976                         1 3.00000E-02 3.00000E-02
n-Au197-rp079198-Gwin-102670441A001.1976                         4 1.50000E-02 4.50000E-02
n-Au197-rp079198-Gwin-102670442A001.1976                         4 1.50000E-02 4.50000E-02
n-Au197-rp079198-Gwin-10267045A001.1976                          8 6.87000E-03 4.12000E-02
n-Au197-rp079198-Czirr-10305003A001.1973                        15 6.87000E-03 2.47000E-01
n-Au197-rp079198-Poenitz-10421004A001.1975                      18 4.00000E-01 3.50000E+00
n-Au197-rp079198-Macklin-10432002A001.1975                     400 2.75000E-03 1.02500E-01
n-Au197-rp079198-Macklin-10432003A001.1975                     450 1.01000E-01 5.50000E-01
n-Au197-rp079198-Rimawi-10434002A001.1975                        1 2.43000E-02 2.43000E-02
n-Au197-rp079198-Meadows-11028024A001.1961                       1 2.53000E-08 2.53000E-08
n-Au197-rp079198-Bilpuch-11187004A001.1960                      13 1.60000E-03 2.00000E-01
n-Au197-rp079198-Carter-11211005A001.1953                        1 2.53000E-08 2.53000E-08
n-Au197-rp079198-Gibbons-11329066.1961                           3 3.00000E-02 1.67000E-01
n-Au197-rp079198-Gibbons-11329067.1961                          52 9.40000E-03 1.64000E-01
n-Au197-rp079198-Macklin-11380013.1963                           1 3.00000E-02 3.00000E-02
n-Au197-rp079198-Bamejr-11405004.1959                            1 1.80000E-01 1.80000E-01
n-Au197-rp079198-Lyon-11407032.1959                              1 1.95000E-01 1.95000E-01
n-Au197-rp079198-Booth-11429031.1958                             1 2.40000E-02 2.40000E-02
n-Au197-rp079198-Diven-11616027.1960                             7 1.75000E-01 1.00000E+00
n-Au197-rp079198-Johnsrud-11675026.1959                         21 1.45000E-01 5.40000E+00
n-Au197-rp079198-Macklin-11679023.1967                           3 1.25000E-01 1.82000E-01
n-Au197-rp079198-Allen-11762006.1954                             1 2.53000E-08 2.53000E-08
n-Au197-rp079198-Schmitt-11778013.1960                           1 2.40000E-02 2.40000E-02
n-Au197-rp079198-Block-11935026.1961                            42 2.33000E-04 7.60000E-03
n-Au197-rp079198-Miskel-12115007.1962                           20 6.90000E-02 3.97000E+00
n-Au197-rp079198-Miskel-12115008.1962                            6 3.20000E-02 1.76000E-01
n-Au197-rp079198-Friesenhahn-12163012.1968                       1 2.53000E-08 2.53000E-08
n-Au197-rp079198-Grench-12192002.1965                           12 1.43000E-01 1.22300E+00
n-Au197-rp079198-Haddad-12196002.1964                          139 8.60000E-06 3.50000E-02
n-Au197-rp079198-Haddad-12196003.1964                           34 1.00000E-08 8.00000E-06
n-Au197-rp079198-Harris-12197002.1965                           14 1.31000E-02 6.91200E-01
n-Au197-rp079198-Harris-12197003.1965                            1 4.16000E-02 4.16000E-02
n-Au197-rp079198-Cox-12213002.1961                              21 3.00000E-02 1.50000E+00
n-Au197-rp079198-Weston-12214002.1961                            2 3.02000E-02 6.39000E-02
n-Au197-rp079198-Poenitz-12670014.1975                          14 2.99000E-01 3.00600E+00
n-Au197-rp079198-Havensjr-12674002.1956                          1 2.53000E-08 2.53000E-08
n-Au197-rp079198-Macklin-12720002.1981                         542 2.75000E-03 1.95000E+00
n-Au197-rp079198-Sakamoto-13519002.1991                          1 2.30000E-02 2.30000E-02
n-Au197-rp079198-Sakamoto-13519003.1991                          1 9.67000E-01 9.67000E-01
n-Au197-rp079198-Sakamoto-14040002.1990                          2 2.33000E-02 9.67000E-01
n-Au197-rp079198-Linenberger-147220022.1943                      1 2.40000E-01 2.40000E-01
n-Au197-rp079198-Bergqvist-20024005.1963                         8 1.80000E-02 3.00000E-01
n-Au197-rp079198-Alsnielsen-20105006.1964                        1 2.53000E-08 2.53000E-08
n-Au197-rp079198-Kompe-20358035.1969                            72 1.03000E-02 1.61000E-01
n-Au197-rp079198-Yamamuro-20432006.1975                          1 2.40000E-02 2.40000E-02
n-Au197-rp079198-Lerigoleur-20558002.1973                      285 7.52500E-02 5.42500E-01
n-Au197-rp079198-Lerigoleur-20558003.1973                       37 7.75000E-02 5.37500E-01
n-Au197-rp079198-Lerigoleur-20572016.1976                        4 2.97500E-02 3.28000E-02
n-Au197-rp079198-Fort-20573002.1975                            402 1.21300E-02 1.59750E-01
n-Au197-rp079198-Fort-20573003.1975                             29 1.75000E-02 1.57500E-01
n-Au197-rp079198-Tattersall-20638062.1960                        1 2.53000E-08 2.53000E-08
n-Au197-rp079198-Joly-20787005.1979                              5 5.20000E-01 3.00000E+00
n-Au197-rp079198-Pauw-208680121.1970                             2 2.20000E-02 2.20000E-02
n-Au197-rp079198-Pauw-208680122.1970                             2 2.10000E-02 2.10000E-02
n-Au197-rp079198-Froehner-21020002.1973                         80 3.00000E-03 2.30000E-01
n-Au197-rp079198-Poenitz-21193002.1966                           1 3.00000E-02 3.00000E-02
n-Au197-rp079198-Poenitz-21193003.1966                           2 3.00000E-02 6.40000E-02
n-Au197-rp079198-Poenitz-21193005.1966                           1 3.00000E-02 3.00000E-02
n-Au197-rp079198-Poenitz-21193006.1966                           1 6.40000E-02 6.40000E-02
n-Au197-rp079198-Poenitz-21193007.1966                           1 3.00000E-02 3.00000E-02
n-Au197-rp079198-Ryves-21200002.1971                             1 2.28000E-02 2.28000E-02
n-Au197-rp079198-Ryves-21847004.1981                             1 1.43000E+01 1.43000E+01
n-Au197-rp079198-Poenitz-21848002.1968                          22 2.47000E-02 4.73000E-01
n-Au197-rp079198-Hussain-21879007.1983                           7 2.11600E+00 3.58600E+00
n-Au197-rp079198-Andersson-21962003.1985                        22 2.03000E+00 7.60000E+00
n-Au197-rp079198-Voignier-22006031.1992                          6 5.00000E-01 3.00000E+00
n-Au197-rp079198-Yamamoto-22196003.1990                         37 1.33800E-08 8.85900E-07
n-Au197-rp079198-Celenk-22234007.1991                            1 2.53000E-08 2.53000E-08
n-Au197-rp079198-Yamamoto-22370002.1996                         10 1.73500E-08 1.16200E-06
n-Au197-rp079198-Yamamoto-22370004.1996                         54 1.33800E-08 8.03900E-06
n-Au197-rp079198-Beghian-22580016.1949                           1 9.00000E-01 9.00000E-01
n-Au197-rp079198-Bensch-22612002.1971                            5 2.40000E-02 9.74000E-01
n-Au197-rp079198-Yamamuro-23007003.1983                         22 3.60000E-03 2.45000E-01
n-Au197-rp079198-Lederer-23152002.2011                          38 5.31550E-03 3.76287E-01
n-Au197-rp079198-Lederer-23152004.2011                         475 5.03300E-03 3.96100E-01
n-Au197-rp079198-Massimi-23253002.2014                          26 3.75000E-03 8.00000E-02
n-Au197-rp079198-Rovira-23746002.2021                            3 2.15000E-02 1.28000E-01
n-Au197-rp079198-Teutsch-30018002.1962                          21 1.04680E-09 2.53550E-09
n-Au197-rp079198-Chaubey-30063011.1965                           1 2.40000E-02 2.40000E-02
n-Au197-rp079198-Spitz-30114007.1968                            18 1.52000E-02 5.58000E-02
n-Au197-rp079198-Brzosko-30159023.1971                           1 4.00000E-01 4.00000E-01
n-Au197-rp079198-Peto-30310004.1975                              1 1.47000E+01 1.47000E+01
n-Au197-rp079198-Siddappa-30502012.1974                          1 2.30000E-02 2.30000E-02
n-Au197-rp079198-ChenYingg-30607002.1981                         4 4.62000E-01 1.49000E+00
n-Au197-rp079198-ChenYingg-30607003.1981                         6 1.31000E-01 9.03000E-01
n-Au197-rp079198-ZhuShengyunn-30689002.1984                      1 3.04500E-02 3.04500E-02
n-Au197-rp079198-LuHanlinn-30914002.1965                         1 2.53000E-08 2.53000E-08
n-Au197-rp079198-Nyarko-31698004.2010                            1 2.53000E-08 2.53000E-08
n-Au197-rp079198-XinRongHuuu-32856002.2021                    6499 1.00144E-06 9.93119E-02
n-Au197-rp079198-Vansola-33096002.2015                           4 1.12000E+00 4.12000E+00
n-Au197-rp079198-Belanova-40072014.1965                          1 2.40000E-02 2.40000E-02
n-Au197-rp079198-Belanova-400720321.1965                         1 2.40000E-02 2.40000E-02
n-Au197-rp079198-Belanova-400720322.1965                         1 2.40000E-02 2.40000E-02
n-Au197-rp079198-Chelnokov-40105006.1972                        26 2.00000E-04 3.46000E-02
n-Au197-rp079198-Leipunskiy-40244125.1958                        1 2.00000E-01 2.00000E-01
n-Au197-rp079198-Kononov-40421021.1958                           1 2.40000E-02 2.40000E-02
n-Au197-rp079198-Pavlenko-40464002.1975                         15 2.14000E-08 1.01000E-07
n-Au197-rp079198-Kononov-40520002.1977                          75 5.50000E-03 3.42500E-01
n-Au197-rp079198-Konks-40799004.1964                            99 1.80000E-07 4.10000E-02
n-Au197-rp079198-Kazakov-40890003.1985                          57 3.50000E-03 4.10000E-01
n-Au197-rp079198-Demekhin-40944003.1986                          1 2.70000E+00 2.70000E+00
n-Au197-rp079198-Davletshin-40968003.1988                       40 1.64000E-01 1.38900E+00
n-Au197-rp079198-Davletshin-41121003.1992                        5 8.13300E-01 2.43500E+00
n-Au197-rp079198-Davletshin-41183002.1993                        5 3.70000E-01 1.00000E+00
n-Au197-rp079198-Tolstikov-41190002.1995                         5 4.86000E-01 6.92000E-01
