#              Filename                                         N    min         max
n-Mn055-MT107-Bahal-21936008.1985                                1 1.47000E+01 1.47000E+01
n-Mn055-MT107-Bormann-20887007.1965                             10 1.26000E+01 1.88000E+01
n-Mn055-MT107-Bostan-22292007.1994                               7 6.33000E+00 1.19700E+01
n-Mn055-MT107-Dolya-41306003.1977                                1 1.47000E+01 1.47000E+01
n-Mn055-MT107-Ercan-22338043.1991                                1 1.46000E+01 1.46000E+01
n-Mn055-MT107-Fessler-22414016.2000                              5 1.60650E+01 2.03130E+01
n-Mn055-MT107-Filatenkov-41614016.2016                           8 1.34700E+01 1.48100E+01
n-Mn055-MT107-Frevert-20030003.1965                              1 1.48000E+01 1.48000E+01
n-Mn055-MT107-Gabbard-11494008.1962                             13 1.24000E+01 1.77000E+01
n-Mn055-MT107-Garuska-30479006.1978                              1 1.46000E+01 1.46000E+01
n-Mn055-MT107-Grallert-31496007.1993                             1 1.46000E+01 1.46000E+01
n-Mn055-MT107-Helfer-30652003.1984                               1 2.96000E+00 2.96000E+00
n-Mn055-MT107-Kaul-33075002.1962                                 1 1.40000E+01 1.40000E+01
n-Mn055-MT107-Khurana-31316015.1965                              1 1.48000E+01 1.48000E+01
n-Mn055-MT107-Kumabe-20283009.1958                               1 1.48000E+01 1.48000E+01
n-Mn055-MT107-Minetti-21345003.1967                              1 1.47000E+01 1.47000E+01
n-Mn055-MT107-Ngoc-30562012.1980                                 1 1.46000E+01 1.46000E+01
n-Mn055-MT107-Nix-11684002.1961                                  1 1.48000E+01 1.48000E+01
n-Mn055-MT107-Pasha-33151007.2020                                1 1.45400E+01 1.45400E+01
n-Mn055-MT107-Paul-11274030.1953                                 1 1.45000E+01 1.45000E+01
n-Mn055-MT107-Peil-31469006.1965                                 1 1.45000E+01 1.45000E+01
n-Mn055-MT107-Vaenskae-21893003.1980                             2 1.47000E+01 1.47000E+01
n-Mn055-MT107-Weigold-31039007.1960                              1 1.45000E+01 1.45000E+01
n-Mn055-MT107-YanbinZhangg-32701002.2012                         2 1.41000E+01 1.47000E+01
n-Mn055-MT107-Zupranska-30581004.1980                           10 1.30000E+01 1.78000E+01
