#              Filename                                         N    min         max
n-Ge070-MT016-Araminowicz-30264019.1973                          1 1.46000E+01 1.46000E+01
n-Ge070-MT016-Begun-32231002.2007                                1 1.39600E+01 1.39600E+01
n-Ge070-MT016-Birn-22291010.1994                                 1 1.46800E+01 1.46800E+01
n-Ge070-MT016-Bormann-20614003.1976                              7 1.33700E+01 1.82300E+01
n-Ge070-MT016-Casanova-20748013.1976                             1 1.41000E+01 1.41000E+01
n-Ge070-MT016-ChanglinLann-31654002.2008                         2 1.36000E+01 1.41000E+01
n-Ge070-MT016-Dzysiuk-32218007.2007                              1 1.45300E+01 1.45300E+01
n-Ge070-MT016-Hoang-31434006.1992                                8 1.30000E+01 1.66000E+01
n-Ge070-MT016-Khurana-31247007.1961                              1 1.48000E+01 1.48000E+01
n-Ge070-MT016-Konno-22637012.1993                                4 1.33600E+01 1.49600E+01
n-Ge070-MT016-Molla-30577014.1983                                1 1.48000E+01 1.48000E+01
n-Ge070-MT016-Paul-11274045.1953                                 1 1.45000E+01 1.45000E+01
n-Ge070-MT016-Prestwood-11645008.1961                           12 1.34000E+01 1.97600E+01
n-Ge070-MT016-PuZhongShenggg-31628003.2006                       3 1.35000E+01 1.46000E+01
n-Ge070-MT016-Qaim-20536013.1972                                 1 1.47000E+01 1.47000E+01
n-Ge070-MT016-Rayburn-11328016.1961                              1 1.44000E+01 1.44000E+01
n-Ge070-MT016-Rieppo-20770002.1976                               1 1.47000E+01 1.47000E+01
n-Ge070-MT016-Weigel-21609006.1975                               1 1.43000E+01 1.43000E+01
n-Ge070-MT016-Wood-11825002.1967                                 1 1.44000E+01 1.44000E+01
n-Ge070-MT016-ZhouMuyaoo-30755009.1987                           1 1.46000E+01 1.46000E+01
