#              Filename                                         N    min         max
n-C012-MT051-Anderson-11229005.1958                              1 1.40000E+01 1.40000E+01
n-C012-MT051-Anderson-11229005A001.1958                          1 1.40000E+01 1.40000E+01
n-C012-MT051-Baba-21984063.1986                                  2 1.42000E+01 1.82000E+01
n-C012-MT051-Baba-22188054.1990                                  1 1.41000E+01 1.41000E+01
n-C012-MT051-Barjon-30436002.1962                                1 1.48500E+01 1.48500E+01
n-C012-MT051-Boerker-22404007.1991                               4 1.33300E+01 1.58200E+01
n-C012-MT051-Boreli-14327017.1968                               10 1.41500E+01 1.71640E+01
n-C012-MT051-Boreli-14327018.1968                               11 1.76270E+01 2.05050E+01
n-C012-MT051-Bouchez-21153007.1963                               1 1.46000E+01 1.46000E+01
n-C012-MT051-Bouchez-21224007.1966                               1 1.46000E+01 1.46000E+01
n-C012-MT051-Clarke-11286005.1964                                1 1.41000E+01 1.41000E+01
n-C012-MT051-Deconninck-20240008.1970                            2 1.82500E+01 1.98800E+01
n-C012-MT051-Deuchars-21444002.1960                              1 1.40000E+01 1.40000E+01
n-C012-MT051-Drosg-12928012.1988                                 1 1.41000E+01 1.41000E+01
n-C012-MT051-Glasgow-12890007.1976                              15 8.97000E+00 1.49300E+01
n-C012-MT051-Grin-21047006.1969                                  1 1.41000E+01 1.41000E+01
n-C012-MT051-Grin-21047009.1969                                  1 1.41000E+01 1.41000E+01
n-C012-MT051-Grin-21047010.1969                                  6 1.41000E+01 1.41000E+01
n-C012-MT051-Gul-30593017.1981                                   1 1.47000E+01 1.47000E+01
n-C012-MT051-Haddad-11267004.1959                                3 6.00000E+00 7.00000E+00
n-C012-MT051-Haouat-20559008.1975                                9 5.80000E+00 8.80000E+00
n-C012-MT051-Haouat-22544005.1978                               14 7.99600E+00 1.45120E+01
n-C012-MT051-Meigooni-12944004.1985                              4 2.08000E+01 2.60000E+01
n-C012-MT051-Nordborg-20843008.1978                              1 8.60000E+00 8.60000E+00
n-C012-MT051-Olsson-22098004.1989                                7 1.65000E+01 2.20000E+01
n-C012-MT051-Perey-10027025.1969                                 9 6.01000E+00 8.56000E+00
n-C012-MT051-Perey-10027025A001.1969                             9 6.01000E+00 8.56000E+00
n-C012-MT051-Roturier-20599007.1968                              1 1.40700E+01 1.40700E+01
n-C012-MT051-Schmidt-32001017.1987                               2 7.75000E+00 9.80000E+00
n-C012-MT051-Singletary-11325005.1959                            1 1.41000E+01 1.41000E+01
n-C012-MT051-Spaargaren-20220003.1971                            1 1.50000E+01 1.50000E+01
n-C012-MT051-Takahashi-22075182.1987                             1 1.41000E+01 1.41000E+01
n-C012-MT051-Takahashi-22075183.1987                             1 1.41000E+01 1.41000E+01
n-C012-MT051-Velkley-10321004.1973                               3 7.73000E+00 9.00000E+00
n-C012-MT051-Velkley-10321004A001.1973                           3 7.73000E+00 9.00000E+00
n-C012-MT051-Wilenzick-11287004.1965                             1 6.04000E+00 6.04000E+00
n-C012-MT051-Yoshimura-20266004.1965                             1 1.41000E+01 1.41000E+01
