#              Filename                                         N    min         max
n-Bi209-MT002-Allen-12207005.1956                                1 5.00000E-01 5.00000E-01
n-Bi209-MT002-Bostrom-11130023.1959                              1 4.21000E+00 4.21000E+00
n-Bi209-MT002-Bostrom-11130023A001.1959                          1 4.21000E+00 4.21000E+00
n-Bi209-MT002-Brandenberger-10578005.1975                        1 1.46000E+00 1.46000E+00
n-Bi209-MT002-Brandenberger-10578005A001.1975                    1 1.46000E+00 1.46000E+00
n-Bi209-MT002-Cox-10332132.1972                                  1 8.88300E-01 8.88300E-01
n-Bi209-MT002-Cox-10332132A001.1972                              1 8.88300E-01 8.88300E-01
n-Bi209-MT002-Cross-11465009.1960                                1 1.46000E+01 1.46000E+01
n-Bi209-MT002-Egelstaff-21278025.1953                            1 2.53000E-08 2.53000E-08
n-Bi209-MT002-Fehsenfeld-21517002.1968                           1 1.25000E-06 1.25000E-06
n-Bi209-MT002-Gorlov-40221036.1965                               1 4.00000E+00 4.00000E+00
n-Bi209-MT002-Guseinov-40737003.1982                             1 3.87000E+00 3.87000E+00
n-Bi209-MT002-Holmqvist-20019213.1969                            3 6.09000E+00 8.05000E+00
n-Bi209-MT002-Hudsonjr-12180004.1962                             1 1.52000E+01 1.52000E+01
n-Bi209-MT002-Kazakova-40706020.1965                             1 2.00000E+00 2.00000E+00
n-Bi209-MT002-Korzh-40532015.1977                                3 2.00000E+00 3.00000E+00
n-Bi209-MT002-Lovchikova-40787010.1960                           1 2.20000E-01 2.20000E-01
n-Bi209-MT002-Mitchell-14700017.1936                             1 2.53000E-08 2.53000E-08
n-Bi209-MT002-Olsson-21825028.1982                              12 1.48200E+00 3.97500E+00
n-Bi209-MT002-Olsson-22048027.1987                               1 2.16000E+01 2.16000E+01
n-Bi209-MT002-Olsson-22617004.1985                               1 2.16000E+01 2.16000E+01
n-Bi209-MT002-Pasechnik-40683018.1964                            2 5.00000E-01 8.00000E-01
n-Bi209-MT002-Poenitz-23156043.2011                              1 3.99000E+00 3.99000E+00
n-Bi209-MT002-Popov-40367016.1957                                1 2.90000E+00 2.90000E+00
n-Bi209-MT002-Ramstein-21564006.1976                             1 6.40000E+00 6.40000E+00
n-Bi209-MT002-Schweitzer-30463057.1978                           1 3.40000E+00 3.40000E+00
n-Bi209-MT002-Seth-11788026.1958                                 1 8.48000E-04 8.48000E-04
n-Bi209-MT002-Smith-10010002.1970                               96 3.00000E-01 1.50000E+00
n-Bi209-MT002-Smith-10010002A001.1970                           96 3.00000E-01 1.50000E+00
n-Bi209-MT002-Snowdon-11965008.1954                              1 3.70000E+00 3.70000E+00
n-Bi209-MT002-Triftshaeuser-21272007.1965                        1 5.00000E-10 5.00000E-10
n-Bi209-MT002-Triftshaeuser-21272008.1965                        1 5.00000E-10 5.00000E-10
n-Bi209-MT002-Walt-11215054.1955                                 1 4.10000E+00 4.10000E+00
n-Bi209-MT002-Walt-11215054A001.1955                             1 4.10000E+00 4.10000E+00
n-Bi209-MT002-Walt-11637080.1954                                 1 1.00000E+00 1.00000E+00
n-Bi209-MT002-Wilenzick-11287046.1965                            1 6.04000E+00 6.04000E+00
