#              Filename                                         N    min         max     
p-Cu065-rp030065-Antropov-A0072006.1980                          1 6.07000E+00 6.07000E+00
p-Cu065-rp030065-Sevior-A0198003.1983                           18 2.18000E+00 3.21700E+00
p-Cu065-rp030065-Levkovski-A0510081.1991                        25 7.70000E+00 2.95000E+01
p-Cu065-rp030065-Gadioli-B0027004.1974                          17 1.02000E+01 4.43000E+01
p-Cu065-rp030065-Blaser-B0048003.1951                           11 2.77000E+00 6.31000E+00
p-Cu065-rp030065-Colle-B0057003.1974                            52 2.86000E+00 2.50200E+01
p-Cu065-rp030065-Howe-B0060006.1958                              5 6.40000E+00 1.14000E+01
p-Cu065-rp030065-Jones-B0063003.1961                             1 9.85000E+00 9.85000E+00
p-Cu065-rp030065-Dell-B0064006.1965                              1 6.75000E+00 6.75000E+00
p-Cu065-rp030065-Hansen-B0066005.1962                            7 5.00000E+00 1.10000E+01
p-Cu065-rp030065-Chackett-B0070003.1962                          1 9.30000E+00 9.30000E+00
p-Cu065-rp030065-Greene-B0074003.1972                           16 1.60000E+01 3.28000E+01
p-Cu065-rp030065-Albouy-B0106004.1962                            9 4.55000E+01 1.42000E+02
p-Cu065-rp030065-Greenwood-C0537019.1984                        13 2.60000E+01 4.50000E+02
p-Cu065-rp030065-Hershberger-C0738002.1984                      87 2.04400E+00 4.19000E+00
p-Cu065-rp030065-Qiang-C0739008.1990                            43 1.91700E+00 4.14100E+00
p-Cu065-rp030065-Albert-C2006003.1961                            1 9.85000E+00 9.85000E+00
p-Cu065-rp030065-Pulfer-D0053007.1979                           37 1.35300E+01 7.09200E+01
p-Cu065-rp030065-Pulfer-D0053008.1979                            1 1.82000E+03 1.82000E+03
p-Cu065-rp030065-Switkowski-D0118007.1978                       21 2.16337E+00 3.99222E+00
p-Cu065-rp030065-Ivascu-D0646007.2010                            2 5.14000E+00 5.23000E+00
p-Cu065-rp030065-Kormali-D4073002.1976                          30 2.90000E+00 1.93000E+01
p-Cu065-rp030065-Saini-D6100003.1983                           247 2.32758E+00 4.20122E+00
p-Cu065-rp030065-Generalov-F1322004.2017                        17 2.83900E+00 1.17000E+01
p-Cu065-rp030065-Generalov-F1322005.2017                        14 2.39500E+00 9.86700E+00
p-Cu065-rp030065-Dmitriev-O0419002.1968                         22 3.17000E+00 2.18300E+01
p-Cu065-rp030065-Johnson-T0122008.1958                          45 2.17100E+00 2.54400E+00
p-Cu065-rp030065-Wing-T0124005.1962                             42 4.50000E+00 1.05000E+01
p-Cu065-rp030065-Shore-T0125007.1961                             1 7.50000E+00 7.50000E+00
p-Cu065-rp030065-Johnson-T0126011.1964                          64 2.21300E+00 5.80200E+00
p-Cu065-rp030065-Johnson-T0135004.1960                          64 2.22500E+00 5.78000E+00
