#              Filename                                         N    min         max     
n-Ni058-rp027057-Rondio-31414003.1985                            1 1.85000E+01 1.85000E+01
n-Ni058-rp027057-Klochkova-41036004.1990                         1 1.41000E+01 1.41000E+01
n-Ni058-rp027057-Barrall-10031008.1969                           1 1.48000E+01 1.48000E+01
n-Ni058-rp027057-Barrall-10031008A001.1969                       1 1.48000E+01 1.48000E+01
n-Ni058-rp027057-Bramlitt-11590017.1963                          1 1.47000E+01 1.47000E+01
n-Ni058-rp027057-Cross-11696015.1963                             1 1.45000E+01 1.45000E+01
n-Ni058-rp027057-Temperley-11761004.1968                         6 1.37200E+01 1.47900E+01
n-Ni058-rp027057-Qaim-20513002.1974                              1 1.47000E+01 1.47000E+01
n-Ni058-rp027057-Hemingway-20527004.1973                         1 1.47000E+01 1.47000E+01
n-Ni058-rp027057-Fukuda-20841013.1978                            1 1.46000E+01 1.46000E+01
n-Ni058-rp027057-Weigel-21609003.1975                            1 1.44000E+01 1.44000E+01
n-Ni058-rp027057-Bahal-21936029.1985                             1 1.47000E+01 1.47000E+01
n-Ni058-rp027057-Pavlik-21965004.1985                           12 1.27600E+01 1.95700E+01
n-Ni058-rp027057-Pavlik-21965005.1985                           18 1.34700E+01 1.48300E+01
n-Ni058-rp027057-Qaim-21977002.1985                              7 6.41000E+00 9.51800E+00
n-Ni058-rp027057-Ikeda-22089049.1988                            10 1.35500E+01 1.49200E+01
n-Ni058-rp027057-Plompen-22684005.2002                          13 1.48100E+01 2.03500E+01
n-Ni058-rp027057-Iwasaki-22751004.1993                           3 1.72600E+01 1.91230E+01
n-Ni058-rp027057-Iwasaki-22752004.1994                           8 1.26970E+01 1.94640E+01
n-Ni058-rp027057-Semkova-22820004.2004                          12 1.48100E+01 2.03500E+01
n-Ni058-rp027057-Mannhart-22976023.2007                         17 1.00610E+01 1.44210E+01
n-Ni058-rp027057-Uno-23279020.1996                               6 1.75500E+01 3.00900E+01
n-Ni058-rp027057-Raics-30604005.1981                             5 1.35200E+01 1.48000E+01
n-Ni058-rp027057-Ribansky-30811007.1985                          1 1.48000E+01 1.48000E+01
n-Ni058-rp027057-Molla-30825010.1986                             1 1.46000E+01 1.46000E+01
n-Ni058-rp027057-Viennot-30978027.1991                           7 1.37700E+01 1.48300E+01
n-Ni058-rp027057-Purser-31038004.1959                            1 1.41000E+01 1.41000E+01
n-Ni058-rp027057-Glover-31107011.1962                            9 1.38600E+01 1.48800E+01
n-Ni058-rp027057-LuHanlinn-31444002.1994                         4 1.35500E+01 1.48500E+01
n-Ni058-rp027057-Osman-31464018.1996                             1 1.47000E+01 1.47000E+01
n-Ni058-rp027057-Belgaid-31524013.1992                           1 1.47300E+01 1.47300E+01
n-Ni058-rp027057-HuangJianzhouu-32585003.1977                   13 1.27900E+01 1.82600E+01
n-Ni058-rp027057-Maslov-40136009.1974                            2 1.42000E+01 1.46000E+01
n-Ni058-rp027057-Filatenkov-41614025.2016                       15 1.34700E+01 1.48600E+01
n-Ni058-rp027057-Fink-10484009.1970                              1 1.44000E+01 1.44000E+01
n-Ni058-rp027057-Fink-10484009A001.1970                          1 1.44000E+01 1.44000E+01
