#              Filename                                         N    min         max
n-Tc099-MT102-Chou-20352008.1973                                24 1.00300E-03 4.98890E-02
n-Tc099-MT102-Chou-20352009.1973                               113 3.17150E-06 1.19040E-03
n-Tc099-MT102-Chou-20352010.1973                                 6 5.00000E-04 5.00000E-02
n-Tc099-MT102-Chou-20352011.1973                                70 3.60000E-06 5.00000E-02
n-Tc099-MT102-Furutaka-14037002.2004                             1 2.50000E-08 2.50000E-08
n-Tc099-MT102-Furutaka-22933003.2005                             1 2.53000E-08 2.53000E-08
n-Tc099-MT102-Gamgam-02043099.2024                               2 5.00000E-03 1.00000E-02
n-Tc099-MT102-Harada-22295002.1995                               1 2.53000E-08 2.53000E-08
n-Tc099-MT102-Kadonis-01043099.2024                             20 5.00000E-03 1.00000E-01
n-Tc099-MT102-Katoh-22326002.1994                                1 2.53000E-08 2.53000E-08
n-Tc099-MT102-Kobayashi-22866002.2004                          187 4.51000E-09 4.68500E-02
n-Tc099-MT102-Little-10671002.1977                              10 4.50000E-03 7.00000E-02
n-Tc099-MT102-Little-10671002A001.1977                          10 4.50000E-03 7.00000E-02
n-Tc099-MT102-Little-10671004.1977                             436 3.44500E-03 8.98000E-02
n-Tc099-MT102-Little-10671004A001.1977                         436 3.44500E-03 8.98000E-02
n-Tc099-MT102-Lucas-21563007.1977                                1 2.53000E-08 2.53000E-08
n-Tc099-MT102-Macklin-12753002.1982                             31 3.50000E-03 1.95000E+00
n-Tc099-MT102-Matsumoto-22850002.2003                            5 1.15000E-02 7.25000E-02
n-Tc099-MT102-Ovechkin-40295002.1973                             1 2.53000E-08 2.53000E-08
n-Tc099-MT102-Pattenden-21325005.1958                            1 2.53000E-08 2.53000E-08
n-Tc099-MT102-Qaim-20350002.1973                                 1 1.47000E+01 1.47000E+01
n-Tc099-MT102-Tattersall-20638026.1960                           1 2.53000E-08 2.53000E-08
