#              Filename                                         N    min         max
n-Ni060-MT051-Boschung-10037019.1971                             2 5.05000E+00 5.58000E+00
n-Ni060-MT051-Boschung-10037019A001.1971                         2 5.05000E+00 5.58000E+00
n-Ni060-MT051-Guss-12930009.1985                                 4 7.90400E+00 1.39410E+01
n-Ni060-MT051-Kinney-10113013.1974                               2 4.34000E+00 4.92000E+00
n-Ni060-MT051-Kinney-10113013A001.1974                           2 4.34000E+00 4.92000E+00
n-Ni060-MT051-Kinney-10113014.1974                               6 4.07000E+00 5.50000E+00
n-Ni060-MT051-Kinney-10113014A001.1974                           6 4.07000E+00 5.50000E+00
n-Ni060-MT051-Kinney-10113015.1974                               6 4.07000E+00 5.50000E+00
n-Ni060-MT051-Kinney-10113015A001.1974                           6 4.07000E+00 5.50000E+00
n-Ni060-MT051-Konobeevskii-40096003.1972                        21 1.35747E+00 1.67269E+00
n-Ni060-MT051-Korzh-40531057.1975                                3 2.00000E+00 3.00000E+00
n-Ni060-MT051-Lashuk-41186043.1994                              36 1.36000E+00 5.42000E+00
n-Ni060-MT051-Perey-10487012.1970                                5 6.44000E+00 8.56000E+00
n-Ni060-MT051-Perey-10487012A001.1970                            5 6.44000E+00 8.56000E+00
n-Ni060-MT051-Rodgers-11276016.1967                              1 2.33000E+00 2.33000E+00
n-Ni060-MT051-Rogers-10146004.1971                               5 1.34000E+00 1.79000E+00
n-Ni060-MT051-Rogers-10146004A001.1971                           5 1.34000E+00 1.79000E+00
n-Ni060-MT051-Towle-20905017.1967                                1 7.00000E+00 7.00000E+00
