#              Filename                                         N    min         max     
n-Co059-rp025056-Ghorai-10837002.1980                            6 1.34000E+01 1.81000E+01
n-Co059-rp025056-Ghorai-10837002A001.1980                        6 1.34000E+01 1.81000E+01
n-Co059-rp025056-Paul-11274032.1953                              1 1.45000E+01 1.45000E+01
n-Co059-rp025056-Gabbard-11494010.1962                          14 1.26000E+01 1.71000E+01
n-Co059-rp025056-Santry-11701005.1964                            3 5.02000E+00 6.50000E+00
n-Co059-rp025056-Santry-11701006.1964                           21 5.30000E+00 1.35800E+01
n-Co059-rp025056-Santry-11701007.1964                            9 1.35800E+01 2.03000E+01
n-Co059-rp025056-Preiss-11740003.1960                            1 1.48000E+01 1.48000E+01
n-Co059-rp025056-Blosser-11747002.1958                           1 1.40500E+01 1.40500E+01
n-Co059-rp025056-Agrawal-128630022.1984                          1 1.46200E+01 1.46200E+01
n-Co059-rp025056-Meadows-12969016.1987                           1 1.47400E+01 1.47400E+01
n-Co059-rp025056-Meadows-13113002.1987                          18 5.07000E+00 9.97600E+00
n-Co059-rp025056-Kumabe-20283010.1958                            1 1.48000E+01 1.48000E+01
n-Co059-rp025056-Liskien-20377003.1965                          28 1.26000E+01 1.95800E+01
n-Co059-rp025056-Liskien-20387005.1966                          13 6.63000E+00 8.20000E+00
n-Co059-rp025056-Robertson-20799014.1973                         1 1.47800E+01 1.47800E+01
n-Co059-rp025056-Bormann-20887013.1965                           1 1.41000E+01 1.41000E+01
n-Co059-rp025056-Bormann-20904005.1961                           9 1.26000E+01 1.94000E+01
n-Co059-rp025056-Jeronymo-20922005.1963                          8 1.25500E+01 2.10000E+01
n-Co059-rp025056-Bahal-21936017.1985                             1 1.47000E+01 1.47000E+01
n-Co059-rp025056-Ikeda-22089046.1988                             8 1.33400E+01 1.49200E+01
n-Co059-rp025056-Kimura-22093012.1990                            1 1.40500E+01 1.40500E+01
n-Co059-rp025056-Ryves-22132002.1988                             2 1.43000E+01 1.46700E+01
n-Co059-rp025056-Ercan-22338003.1991                             1 1.46000E+01 1.46000E+01
n-Co059-rp025056-Mannhart-22976019.2007                         19 8.09800E+00 1.43200E+01
n-Co059-rp025056-Uno-23279010.1996                               4 1.75500E+01 3.00900E+01
n-Co059-rp025056-Garuska-30479007.1978                           1 1.46000E+01 1.46000E+01
n-Co059-rp025056-Zupranska-30581005.1980                        10 1.30000E+01 1.78000E+01
n-Co059-rp025056-HuangJianzhouu-30608002.1981                    1 1.45800E+01 1.45800E+01
n-Co059-rp025056-HuangJianzhouu-30608003.1981                   19 1.24900E+01 1.82600E+01
n-Co059-rp025056-Garlea-30804004.1985                            1 1.48000E+01 1.48000E+01
n-Co059-rp025056-Berrada-30805007.1984                           5 1.38000E+01 1.48000E+01
n-Co059-rp025056-Weigold-31039002.1960                           1 1.45000E+01 1.45000E+01
n-Co059-rp025056-Khurana-31316013.1965                           1 1.48000E+01 1.48000E+01
n-Co059-rp025056-Molla-31449007.1994                             5 1.35700E+01 1.47100E+01
n-Co059-rp025056-Garlea-31459015.1992                            1 1.48000E+01 1.48000E+01
n-Co059-rp025056-Osman-314640121.1996                            1 1.47000E+01 1.47000E+01
n-Co059-rp025056-Osman-314640122.1996                            1 1.47000E+01 1.47000E+01
n-Co059-rp025056-Osman-314640123.1996                            1 1.47000E+01 1.47000E+01
n-Co059-rp025056-Doczi-31495004.1998                             1 1.13400E+01 1.13400E+01
n-Co059-rp025056-Grallert-31496009.1993                          1 1.46000E+01 1.46000E+01
n-Co059-rp025056-Kral-31834006.2020                              1 2.91000E+01 2.91000E+01
n-Co059-rp025056-Jarosik-31842005.2022                           1 1.75000E+01 1.75000E+01
n-Co059-rp025056-LiTingyann-32591003.1990                        6 1.37400E+01 1.77700E+01
n-Co059-rp025056-Levkovskii-402230091.1969                       1 1.48000E+01 1.48000E+01
n-Co059-rp025056-Dolya-41306004.1977                             1 1.47000E+01 1.47000E+01
n-Co059-rp025056-Filatenkov-41614021.2016                        7 1.35600E+01 1.47800E+01
n-Co059-rp025056-Simeckova-317640031.2011                        7 1.75000E+01 3.50000E+01
n-Co059-rp025056-Simeckova-317640032.2011                        7 1.75000E+01 3.50000E+01
n-Co059-rp025056-Majerle-31767013.2016                           7 1.73000E+01 3.55000E+01
