#              Filename                                         N    min         max
n-C012-MT002-Ageno-21787002.1947                                 3 4.10000E+00 1.35000E+01
n-C012-MT002-Baba-21984062.1986                                  2 1.42000E+01 1.82000E+01
n-C012-MT002-Baba-22188053.1990                                  1 1.41000E+01 1.41000E+01
n-C012-MT002-Boreli-14327011.1968                               15 1.40000E+01 1.72820E+01
n-C012-MT002-Boreli-14327012.1968                               15 1.39420E+01 2.00290E+01
n-C012-MT002-Boreli-14327013.1968                                9 2.04770E+01 2.39030E+01
n-C012-MT002-Boschung-10037010.1971                              3 4.04000E+00 5.59000E+00
n-C012-MT002-Boschung-10037010A001.1971                          3 4.04000E+00 5.59000E+00
n-C012-MT002-Bouchez-21153006.1963                               1 1.46000E+01 1.46000E+01
n-C012-MT002-Bouchez-21224006.1966                               1 1.46000E+01 1.46000E+01
n-C012-MT002-Brandenberger-10578011.1975                         1 1.46000E+00 1.46000E+00
n-C012-MT002-Brandenberger-10578011A001.1975                     1 1.46000E+00 1.46000E+00
n-C012-MT002-Coon-11322002.1958                                  1 1.45000E+01 1.45000E+01
n-C012-MT002-Demanins-20492004.1973                              8 1.98000E+00 4.64000E+00
n-C012-MT002-Drosg-12928011.1988                                 1 1.41000E+01 1.41000E+01
n-C012-MT002-Glasgow-12890004.1976                              15 8.97000E+00 1.49300E+01
n-C012-MT002-Gorlov-40221006.1965                                1 4.00000E+00 4.00000E+00
n-C012-MT002-Grin-21047003.1969                                  1 1.41000E+01 1.41000E+01
n-C012-MT002-Gul-30593021.1981                                   1 1.47000E+01 1.47000E+01
n-C012-MT002-Haouat-20559002.1975                               14 8.00000E+00 1.45000E+01
n-C012-MT002-Haouat-22544004.1978                               14 8.00000E+00 1.46000E+01
n-C012-MT002-Korzh-40685002.1964                                 1 5.00000E-01 5.00000E-01
n-C012-MT002-Lister-11334008.1966                               71 3.06800E+00 4.72900E+00
n-C012-MT002-Olsson-22098002.1989                                7 1.65000E+01 2.20000E+01
n-C012-MT002-Schmidt-32001014.1987                               2 7.75000E+00 9.80000E+00
n-C012-MT002-Singletary-11325003.1959                            1 1.41000E+01 1.41000E+01
n-C012-MT002-Takahashi-22075181.1987                             1 1.41000E+01 1.41000E+01
n-C012-MT002-Tesch-21663008.1962                                 1 1.41000E+01 1.41000E+01
n-C012-MT002-Triftshaeuser-21272003.1965                         2 3.39000E-05 6.11000E-05
n-C012-MT002-Velkley-10321003.1973                               5 7.20000E+00 9.00000E+00
n-C012-MT002-Velkley-10321003A001.1973                           5 7.20000E+00 9.00000E+00
n-C012-MT002-Vertebnyj-41280003.1970                             1 2.53000E-08 2.53000E-08
n-C012-MT002-White-10685005.1980                                 3 4.07800E+00 6.94000E+00
n-C012-MT002-White-10685005A001.1980                             3 4.07800E+00 6.94000E+00
n-C012-MT002-Wilenzick-11287002.1965                             1 6.04000E+00 6.04000E+00
n-C012-MT002-Yoshimura-20266002.1965                             1 1.41000E+01 1.41000E+01
n-C012-MT002-ZhangKunn-31486002.1995                             1 1.47000E+01 1.47000E+01
