#              Filename                                         N    min         max     
n-In113-rp049112m-Temperley-10214011.1970                        1 1.41000E+01 1.41000E+01
n-In113-rp049112m-Temperley-10214011A001.1970                    1 1.41000E+01 1.41000E+01
n-In113-rp049112m-Roetzer-20063003.1968                          1 1.47000E+01 1.47000E+01
n-In113-rp049112m-Minetti-21106002.1968                          1 1.47000E+01 1.47000E+01
n-In113-rp049112m-Ryves-21918003.1983                            1 1.43000E+01 1.43000E+01
n-In113-rp049112m-Konno-22637053.1993                            5 1.33400E+01 1.49300E+01
n-In113-rp049112m-Sakane-22662010.2001                           6 1.34000E+01 1.48700E+01
n-In113-rp049112m-Kozlowski-30285005.1968                        1 1.47000E+01 1.47000E+01
n-In113-rp049112m-Holub-30348012.1976                            1 1.46000E+01 1.46000E+01
n-In113-rp049112m-Chatterjee-30612006.1969                       2 1.42000E+01 1.48000E+01
n-In113-rp049112m-Reggoug-30643003.1982                          1 1.47000E+01 1.47000E+01
n-In113-rp049112m-Reggoug-306980111.1982                         1 1.47000E+01 1.47000E+01
n-In113-rp049112m-LiJianweii-30782005.1988                       9 1.27000E+01 1.82600E+01
n-In113-rp049112m-Buczko-30987004.1991                          12 1.34300E+01 1.48300E+01
n-In113-rp049112m-KeWeii-31402005.1989                           1 1.45000E+01 1.45000E+01
n-In113-rp049112m-Belgaid-31524019.1992                          1 1.47300E+01 1.47300E+01
n-In113-rp049112m-Palvanov-31737002.2014                         1 1.40000E+01 1.40000E+01
n-In113-rp049112m-FeiTuoo-32653005.2006                          2 1.43000E+01 1.46000E+01
n-In113-rp049112m-JunhuaLuoo-327750021.2017                      3 1.35000E+01 1.48000E+01
