#              Filename                                         N    min         max
n-U235-MT018-Adamchuk-40063011.1955                            209 1.16990E-08 9.69990E-04
n-U235-MT018-Adamov-40547013.1977                                1 1.47000E+01 1.47000E+01
n-U235-MT018-Adamov-40547023.1977                                3 1.40000E+01 1.47000E+01
n-U235-MT018-Adams-212090032.1961                               13 1.32000E+01 1.94000E+01
n-U235-MT018-Aleksandrov-40546003.1979                           1 2.50000E+00 2.50000E+00
n-U235-MT018-Alkhazov-31832002.1979                              1 1.47100E+01 1.47100E+01
n-U235-MT018-Alkhazov-41013003.1988                              5 2.56000E+00 1.88000E+01
n-U235-MT018-Alkhazov-41013004.1988                              5 2.56000E+00 1.88000E+01
n-U235-MT018-Allen-21075003.1957                                25 3.00000E-02 3.00000E+00
n-U235-MT018-Amaducci-234530022.2019                           140 1.89000E-08 1.68000E-01
n-U235-MT018-Amaducci-234530032.2019                           140 1.89000E-08 1.68000E-01
n-U235-MT018-Amaducci-234530041.2019                           459 8.96411E-04 1.74786E-01
n-U235-MT018-Amaducci-234530042.2019                           459 8.96411E-04 1.74786E-01
n-U235-MT018-Amaducci-234530043.2019                           459 8.96411E-04 1.74786E-01
n-U235-MT018-Amaducci-234530051.2019                           229 9.01631E-04 1.71802E-01
n-U235-MT018-Amaducci-234530052.2019                           229 9.01631E-04 1.71802E-01
n-U235-MT018-Amaducci-234530053.2019                           229 9.01631E-04 1.71802E-01
n-U235-MT018-Amaducci-23453013.2019                           5484 1.78033E-08 1.76810E-01
n-U235-MT018-Amaducci-23453014.2019                           4644 1.78033E-08 1.76810E-01
n-U235-MT018-Amaducci-23453016.2019                             10 1.50000E-04 1.50000E-03
n-U235-MT018-Anderson-13877002.1944                            148 1.30000E-08 1.02155E-03
n-U235-MT018-Arlt-31833002.1980                                  1 8.20000E+00 8.20000E+00
n-U235-MT018-Auclair-21082005.1955                              51 1.00000E-08 3.65000E-06
n-U235-MT018-Auclair-21082006.1955                             145 1.45000E-09 1.00100E-04
n-U235-MT018-Balibreacorrea-23733003.2020                     9000 2.00095E-07 1.99941E-04
n-U235-MT018-Ballini-21093002.1961                              28 1.02000E+00 3.85000E+00
n-U235-MT018-Barton-103460022.1976                              41 1.00000E+00 6.00000E+00
n-U235-MT018-Barton-103460022A001.1976                          41 1.00000E+00 6.00000E+00
n-U235-MT018-Benedict-14668002.1943                              1 5.30000E-01 5.30000E-01
n-U235-MT018-Berceanu-30399002.1978                              1 2.53000E-08 2.53000E-08
n-U235-MT018-Berezin-412030031.1958                              1 1.46000E+01 1.46000E+01
n-U235-MT018-Bergman-40601002.1980                              10 2.00000E-04 4.50000E-02
n-U235-MT018-Bergman-40751003.1980                              68 1.03000E-04 4.91000E-02
n-U235-MT018-Bergman-40751006.1980                              24 1.50000E-04 4.50000E-02
n-U235-MT018-Bigham-12356006.1976                                1 2.53000E-08 2.53000E-08
n-U235-MT018-Blons-20483002.1971                              8077 1.74970E-05 3.01080E-02
n-U235-MT018-Blons-20483005.1971                                15 2.50000E-05 2.50000E-02
n-U235-MT018-Bollinger-12390002.1958                            31 3.80000E-09 9.49000E-07
n-U235-MT018-Borcea-30140002.1973                                1 2.53000E-08 2.53000E-08
n-U235-MT018-Bowman-10170002.1970                             2129 1.52036E-03 1.49995E-02
n-U235-MT018-Bowman-10170002A001.1970                         2129 1.52036E-03 1.49995E-02
n-U235-MT018-Bowman-10170003.1970                             1156 1.50358E-02 4.97188E-01
n-U235-MT018-Bowman-10170003A001.1970                         1156 1.50358E-02 4.97188E-01
n-U235-MT018-Bowman-10419002.1971                             2092 1.26070E-02 9.99260E-02
n-U235-MT018-Bowman-10419002A001.1971                         2092 1.26070E-02 9.99260E-02
n-U235-MT018-Bowman-10419003.1971                              729 1.00044E-01 3.48475E-01
n-U235-MT018-Bowman-10419003A001.1971                          729 1.00044E-01 3.48475E-01
n-U235-MT018-Bowman-12429005.1963                             1439 3.22000E-08 5.99200E-05
n-U235-MT018-Bowman-12433002.1966                              765 1.36900E-05 7.97500E-05
n-U235-MT018-Bowman-12433003.1966                              400 2.41990E-06 1.29200E-05
n-U235-MT018-Bowman-12433004.1966                              293 2.78300E-07 3.69780E-06
n-U235-MT018-Bowman-12433005.1966                              114 1.34000E-08 2.57700E-07
n-U235-MT018-Bramlett-10134002.1969                              8 7.32000E-06 1.57500E-03
n-U235-MT018-Bramlett-10134002A001.1969                          8 7.32000E-06 1.57500E-03
n-U235-MT018-Brooks-20938009.1966                             1490 1.71000E-07 2.00100E-04
n-U235-MT018-Brooks-20938010.1966                              732 1.78300E-06 1.11300E-05
n-U235-MT018-Brooks-20938011.1966                              110 9.22000E-07 3.90800E-06
n-U235-MT018-Brooks-20938012.1966                               60 1.78000E-07 8.67000E-07
n-U235-MT018-Brooks-20938013.1966                               33 3.50000E-08 1.59000E-07
n-U235-MT018-Brooks-20938014.1966                               10 1.50000E-05 1.50000E-04
n-U235-MT018-Brooks-20938031.1966                               19 4.00000E-07 1.56500E-04
n-U235-MT018-Brown-12432002.1966                              3087 2.00500E-05 9.77900E-01
n-U235-MT018-Buleeva-40969011.1988                              13 6.24000E-01 7.85000E-01
n-U235-MT018-Cance-20779002.1978                                 2 1.39000E+01 1.46000E+01
n-U235-MT018-Cance-21620002.1981                                 2 2.50000E+00 4.45000E+00
n-U235-MT018-Cance-21620003.1981                                 1 2.50000E+00 2.50000E+00
n-U235-MT018-Cao-20129002.1968                                9777 5.99930E-06 3.00590E-03
n-U235-MT018-Carlson-10987002.1985                              67 3.09710E-01 2.82490E+00
n-U235-MT018-Carlson-10987002A001.1985                          67 3.09710E-01 2.82490E+00
n-U235-MT018-Carlson-12848002.1978                              13 1.17100E+00 3.11400E+00
n-U235-MT018-Carlson-12848003.1978                              24 3.14700E+00 6.20300E+00
n-U235-MT018-Carlson-12848004.1978                              13 1.17100E+00 3.11400E+00
n-U235-MT018-Carlson-12848005.1978                              29 2.78800E+00 6.20300E+00
n-U235-MT018-Carlson-14015002.1991                              44 2.46800E+00 3.02400E+01
n-U235-MT018-Ceulemans-20369007.1970                             1 2.53000E-08 2.53000E-08
n-U235-MT018-Chamberlain-14665002.1942                           1 2.20000E-01 2.20000E-01
n-U235-MT018-Chamberlain-14665003.1942                           1 4.30000E-01 4.30000E-01
n-U235-MT018-Chelnokov-40105002.1972                            26 2.00000E-04 3.46000E-02
n-U235-MT018-Corvi-21777002.1983                                22 2.50000E-03 8.25000E-02
n-U235-MT018-Cramer-10054002.1969                             2801 2.00363E-05 1.00724E-03
n-U235-MT018-Cramer-10054002A001.1969                         2801 2.00363E-05 1.00724E-03
n-U235-MT018-Cramer-10057002.1970                              924 1.00067E-05 3.49787E-05
n-U235-MT018-Cramer-10057002A001.1970                          924 1.00067E-05 3.49787E-05
n-U235-MT018-Cramer-10057003.1970                             2080 3.50140E-05 9.98766E-04
n-U235-MT018-Cramer-10057003A001.1970                         2080 3.50140E-05 9.98766E-04
n-U235-MT018-Cramer-10057004.1970                              596 1.00285E-03 2.84039E+00
n-U235-MT018-Cramer-10057004A001.1970                          596 1.00285E-03 2.84039E+00
n-U235-MT018-Czirr-104280022.1975                               61 2.99000E+00 2.01000E+01
n-U235-MT018-Czirr-104280022A001.1975                           61 2.99000E+00 2.01000E+01
n-U235-MT018-Czirr-105470022.1976                               40 1.50000E-04 6.65000E-01
n-U235-MT018-Czirr-105470022A001.1976                           40 1.50000E-04 6.65000E-01
n-U235-MT018-Czirr-105580022.1975                               27 7.54000E-01 4.12900E+00
n-U235-MT018-Czirr-105580022A001.1975                           27 7.54000E-01 4.12900E+00
n-U235-MT018-Czirr-10715002.1977                                22 6.00000E-08 9.00000E-04
n-U235-MT018-Czirr-10715002A001.1977                            22 6.00000E-08 9.00000E-04
n-U235-MT018-Davis-10314002.1978                                 4 1.40000E-01 9.64000E-01
n-U235-MT018-Davis-10314002A001.1978                             4 1.40000E-01 9.64000E-01
n-U235-MT018-Deruytter-20131002.1971                           870 2.01800E-08 1.09840E-05
n-U235-MT018-Deruytter-20143002.1970                             1 2.53000E-08 2.53000E-08
n-U235-MT018-Deruytter-20189002.1961                            25 1.09800E-08 1.18550E-07
n-U235-MT018-Deutsch-14732004.1944                               1 2.53000E-08 2.53000E-08
n-U235-MT018-Dias-12924003.1985                                 19 1.06620E+00 5.98590E+00
n-U235-MT018-Diven-12415002.1957                                14 4.03000E-01 1.62000E+00
n-U235-MT018-Fraysse-21520002.1965                               2 3.21600E-08 6.26000E-08
n-U235-MT018-Fraysse-21520006.1965                               1 2.53000E-08 2.53000E-08
n-U235-MT018-Fraysse-21780002.1965                               4 3.21600E-08 6.26000E-08
n-U235-MT018-Friesen-12394002.1956                               1 2.53000E-08 2.53000E-08
n-U235-MT018-Gayther-20422002.1972                             304 1.01330E-03 1.00390E+00
n-U235-MT018-Gayther-20422003.1972                              27 1.50000E-03 9.50000E-01
n-U235-MT018-Gayther-20422004.1972                              33 1.25000E-03 9.50000E-01
n-U235-MT018-Gerasimov-41369032.1997                           445 1.36000E-07 3.34840E-02
n-U235-MT018-Goldanskii-41212004.1956                            2 1.20000E+02 3.80000E+02
n-U235-MT018-Gorlov-40055002.1960                               24 3.40000E-03 7.72000E-01
n-U235-MT018-Grundl-10417002.1967                               14 2.18000E+00 8.07000E+00
n-U235-MT018-Grundl-10417002A001.1967                           14 2.18000E+00 8.07000E+00
n-U235-MT018-Guerrero-231620021.2012                          2014 1.00077E-06 2.19955E-05
n-U235-MT018-Gwin-12905002.1984                               1616 1.59400E-09 1.00220E-04
n-U235-MT018-Hanson-14666002.1943                               23 1.22000E-01 1.79800E+00
n-U235-MT018-Henkel-12321004.1952                               38 2.08000E-02 2.03000E+00
n-U235-MT018-Ignatev-40156003.1964                             165 9.16000E-07 3.89000E-06
n-U235-MT018-Ignatev-40156004.1964                              93 2.21700E-06 8.08400E-06
n-U235-MT018-Ignatev-40156005.1964                             191 1.14400E-06 7.30300E-06
n-U235-MT018-Iwasaki-22091002.1988                               5 1.35100E+01 1.49000E+01
n-U235-MT018-Iyer-30035004.1969                                  1 1.41000E+01 1.41000E+01
n-U235-MT018-Jandel-14149002.2012                              187 6.02800E-06 1.75000E-05
n-U235-MT018-Kaeppeler-20354002.1970                             2 4.40000E-01 5.30000E-01
n-U235-MT018-Kaeppeler-20356002.1973                             7 5.46000E-01 1.17500E+00
n-U235-MT018-Kaeppeler-20356003.1973                            12 5.13000E-01 1.16400E+00
n-U235-MT018-Kalinin-41112002.1991                               2 1.88000E+00 2.37000E+00
n-U235-MT018-Kari-20786006.1978                                124 1.00000E+00 2.12000E+01
n-U235-MT018-Keith-23309003.1968                                 1 2.53000E-08 2.53000E-08
n-U235-MT018-Knitter-20394006.1972                               3 1.50000E+00 2.30000E+00
n-U235-MT018-Knoll-21194002.1967                                 1 3.00000E-02 3.00000E-02
n-U235-MT018-Knoll-21194003.1967                                 1 3.00000E-02 3.00000E-02
n-U235-MT018-Kononov-40412003.1975                               7 1.50000E-02 7.50000E-02
n-U235-MT018-Kuks-40258003.1975                                  1 2.50000E+00 2.50000E+00
n-U235-MT018-Kurov-40024004.1972                                31 1.50000E-05 2.75000E-02
n-U235-MT018-Lemley-10120002.1971                             6847 2.00016E-05 9.99311E-02
n-U235-MT018-Lemley-10120002A001.1971                         6847 2.00016E-05 9.99311E-02
n-U235-MT018-Leonardjr-12430002.1954                            80 5.00000E-09 9.75000E-07
n-U235-MT018-Leonardjr-12434002.1957                             1 1.00000E-07 1.00000E-07
n-U235-MT018-Leugers-20943002.1976                             144 1.22400E+00 2.00750E+01
n-U235-MT018-LiJingwenn-30634002.1983                            1 1.47000E+01 1.47000E+01
n-U235-MT018-LiJingwenn-30721002.1988                            1 1.42000E+01 1.42000E+01
n-U235-MT018-Linenberger-14137002.1944                          12 5.00000E-03 1.31000E+00
n-U235-MT018-Lisowski-14016002.1991                            141 3.02520E+00 2.01800E+02
n-U235-MT018-Macklin-12682002.1966                              10 1.50000E-01 3.35000E-01
n-U235-MT018-Mahdavi-12826002.1982                               1 1.46300E+01 1.46300E+01
n-U235-MT018-Maslin-21387002.1965                                1 2.53000E-08 2.53000E-08
n-U235-MT018-Melkonian-12403003.1958                           336 1.11000E-08 4.02000E-02
n-U235-MT018-Merla-22304002.1991                                 3 4.45000E+00 1.88000E+01
n-U235-MT018-Merla-22304006.1991                                 2 2.60000E+00 1.47000E+01
n-U235-MT018-Michaudon-20727002.1965                          2733 7.20820E-06 2.09960E-02
n-U235-MT018-Michaudon-20727003.1965                          1496 3.78840E-07 5.46610E-05
n-U235-MT018-Migneco-20783002.1975                            3881 7.46880E-04 1.11740E+00
n-U235-MT018-Mihailescu-30269002.1972                           40 1.72000E-08 1.52800E-07
n-U235-MT018-Mihailescu-30269003.1972                           40 1.72000E-08 1.52800E-07
n-U235-MT018-Moore-10629004.1978                              3777 1.62500E-06 2.46300E-02
n-U235-MT018-Moore-10629004A001.1978                          3777 1.62500E-06 2.46300E-02
n-U235-MT018-Moore-106290051.1978                             3777 1.62500E-06 2.46300E-02
n-U235-MT018-Moore-106290051A001.1978                         3777 1.62500E-06 2.46300E-02
n-U235-MT018-Moore-106290052.1978                             3777 1.62500E-06 2.46300E-02
n-U235-MT018-Moore-106290052A001.1978                         3777 1.62500E-06 2.46300E-02
n-U235-MT018-Mostovaya-40218002.1975                            15 3.61100E-06 9.00000E-05
n-U235-MT018-Mostovaya-40272002.1966                          1860 8.24300E-07 1.68600E-04
n-U235-MT018-Mostovaya-40616002.1980                            26 1.50000E-04 9.50000E-02
n-U235-MT018-Mostovaya-40616004.1980                          4000 7.86780E-05 2.02713E-02
n-U235-MT018-Muradyan-40550003.1977                             21 1.50000E-04 2.50000E-02
n-U235-MT018-Murzin-40587003.1980                                1 2.45000E-02 2.45000E-02
n-U235-MT018-Murzin-40588003.1977                                1 2.00000E-03 2.00000E-03
n-U235-MT018-Nolte-23078002.2007                                 9 3.28000E+01 1.99000E+02
n-U235-MT018-Nyer-12306004.1950                                  1 1.40000E+01 1.40000E+01
n-U235-MT018-Osterhage-20715004.1978                           118 3.00000E-01 1.29920E+01
n-U235-MT018-Pankratov-40638004.1960                            16 1.05000E+01 2.14000E+01
n-U235-MT018-Pankratov-40653005.1963                            30 6.10000E+00 2.57000E+01
n-U235-MT018-Paradela-23294003.2016                           8360 6.61074E-07 9.99425E-03
n-U235-MT018-Paradela-23294004.2016                             15 3.35500E-03 2.66500E-02
n-U235-MT018-Patrick-20461002.1970                             239 1.00030E-02 2.99300E-02
n-U235-MT018-Patrick-20461003.1970                               5 2.05000E-02 2.45000E-02
n-U235-MT018-Perez-10249002.1973                              2430 8.05000E-06 1.99508E-04
n-U235-MT018-Perez-10249002A001.1973                          2430 8.05000E-06 1.99508E-04
n-U235-MT018-Perez-10249004.1973                               196 2.25000E-04 9.97500E-03
n-U235-MT018-Perez-10249004A001.1973                           196 2.25000E-04 9.97500E-03
n-U235-MT018-Perez-10302002.1974                              1960 2.02500E-03 9.99750E-02
n-U235-MT018-Perez-10302002A001.1974                          1960 2.02500E-03 9.99750E-02
n-U235-MT018-Perkin-20584004.1965                                1 2.40000E-02 2.40000E-02
n-U235-MT018-Poenitz-10296002.1970                               2 5.52000E-01 6.44000E-01
n-U235-MT018-Poenitz-10296002A001.1970                           2 5.52000E-01 6.44000E-01
n-U235-MT018-Poenitz-10333006.1974                              45 3.99000E-01 2.80300E+00
n-U235-MT018-Poenitz-10333006A001.1974                          45 3.99000E-01 2.80300E+00
n-U235-MT018-Poenitz-10333007.1974                              74 3.50000E-02 3.50000E+00
n-U235-MT018-Poenitz-10333007A001.1974                          74 3.50000E-02 3.50000E+00
n-U235-MT018-Poenitz-10333008.1974                               9 3.45000E-02 1.09000E-01
n-U235-MT018-Poenitz-10333008A001.1974                           9 3.45000E-02 1.09000E-01
n-U235-MT018-Poenitz-10333009.1974                               1 3.50000E+00 3.50000E+00
n-U235-MT018-Poenitz-10333009A001.1974                           1 3.50000E+00 3.50000E+00
n-U235-MT018-Poenitz-10333010.1974                               1 8.00000E-01 8.00000E-01
n-U235-MT018-Poenitz-10333010A001.1974                           1 8.00000E-01 8.00000E-01
n-U235-MT018-Poenitz-10333011.1974                               6 4.48000E-01 6.44000E-01
n-U235-MT018-Poenitz-10333011A001.1974                           6 4.48000E-01 6.44000E-01
n-U235-MT018-Poenitz-10333012.1974                               1 4.98000E-01 4.98000E-01
n-U235-MT018-Poenitz-10333012A001.1974                           1 4.98000E-01 4.98000E-01
n-U235-MT018-Poenitz-10333013.1974                              39 3.99000E-01 2.80300E+00
n-U235-MT018-Poenitz-10333013A001.1974                          39 3.99000E-01 2.80300E+00
n-U235-MT018-Poenitz-10333014.1974                              52 3.50000E-02 3.50000E+00
n-U235-MT018-Poenitz-10333014A001.1974                          52 3.50000E-02 3.50000E+00
n-U235-MT018-Poenitz-10711002.1977                              73 1.93000E-01 8.27500E+00
n-U235-MT018-Poenitz-10711002A001.1977                          73 1.93000E-01 8.27500E+00
n-U235-MT018-Poenitz-10711003.1977                              10 2.15000E-01 3.05000E-01
n-U235-MT018-Poenitz-10711003A001.1977                          10 2.15000E-01 3.05000E-01
n-U235-MT018-Poenitz-10711004.1977                              45 1.93000E-01 4.44900E+00
n-U235-MT018-Poenitz-10711004A001.1977                          45 1.93000E-01 4.44900E+00
n-U235-MT018-Poenitz-10711005.1977                              18 4.39600E+00 8.27500E+00
n-U235-MT018-Poenitz-10711005A001.1977                          18 4.39600E+00 8.27500E+00
n-U235-MT018-Poenitz-12401002.1968                              14 3.00000E-02 1.47000E+00
n-U235-MT018-Price-21029002.1955                               240 2.32000E-07 1.52000E-04
n-U235-MT018-Price-21029003.1955                                31 1.01000E-07 6.30000E-07
n-U235-MT018-Price-21029004.1955                                44 5.30000E-09 9.90000E-08
n-U235-MT018-Raffle-21471006.1959                                1 2.53000E-08 2.53000E-08
n-U235-MT018-Raffle-21471007.1959                                6 1.94000E-08 3.41000E-08
n-U235-MT018-Rapaport-14036002.1987                            111 5.39000E-01 9.48000E+02
n-U235-MT018-Rochman-14091002.2005                            1473 7.17880E-08 2.04030E-02
n-U235-MT018-Ryabov-400700391.1970                              32 1.50000E-07 2.75000E-05
n-U235-MT018-Safford-12439002.1959                               1 2.53000E-08 2.53000E-08
n-U235-MT018-Saplakoglu-12392002.1958                            1 2.53000E-08 2.53000E-08
n-U235-MT018-Schrack-13198002.1988                            7958 1.51660E-08 1.40370E-03
n-U235-MT018-Schuman-14080038.1970                               1 2.00000E-03 2.00000E-03
n-U235-MT018-Seppi-12400002.1957                                10 2.69000E-09 5.14000E-09
n-U235-MT018-Shore-12418004.1958                               278 1.00099E-07 9.99999E-06
n-U235-MT018-Smirenkin-40650004.1962                            52 3.50000E-01 2.62000E+00
n-U235-MT018-Smith-12316010.1957                                27 2.22000E+00 2.05000E+01
n-U235-MT018-Smith-12369003.1966                                66 3.80000E-01 6.57000E-01
n-U235-MT018-Smith-12369004.1966                                56 3.79000E-01 6.55000E-01
n-U235-MT018-Szabo-20567002.1970                                31 1.75000E-02 1.01000E+00
n-U235-MT018-Szabo-20569002.1971                                15 1.15000E-02 1.99000E-01
n-U235-MT018-Szabo-20570002.1973                                36 1.70000E-02 2.61000E+00
n-U235-MT018-Szabo-20618002.1976                                13 2.35000E+00 5.53000E+00
n-U235-MT018-Szteinsznaider-21515005.1955                        7 5.00000E-02 5.92000E-01
n-U235-MT018-Szteinsznaider-21515007.1955                        1 8.50000E-01 8.50000E-01
n-U235-MT018-Uttley-21468003.1956                                1 1.41000E+01 1.41000E+01
n-U235-MT018-Wagemans-20826002.1976                             21 5.50000E-06 2.50000E-02
n-U235-MT018-Wagemans-20826004.1976                           4115 1.10160E-05 2.99440E-02
n-U235-MT018-Wagemans-21522010.1979                            805 2.99950E-05 1.99590E-04
n-U235-MT018-Wagemans-21522011.1979                            805 2.99950E-05 1.99590E-04
n-U235-MT018-Wagemans-21522012.1979                           1778 2.00270E-08 2.99710E-05
n-U235-MT018-Wagemans-21522013.1979                           1778 2.00270E-08 2.99710E-05
n-U235-MT018-Wagemans-22080003.1988                            363 2.02560E-09 2.01510E-05
n-U235-MT018-Wahl-12437002.1954                                  1 1.41000E+01 1.41000E+01
n-U235-MT018-WangShihTiii-40271002.1965                        509 2.19600E-07 8.89600E-06
n-U235-MT018-WangShihTiii-40271003.1965                       2404 1.24600E-06 3.06200E-02
n-U235-MT018-Wasson-10595002.1976                               77 5.25000E-03 7.50000E-01
n-U235-MT018-Wasson-10595002A001.1976                           77 5.25000E-03 7.50000E-01
n-U235-MT018-Wasson-10595003.1976                               13 8.70000E-06 2.50000E-02
n-U235-MT018-Wasson-10595003A001.1976                           13 8.70000E-06 2.50000E-02
n-U235-MT018-Wasson-10595005.1976                               18 7.50000E-03 7.50000E-01
n-U235-MT018-Wasson-10595005A001.1976                           18 7.50000E-03 7.50000E-01
n-U235-MT018-Wasson-10950002.1982                               37 2.44500E-01 1.19600E+00
n-U235-MT018-Wasson-10950002A001.1982                           37 2.44500E-01 1.19600E+00
n-U235-MT018-Wasson-10971002.1982                                1 1.41000E+01 1.41000E+01
n-U235-MT018-Wasson-10971002A001.1982                            1 1.41000E+01 1.41000E+01
n-U235-MT018-Weston-12877004.1984                             9692 9.73000E-06 2.00060E-01
n-U235-MT018-Weston-12877008.1984                               35 2.50000E-05 9.50000E-02
n-U235-MT018-Weston-12877011.1984                               10 1.81550E-05 8.92400E-02
n-U235-MT018-Weston-13488002.1992                            10187 9.99273E-05 2.00045E-03
n-U235-MT018-Weston-13488004.1992                               10 1.50000E-04 1.50000E-03
n-U235-MT018-White-21190002.1965                                12 4.00000E-02 1.41000E+01
n-U235-MT018-Williams-12300003.1944                             19 4.30000E-03 1.80000E+00
n-U235-MT018-Williams-12300004.1944                              6 4.70000E-02 4.90000E-01
n-U235-MT018-YanWuguangg-32625003.1975                           2 5.00000E-01 1.00000E+00
n-U235-MT018-Yeater-12414003.1956                              447 5.32000E-06 1.97000E-03
n-U235-MT018-Yeater-12422002.1954                               28 7.20000E-04 4.50000E-02
n-U235-MT018-Zhagrov-40610003.1980                               2 4.60000E-02 1.20000E-01
n-U235-MT018-Zhuravlev-40476002.1976                             4 2.00000E-03 1.44000E-01
n-U235-MT018-desaussure-10270006.1966                         2220 4.04300E-07 6.28385E-05
n-U235-MT018-desaussure-10270006A001.1966                     2220 4.04300E-07 6.28385E-05
n-U235-MT018-desaussure-10270008.1966                         3504 1.74890E-05 1.02890E-02
n-U235-MT018-desaussure-10270008A001.1966                     3504 1.74890E-05 1.02890E-02
