#              Filename                                         N    min         max
n-Rh103-MT102-Block-11935003.1961                               57 2.10000E-04 8.60000E-03
n-Rh103-MT102-Bokhovko-41148002.1991                            56 5.50000E-03 3.90000E-01
n-Rh103-MT102-Brusegan-22906003.2004                             1 2.53000E-08 2.53000E-08
n-Rh103-MT102-Carlson-10211002.1971                             95 9.57600E-04 1.10750E+00
n-Rh103-MT102-Carlson-10211002A001.1971                         95 9.57600E-04 1.10750E+00
n-Rh103-MT102-Csikai-30066004.1963                               1 1.47000E+01 1.47000E+01
n-Rh103-MT102-Csikai-30067021.1967                               7 1.34000E+01 1.50000E+01
n-Rh103-MT102-Diven-11616015.1960                                7 1.75000E-01 1.00000E+00
n-Rh103-MT102-Fink-13845005.1936                                 1 2.53000E-08 2.53000E-08
n-Rh103-MT102-Fuketa-20275003.1960                               1 2.53000E-08 2.53000E-08
n-Rh103-MT102-Gamgam-02045103.2024                               2 5.00000E-03 1.00000E-02
n-Rh103-MT102-Gibbons-11329025.1961                              1 6.50000E-02 6.50000E-02
n-Rh103-MT102-Grigoriev-41426012.2002                            7 4.70000E-04 3.40380E-02
n-Rh103-MT102-Hockenbury-10435005.1975                         566 6.31400E-03 2.97339E-01
n-Rh103-MT102-Hockenbury-10435005A001.1975                     566 6.31400E-03 2.97339E-01
n-Rh103-MT102-Hornbostel-146720021.1940                          1 1.25900E-06 1.25900E-06
n-Rh103-MT102-Joly-20787002.1979                                 5 5.20000E-01 3.00000E+00
n-Rh103-MT102-Kadonis-01045103.2024                             20 5.00000E-03 1.00000E-01
n-Rh103-MT102-Katabuchi-23465003.2015                            4 2.00000E-02 7.75000E-02
n-Rh103-MT102-Lee-22828002.2003                                  1 2.53000E-08 2.53000E-08
n-Rh103-MT102-Lee-22828003.2003                                371 3.26000E-09 8.09620E-02
n-Rh103-MT102-Lerigoleur-20572011.1976                         207 1.33800E-02 6.48800E-02
n-Rh103-MT102-Lerigoleur-20572012.1976                          23 1.75000E-02 3.50000E-01
n-Rh103-MT102-Macklin-10875015.1980                            525 2.75000E-03 6.87500E-01
n-Rh103-MT102-Macklin-10875015A001.1980                        525 2.75000E-03 6.87500E-01
n-Rh103-MT102-Macklin-10875021.1980                              1 3.00000E-02 3.00000E-02
n-Rh103-MT102-Macklin-10875021A001.1980                          1 3.00000E-02 3.00000E-02
n-Rh103-MT102-Macklin-10875026.1980                             18 3.50000E-03 6.50000E-01
n-Rh103-MT102-Macklin-10875026A001.1980                         18 3.50000E-03 6.50000E-01
n-Rh103-MT102-Macklin-11331021.1963                              1 3.00000E-02 3.00000E-02
n-Rh103-MT102-Macklin-11679009.1967                              4 7.00000E-02 1.82000E-01
n-Rh103-MT102-Manley-146710021.1939                              1 2.00000E-06 2.00000E-06
n-Rh103-MT102-Moxon-20914002.1968                              664 1.09500E-04 2.71900E-02
n-Rh103-MT102-Poenitz-10934004.1979                             12 5.00000E-01 4.00000E+00
n-Rh103-MT102-Poenitz-10934004A001.1979                         12 5.00000E-01 4.00000E+00
n-Rh103-MT102-Popov-40797006.1962                               96 3.90000E-07 3.40000E-02
n-Rh103-MT102-Reffo-21796006.1982                               26 1.08500E-02 6.48000E-02
n-Rh103-MT102-Rigaud-20532004.1971                               1 1.40600E+01 1.40600E+01
n-Rh103-MT102-Rigaud-20543005.1974                               1 1.46000E+01 1.46000E+01
n-Rh103-MT102-Weston-11818005.1960                              15 3.40000E-03 2.50000E-01
n-Rh103-MT102-Wisshak-22195003.1990                             12 4.00000E-03 1.75000E-01
