#              Filename                                         N    min         max     
a-Al027-rp011022-Michel-A0153003.1980                           36 3.94700E+01 1.70780E+02
a-Al027-rp011022-Rattan-A03530021.1986                           2 4.43000E+01 4.86000E+01
a-Al027-rp011022-Karpeles-A0447004.1969                         15 3.67000E+01 8.76000E+01
a-Al027-rp011022-Bouchardjr-C09470041.1959                       1 4.00000E+01 4.00000E+01
a-Al027-rp011022-Porile-C0984002.1962                            9 3.31000E+01 4.12000E+01
a-Al027-rp011022-Kirov-D1027003.1992                             1 3.65000E+01 3.65000E+01
a-Al027-rp011022-Takacs-D4364007.2017                            5 3.66500E+01 4.97200E+01
a-Al027-rp011022-Rattan-D6005002.1990                            2 5.52000E+01 5.82000E+01
a-Al027-rp011022-Ismail-F0068017.1990                           19 3.83100E+01 6.44200E+01
a-Al027-rp011022-Karamyan-F1318003.1992                          9 1.85880E+01 4.50670E+01
a-Al027-rp011022-Mukherjee-O1180002.1997                        19 2.99300E+01 7.00900E+01
a-Al027-rp011022-Lindsay-P0123005.1960                           8 3.44860E+01 4.13600E+01
a-Al027-rp011022-Vysotskiy-A04240021.1989                        6 5.20000E+01 9.16000E+01
a-Al027-rp011022-Rattan-A0450002.1985                            2 4.54000E+01 4.96000E+01
a-Al027-rp011022-Lange-A0517013.1995                            28 2.46000E+01 1.70000E+02
a-Al027-rp011022-Ismail-A0523002.1993                           19 3.82300E+01 6.43400E+01
a-Al027-rp011022-Bowman-B0009010.1969                           37 4.61000E+01 1.17000E+02
a-Al027-rp011022-Martens-B0142006.1970                          75 3.01000E+01 1.02700E+02
a-Al027-rp011022-Probst-B0174003.1976                           40 5.12000E+01 1.54400E+02
a-Al027-rp011022-Ismail-D6143003.1989                           13 3.86800E+01 5.73200E+01
