#              Filename                                         N    min         max
n-Cu065-MT016-Araminowicz-30264015.1973                          1 1.46000E+01 1.46000E+01
n-Cu065-MT016-Barrall-10022015.1969                              1 1.46000E+01 1.46000E+01
n-Cu065-MT016-Barrall-10022015A001.1969                          1 1.46000E+01 1.46000E+01
n-Cu065-MT016-Bonazzola-20888006.1964                            1 1.47000E+01 1.47000E+01
n-Cu065-MT016-Bormann-20835005.1969                              8 1.32100E+01 1.80400E+01
n-Cu065-MT016-Bormann-21343004.1963                             10 1.32000E+01 1.87000E+01
n-Cu065-MT016-Chatterjee-30612008.1969                           3 1.42000E+01 1.48000E+01
n-Cu065-MT016-Clator-11536006.1969                               3 1.44000E+01 1.67000E+01
n-Cu065-MT016-Crumpton-20930003.1969                             1 1.47000E+01 1.47000E+01
n-Cu065-MT016-Csikai-30033009.1967                               1 1.30600E+01 1.30600E+01
n-Cu065-MT016-Csikai-30038008.1965                               1 1.46000E+01 1.46000E+01
n-Cu065-MT016-Csikai-30640006.1982                               6 1.35000E+01 1.47800E+01
n-Cu065-MT016-Cuzzocrea-20890006.1968                           27 1.37000E+01 1.46700E+01
n-Cu065-MT016-Depraz-21419007.1960                               1 1.50000E+01 1.50000E+01
n-Cu065-MT016-Ercan-22338014.1991                                1 1.46000E+01 1.46000E+01
n-Cu065-MT016-Filatenkov-41614032.2016                           7 1.35600E+01 1.47800E+01
n-Cu065-MT016-Forbes-11474008.1952                               1 1.41000E+01 1.41000E+01
n-Cu065-MT016-Frehaut-20416082.2016                              9 1.09100E+01 1.47600E+01
n-Cu065-MT016-Gandhi-33163004.2022                               1 1.49200E+01 1.49200E+01
n-Cu065-MT016-Ghanbari-12950004.1986                             1 1.48000E+01 1.48000E+01
n-Cu065-MT016-Ghanbari-12950005.1986                             1 1.48000E+01 1.48000E+01
n-Cu065-MT016-Glover-31107005.1962                               1 1.47700E+01 1.47700E+01
n-Cu065-MT016-Hafiz-31598003.2007                                5 1.40000E+01 1.47100E+01
n-Cu065-MT016-Harunarrashid-31600006.2006                        1 1.48000E+01 1.48000E+01
n-Cu065-MT016-Ikeda-22089050.1988                                8 1.33300E+01 1.49400E+01
n-Cu065-MT016-Ikeda-22547004.1994                                8 1.34000E+01 1.50000E+01
n-Cu065-MT016-Mannhart-20611008.1975                             1 1.44100E+01 1.44100E+01
n-Cu065-MT016-Mannhart-22976027.2007                            23 1.02090E+01 1.43270E+01
n-Cu065-MT016-Mccrary-11268005.1960                              8 1.32000E+01 1.53400E+01
n-Cu065-MT016-Meadows-12969019.1987                              1 1.47400E+01 1.47400E+01
n-Cu065-MT016-Mogharrab-21509004.1972                            1 1.41000E+01 1.41000E+01
n-Cu065-MT016-Molla-31449009.1994                                4 1.39000E+01 1.47100E+01
n-Cu065-MT016-Nagel-20198012.1966                                1 1.46000E+01 1.46000E+01
n-Cu065-MT016-Nagel-20198013.1966                                2 1.42000E+01 1.42000E+01
n-Cu065-MT016-Ngoc-30562018.1980                                 6 1.35500E+01 1.47100E+01
n-Cu065-MT016-Paul-11274036.1953                                 1 1.45000E+01 1.45000E+01
n-Cu065-MT016-Paulsen-20386003.1965                             27 1.26000E+01 1.95800E+01
n-Cu065-MT016-Pollehn-21352009.1961                              1 1.41000E+01 1.41000E+01
n-Cu065-MT016-Poularikas-11484013.1959                           1 1.48000E+01 1.48000E+01
n-Cu065-MT016-Prestwood-11645007.1961                           16 1.20600E+01 1.97600E+01
n-Cu065-MT016-Qaim-20536009.1972                                 1 1.47000E+01 1.47000E+01
n-Cu065-MT016-Rayburn-11328013.1961                              1 1.44000E+01 1.44000E+01
n-Cu065-MT016-Rayburn-11780003.1962                             12 1.26000E+01 1.79000E+01
n-Cu065-MT016-Robertson-20799015.1973                            1 1.47800E+01 1.47800E+01
n-Cu065-MT016-Ryves-20772006.1978                                6 1.46700E+01 1.89500E+01
n-Cu065-MT016-Santry-11776006.1966                              14 1.01300E+01 1.35800E+01
n-Cu065-MT016-Santry-11776007.1966                               5 1.35800E+01 1.46800E+01
n-Cu065-MT016-Sigg-10776024.1976                                 1 1.46000E+01 1.46000E+01
n-Cu065-MT016-Sigg-10776024A001.1976                             1 1.46000E+01 1.46000E+01
n-Cu065-MT016-Spangler-12956007.1975                             1 1.41000E+01 1.41000E+01
n-Cu065-MT016-Vonach-20815017.1968                               1 1.47000E+01 1.47000E+01
n-Cu065-MT016-Vrzalova-31714045.2013                             2 3.04000E+01 3.59000E+01
n-Cu065-MT016-Weigold-31039005.1960                              1 1.45000E+01 1.45000E+01
n-Cu065-MT016-Winkler-21912002.1983                              3 1.36920E+01 1.48220E+01
