#              Filename                                         N    min         max
n-Ni061-MT103-Belgaid-31524010.1992                              1 1.47300E+01 1.47300E+01
n-Ni061-MT103-Cross-11696017.1963                                1 1.45000E+01 1.45000E+01
n-Ni061-MT103-Ercan-22338008.1991                                1 1.46000E+01 1.46000E+01
n-Ni061-MT103-FengqunZhouu-32695004.2011                         2 1.35000E+01 1.46000E+01
n-Ni061-MT103-Furuta-23032007.2008                               9 3.57000E+00 5.48000E+00
n-Ni061-MT103-Konno-22637003.1993                                3 1.35600E+01 1.49200E+01
n-Ni061-MT103-Levkovskii-40226014.1970                           1 1.48000E+01 1.48000E+01
n-Ni061-MT103-Maslov-40136011.1974                               1 1.46000E+01 1.46000E+01
n-Ni061-MT103-Molla-20721053.1977                                1 1.47000E+01 1.47000E+01
n-Ni061-MT103-Molla-30985014.1991                                5 1.36400E+01 1.48300E+01
n-Ni061-MT103-Osman-31464021.1996                                1 1.47000E+01 1.47000E+01
n-Ni061-MT103-Paul-11274034.1953                                 1 1.45000E+01 1.45000E+01
n-Ni061-MT103-Preiss-11740010.1960                               1 1.48000E+01 1.48000E+01
n-Ni061-MT103-Qaim-21958005.1984                                 9 5.31400E+00 9.51900E+00
n-Ni061-MT103-Ribansky-30811009.1985                             1 1.48000E+01 1.48000E+01
n-Ni061-MT103-Semkova-22820010.2004                              5 1.48100E+01 1.90400E+01
n-Ni061-MT103-Shimizu-22837009.2004                              5 2.27000E+00 3.09000E+00
n-Ni061-MT103-Valter-40008002.1963                               1 1.41000E+01 1.41000E+01
n-Ni061-MT103-Vanloef-30221003.1961                              1 3.30000E+00 3.30000E+00
