#              Filename                                         N    min         max
p-Al027-MT003-Bearpark-D0314002.1965                             4 8.87000E+00 1.03900E+01
p-Al027-MT003-Bulman-D0535002.1965                               1 8.80000E+00 8.80000E+00
p-Al027-MT003-Cassels-O1947003.1954                              1 1.34000E+02 1.34000E+02
p-Al027-MT003-Chen-C1219005.1955                                 1 8.00000E+02 8.00000E+02
p-Al027-MT003-Dietrich-C1232004.2002                             7 5.27300E+02 3.45700E+03
p-Al027-MT003-Goloskie-C1211003.1962                             4 7.70000E+01 1.33000E+02
p-Al027-MT003-Gooding-O0732003.1959                              1 3.40000E+01 3.40000E+01
p-Al027-MT003-Johansson-D0533005.1961                            1 1.79600E+02 1.79600E+02
p-Al027-MT003-Kirkby-O0340006.1966                               1 9.97000E+01 9.97000E+01
p-Al027-MT003-Makino-O0369003.1964                               1 2.90000E+01 2.90000E+01
p-Al027-MT003-Mcgill-O0325003.1974                               8 2.48000E+01 4.63000E+01
p-Al027-MT003-Menet-O0081008.1971                                2 4.00000E+01 6.08000E+01
p-Al027-MT003-Menet-O0743003.1969                                1 6.00000E+01 6.00000E+01
p-Al027-MT003-Meyer-O0475003.1960                                1 6.10000E+01 6.10000E+01
p-Al027-MT003-Okumura-E2041003.2002                              4 1.50000E+01 1.70000E+01
p-Al027-MT003-Pollock-O0368004.1965                              1 1.62900E+01 1.62900E+01
p-Al027-MT003-Renberg-O0213004.1972                              8 2.34000E+02 5.54000E+02
p-Al027-MT003-Wilkins-O0741004.1963                              2 9.90000E+00 1.01200E+01
