#              Filename                                         N    min         max     
n-U235-rp092236-Perez-10249003.1973                           2430 8.05000E-06 1.99508E-04
n-U235-rp092236-Perez-10249005.1973                            181 2.25000E-04 9.97500E-03
n-U235-rp092236-desaussure-10270007.1966                      2220 4.04300E-07 6.28385E-05
n-U235-rp092236-desaussure-10270009.1966                      3164 1.74890E-05 3.02400E-03
n-U235-rp092236-Perez-10249003A001.1973                       2430 8.05000E-06 1.99508E-04
n-U235-rp092236-Perez-10249005A001.1973                        181 2.25000E-04 9.97500E-03
n-U235-rp092236-desaussure-10270007A001.1966                  2220 4.04300E-07 6.28385E-05
n-U235-rp092236-desaussure-10270009A001.1966                  3164 1.74890E-05 3.02400E-03
n-U235-rp092236-Hopkins-12331004.1962                            9 3.00000E-02 1.00000E+00
n-U235-rp092236-Hogg-12438002.1960                               1 2.53000E-08 2.53000E-08
n-U235-rp092236-Jandel-14149003.2012                          1047 4.02718E-06 4.97738E-04
n-U235-rp092236-Jandel-141490072.2012                           66 5.00036E-04 8.15479E-01
n-U235-rp092236-Ceulemans-20369008.1970                          1 2.53000E-08 2.53000E-08
n-U235-rp092236-Corvi-217770032.1983                            22 2.50000E-03 8.25000E-02
n-U235-rp092236-Letourneau-22941030.2009                         1 2.53000E-08 2.53000E-08
n-U235-rp092236-Guerrero-231620022.2012                       2014 1.00077E-06 2.19955E-05
n-U235-rp092236-Balibreacorrea-23733002.2020                  9000 2.00095E-07 1.99941E-04
n-U235-rp092236-Wallner-31719002.2014                            1 2.53000E-08 2.53000E-08
n-U235-rp092236-Ryabov-400700392.1970                           32 1.50000E-07 2.75000E-05
n-U235-rp092236-Spivak-40350007.1956                             4 3.00000E-02 9.00000E-01
n-U235-rp092236-Andreev-40385006.1958                            3 2.40000E-02 8.80000E-01
n-U235-rp092236-Kononov-40412004.1975                            7 1.50000E-02 7.50000E-02
n-U235-rp092236-Muradyan-40550004.1977                          21 1.50000E-04 2.50000E-02
