#              Filename                                         N    min         max
n-Na023-MT103-Bartle-10494004.1975                              11 5.51000E+00 8.56000E+00
n-Na023-MT103-Bartle-10494004A001.1975                          11 5.51000E+00 8.56000E+00
n-Na023-MT103-Bass-20928004.1966                               128 5.80000E+00 8.97500E+00
n-Na023-MT103-Bormann-21668003.1960                              1 1.41000E+01 1.41000E+01
n-Na023-MT103-Bostan-22661002.2002                               6 1.36000E+01 1.48600E+01
n-Na023-MT103-Csikai-30115003.1967                               1 1.47000E+01 1.47000E+01
n-Na023-MT103-Ercan-22338026.1991                                1 1.46000E+01 1.46000E+01
n-Na023-MT103-Fessler-22414003.2000                              5 1.61270E+01 2.04630E+01
n-Na023-MT103-Flesch-20085003.1967                               1 1.47000E+01 1.47000E+01
n-Na023-MT103-Khurana-31316002.1965                              1 1.48000E+01 1.48000E+01
n-Na023-MT103-Mitra-30013004.1966                                1 1.48000E+01 1.48000E+01
n-Na023-MT103-Mukherjee-31161014.1961                            1 1.48000E+01 1.48000E+01
n-Na023-MT103-Pasquarelli-20889005.1967                          1 1.47000E+01 1.47000E+01
n-Na023-MT103-Paul-11274006.1953                                 1 1.45000E+01 1.45000E+01
n-Na023-MT103-Pepelnik-21999002.1986                             1 1.47000E+01 1.47000E+01
n-Na023-MT103-Picard-20892005.1965                              12 1.41800E+01 2.10000E+01
n-Na023-MT103-Prasad-30007005.1966                               1 1.48000E+01 1.48000E+01
n-Na023-MT103-Satoh-22365002.1995                                3 1.36500E+01 1.48700E+01
n-Na023-MT103-Schantl-21846010.1970                              1 1.47000E+01 1.47000E+01
n-Na023-MT103-Weigmann-12965002.1982                           792 5.22000E+00 1.10000E+01
n-Na023-MT103-Williamson-11412003.1961                         103 4.00000E+00 1.90000E+01
