#              Filename                                         N    min         max
n-O016-MT001-Alphonce-21789003.1955                              5 1.09000E+02 1.63000E+02
n-O016-MT001-Angeli-30141003.1971                                1 1.47000E+01 1.47000E+01
n-O016-MT001-Bretscher-21251004.1950                            13 2.60000E-01 3.80000E+00
n-O016-MT001-Bretscher-21251007.1950                            11 2.60000E-01 2.35000E+00
n-O016-MT001-Coon-12524009.1952                                  1 1.41200E+01 1.41200E+01
n-O016-MT001-Coon-12524059.1952                                  1 1.41200E+01 1.41200E+01
n-O016-MT001-Dzhelepov-41261007.1955                             1 5.90000E+02 5.90000E+02
n-O016-MT001-Fosterjr-10047011.1971                            243 2.25800E+00 1.48650E+01
n-O016-MT001-Fosterjr-10047011A001.1971                        243 2.25800E+00 1.48650E+01
n-O016-MT001-Fowler-10137007.1973                              158 1.75550E+00 4.34460E+00
n-O016-MT001-Fowler-10137007A001.1973                          158 1.75550E+00 4.34460E+00
n-O016-MT001-Hsu-30410003.1963                                   1 1.39500E+01 1.39500E+01
n-O016-MT001-Kalyna-10197002.1970                                1 2.37000E+00 2.37000E+00
n-O016-MT001-Kalyna-10197002A001.1970                            1 2.37000E+00 2.37000E+00
n-O016-MT001-Maslov-40136027.1974                                1 1.41000E+01 1.41000E+01
n-O016-MT001-Measday-11151005.1966                               7 8.82000E+01 1.50900E+02
n-O016-MT001-Measday-11151005A001.1966                           7 8.82000E+01 1.50900E+02
n-O016-MT001-Meier-20907014.1969                                 1 1.41400E+01 1.41400E+01
n-O016-MT001-Ohkubo-21926002.1987                              310 7.90710E-04 9.34660E-01
