#              Filename                                         N    min         max     
n-Zn068-rp028065-Santry-10224006.1972                           14 6.51000E+00 1.45000E+01
n-Zn068-rp028065-Santry-10224006A001.1972                       14 6.51000E+00 1.45000E+01
n-Zn068-rp028065-Ranakumar-11515011.1968                         1 1.44000E+01 1.44000E+01
n-Zn068-rp028065-Bramlitt-11590025.1963                          1 1.47000E+01 1.47000E+01
n-Zn068-rp028065-Preiss-11740021.1960                            1 1.48000E+01 1.48000E+01
n-Zn068-rp028065-Blosser-11803002.1955                           1 1.40000E+01 1.40000E+01
n-Zn068-rp028065-Ghorai-13597007.1995                            3 1.42000E+01 1.62000E+01
n-Zn068-rp028065-Sato-20322002.1971                              3 1.36000E+01 1.48000E+01
n-Zn068-rp028065-Qaim-20554007.1971                              1 1.47000E+01 1.47000E+01
n-Zn068-rp028065-Valkonen-20673014.1976                          1 1.47000E+01 1.47000E+01
n-Zn068-rp028065-Barreirafilho-21902002.1982                     1 1.44000E+01 1.44000E+01
n-Zn068-rp028065-Ercan-22338022.1991                             1 1.46000E+01 1.46000E+01
n-Zn068-rp028065-Nesaraja-22466005.1999                          7 6.24000E+00 1.20800E+01
n-Zn068-rp028065-Konno-22637011.1993                             6 1.33300E+01 1.49300E+01
n-Zn068-rp028065-Herman-30552005.1980                           10 1.30000E+01 1.79000E+01
n-Zn068-rp028065-Garuska-30553005.1980                           1 1.46000E+01 1.46000E+01
n-Zn068-rp028065-Molla-31449012.1994                             3 1.39000E+01 1.47100E+01
n-Zn068-rp028065-Vinitskaya-400090061.1968                       1 1.48000E+01 1.48000E+01
