#              Filename                                         N    min         max     
n-O016-rp007016-Kantele-11196004.1962                            1 1.47000E+01 1.47000E+01
n-O016-rp007016-Kantele-11196004A001.1962                        1 1.47000E+01 1.47000E+01
n-O016-rp007016-Paul-11274003.1953                               1 1.45000E+01 1.45000E+01
n-O016-rp007016-Seeman-11369002.1962                            22 1.26100E+01 1.63000E+01
n-O016-rp007016-Martin-11390002.1954                            11 1.24000E+01 1.79500E+01
n-O016-rp007016-Dejuren-11411002.1960                            1 1.47000E+01 1.47000E+01
n-O016-rp007016-Dejuren-11415002.1962                           27 1.10800E+01 1.90400E+01
n-O016-rp007016-Schmidthoenow-20545002.1972                      1 1.44000E+01 1.44000E+01
n-O016-rp007016-Sanchez-20755002.1975                            1 1.41000E+01 1.41000E+01
n-O016-rp007016-Bormann-20898002.1966                           15 1.33500E+01 1.66500E+01
n-O016-rp007016-Schantl-21846006.1970                            1 1.47000E+01 1.47000E+01
n-O016-rp007016-Schantl-218460352.1970                           1 1.47000E+01 1.47000E+01
n-O016-rp007016-Schantl-218460362.1970                           1 1.47000E+01 1.47000E+01
n-O016-rp007016-Schantl-218460372.1970                           1 1.47000E+01 1.47000E+01
n-O016-rp007016-Subashi-22494002.2000                            6 1.36000E+01 1.49000E+01
n-O016-rp007016-Pillon-23779002.2021                             2 1.40000E+01 1.46000E+01
n-O016-rp007016-Prasad-30007003.1966                             1 1.48000E+01 1.48000E+01
n-O016-rp007016-Mitra-30013002.1966                              1 1.48000E+01 1.48000E+01
