#              Filename                                         N    min         max
n-U238-MT051-Baba-22158008.1990                                  1 2.00000E+00 2.00000E+00
n-U238-MT051-Batchelor-21019012.1965                             1 2.00000E+00 2.00000E+00
n-U238-MT051-Beghian-10473007.1979                              12 8.90000E-01 3.10000E+00
n-U238-MT051-Beghian-10473007A001.1979                          12 8.90000E-01 3.10000E+00
n-U238-MT051-Chan-13991003.1982                                 25 6.98000E-01 1.95000E+00
n-U238-MT051-Cranberg-12378006.1958                              1 1.00000E+00 1.00000E+00
n-U238-MT051-Glazkov-40662004.1963                               4 4.00000E-01 1.00000E+00
n-U238-MT051-Guenther-10560003.1975                             18 1.50000E-01 6.11000E-01
n-U238-MT051-Guenther-10560003A001.1975                         18 1.50000E-01 6.11000E-01
n-U238-MT051-Guenther-10560005.1975                              1 5.50000E-01 5.50000E-01
n-U238-MT051-Guenther-10560005A001.1975                          1 5.50000E-01 5.50000E-01
n-U238-MT051-Guenther-10560006.1975                             12 4.00000E-01 1.20000E+00
n-U238-MT051-Guenther-10560006A001.1975                         12 4.00000E-01 1.20000E+00
n-U238-MT051-Guenther-10560008.1975                              6 1.50000E+00 3.00000E+00
n-U238-MT051-Guenther-10560008A001.1975                          6 1.50000E+00 3.00000E+00
n-U238-MT051-Haouat-21782029.1982                                4 7.00000E-01 3.40000E+00
n-U238-MT051-Knitter-20137011.1971                               1 1.50000E+00 1.50000E+00
n-U238-MT051-Knitter-20137012.1971                               1 1.90000E+00 1.90000E+00
n-U238-MT051-Knitter-20137013.1971                               1 2.30000E+00 2.30000E+00
n-U238-MT051-Kornilov-413620041.1996                             4 3.12000E-01 5.69000E-01
n-U238-MT051-Kornilov-413620042.1996                             4 3.12000E-01 5.69000E-01
n-U238-MT051-Litvinskii-40924007.1987                            1 1.44000E-01 1.44000E-01
n-U238-MT051-Litvinskii-41040003.1990                            1 2.75000E-01 2.75000E-01
n-U238-MT051-Miura-22643003.2000                                 7 3.40000E-01 8.55000E-01
n-U238-MT051-Moxon-22329003.1994                                 4 6.82300E-02 2.13600E-01
n-U238-MT051-Plompen-22788002.2000                               4 2.04940E+00 3.51100E+00
n-U238-MT051-Rosen-12372003.1957                                 1 1.40000E+01 1.40000E+01
n-U238-MT051-Smith-12382005.1963                                16 3.50000E-01 1.16000E+00
n-U238-MT051-Stroemberg-20060003.1965                            1 9.50000E-02 9.50000E-02
n-U238-MT051-Vorotnikov-40560003.1977                            5 6.80000E-01 1.40000E+00
n-U238-MT051-Winters-10998003.1981                               1 8.20000E-02 8.20000E-02
n-U238-MT051-Winters-10998003A001.1981                           1 8.20000E-02 8.20000E-02
