#              Filename                                         N    min         max
n-Mn055-MT001-Abfalterer-13753018.2001                         467 5.29300E+00 5.59100E+02
n-Mn055-MT001-Adib-30469005.1976                               209 2.45000E-09 5.73000E-06
n-Mn055-MT001-Angeli-30113015.1970                               1 1.45000E+01 1.45000E+01
n-Mn055-MT001-Bennett-11265009.1957                             14 2.25600E+00 2.74800E+00
n-Mn055-MT001-Bollinger-11690003.1955                           73 1.64000E-04 6.75000E-03
n-Mn055-MT001-Cabe-20482003.1967                                91 8.00000E-01 1.20600E+00
n-Mn055-MT001-Cierjacks-20011006.1969                         5129 5.00000E-01 3.19780E+01
n-Mn055-MT001-Coon-12524021.1952                                 1 1.41200E+01 1.41200E+01
n-Mn055-MT001-Cote-11678003.1964                               420 9.47000E-09 2.00670E-02
n-Mn055-MT001-Deconninck-20195009.1961                           1 2.84000E+01 2.84000E+01
n-Mn055-MT001-Enayetullah-30053002.1966                         16 9.50000E-01 1.73000E+00
n-Mn055-MT001-Firk-21279002.1958                                96 8.39000E-04 9.66000E-03
n-Mn055-MT001-Fosterjr-10047031.1971                           248 2.25100E+00 1.48270E+01
n-Mn055-MT001-Fosterjr-10047031A001.1971                       248 2.25100E+00 1.48270E+01
n-Mn055-MT001-Franz-22117007.1988                               22 1.60000E+02 5.75000E+02
n-Mn055-MT001-Fulwood-11681002.1957                             93 5.58000E-04 2.16100E-03
n-Mn055-MT001-Garg-10716012.1978                              3548 5.84400E-04 1.99800E-01
n-Mn055-MT001-Garg-10716012A001.1978                          3548 5.84400E-04 1.99800E-01
n-Mn055-MT001-Harvey-13770003.1980                            5067 6.15640E-06 1.78730E-01
n-Mn055-MT001-Hibdon-11386004.1952                              10 1.13300E-03 1.12220E-02
n-Mn055-MT001-Hibdon-11386015.1952                              23 1.31830E-02 5.75590E-02
n-Mn055-MT001-Hibdon-11386016.1952                              15 3.09000E-04 5.98450E-02
n-Mn055-MT001-Hussain-30245002.1970                              2 1.33600E+01 1.34800E+01
n-Mn055-MT001-Koester-22217020.1990                              1 1.97000E-03 1.97000E-03
n-Mn055-MT001-Koester-22241013.1993                              5 1.26000E-06 1.97000E-03
n-Mn055-MT001-Manero-20169002.1968                              62 3.33600E+00 5.14400E+00
n-Mn055-MT001-Marshak-11640007.1957                            136 1.40000E-03 1.00800E-01
n-Mn055-MT001-Nereson-11308008.1954                             30 2.71400E+00 1.31300E+01
n-Mn055-MT001-Pineo-10542003.1974                               65 2.63700E-02 6.38900E-01
n-Mn055-MT001-Pineo-10542003A001.1974                           65 2.63700E-02 6.38900E-01
n-Mn055-MT001-Rainwater-11685002.1947                           48 1.70000E-08 1.05771E-02
n-Mn055-MT001-Rohr-20152011.1967                               959 4.79500E-02 2.57340E-01
n-Mn055-MT001-Seidl-11671003.1954                               88 1.35000E-05 1.79600E-02
n-Mn055-MT001-Seidl-14694002.1947                                1 3.00000E-04 3.00000E-04
n-Mn055-MT001-Seidl-14694003.1947                                1 3.00000E-04 3.00000E-04
n-Mn055-MT001-Stubbins-11668002.1951                           173 8.00000E-02 9.90000E-01
n-Mn055-MT001-Tsukada-22628008.1966                              1 3.95000E+00 3.95000E+00
n-Mn055-MT001-Zinn-11136016.1939                                 1 2.88000E+00 2.88000E+00
n-Mn055-MT001-Zinn-11136016A001.1939                             1 2.88000E+00 2.88000E+00
