#              Filename                                         N    min         max
n-Am242m-MT018-Alekseev-41523002.2009                          232 2.92900E-08 2.06300E-02
n-Am242m-MT018-Bowman-12572007.1968                           1091 1.95000E-08 5.68900E+00
n-Am242m-MT018-Browne-10805002.1984                              1 2.53000E-08 2.53000E-08
n-Am242m-MT018-Browne-10805002A001.1984                          1 2.53000E-08 2.53000E-08
n-Am242m-MT018-Browne-10805003.1984                           1278 1.02790E-09 1.82710E+01
n-Am242m-MT018-Browne-10805003A001.1984                       1278 1.02790E-09 1.82710E+01
n-Am242m-MT018-Browne-10805010.1984                              1 1.41000E+01 1.41000E+01
n-Am242m-MT018-Browne-10805010A001.1984                          1 1.41000E+01 1.41000E+01
n-Am242m-MT018-Buckner-14471003.2017                           138 1.23390E-07 8.15479E-01
n-Am242m-MT018-Dabbs-12808002.1983                            1768 4.56300E-09 1.00800E-01
n-Am242m-MT018-Dabbs-12808003.1983                              78 1.05900E-01 1.91400E+01
n-Am242m-MT018-Fomushkin-41173002.1981                           1 1.48000E+01 1.48000E+01
n-Am242m-MT018-Fomushkin-41173003.1981                          20 1.00000E+00 4.52000E+00
n-Am242m-MT018-Fomushkin-41173004.1981                          14 4.50000E-02 1.80000E+00
n-Am242m-MT018-Fursov-41303003.1997                              6 1.30000E-01 1.50000E+01
n-Am242m-MT018-Fursov-41303005.1997                             62 1.35000E-01 1.50000E+01
n-Am242m-MT018-Gerasimov-41369027.1997                         295 5.48000E-08 4.59280E-02
n-Am242m-MT018-Gokhberg-41108004.1991                           16 1.60000E-01 5.00000E+00
n-Am242m-MT018-Hirose-23186003.2012                             87 1.06000E-07 2.11700E-03
n-Am242m-MT018-Kai-22644003.2001                               114 2.82000E-08 1.33000E-02
n-Am242m-MT018-Kai-22644004.2001                                84 2.66100E-09 3.75800E-05
n-Am242m-MT018-Letourneau-22941020.2009                          1 2.53000E-08 2.53000E-08
n-Am242m-MT018-Parker-14221003.2007                            305 2.18000E-06 9.90000E-05
n-Am242m-MT018-Seeger-12558003.1967                           1860 2.00000E-05 9.29200E-01
