#              Filename                                         N    min         max     
n-Rb085-rp037084m-Husain-10088010.1970                           1 1.48000E+01 1.48000E+01
n-Rb085-rp037084m-Venugopalarao-10157006.1971                    1 1.44000E+01 1.44000E+01
n-Rb085-rp037084m-Ghorai-10359003.1974                           3 1.50000E+01 1.70000E+01
n-Rb085-rp037084m-Sothras-108350062.1977                         1 1.48000E+01 1.48000E+01
n-Rb085-rp037084m-Husain-10088010A001.1970                       1 1.48000E+01 1.48000E+01
n-Rb085-rp037084m-Venugopalarao-10157006A001.1971                1 1.44000E+01 1.44000E+01
n-Rb085-rp037084m-Ghorai-10359003A001.1974                       3 1.50000E+01 1.70000E+01
n-Rb085-rp037084m-Sothras-108350062A001.1977                     1 1.48000E+01 1.48000E+01
n-Rb085-rp037084m-Bormann-206140072.1976                         6 1.33800E+01 1.81200E+01
n-Rb085-rp037084m-Schwerer-20811009.1976                         1 1.46000E+01 1.46000E+01
n-Rb085-rp037084m-Bormann-20834005.1968                         10 1.29400E+01 1.95600E+01
n-Rb085-rp037084m-Minetti-20891002.1968                          1 1.47000E+01 1.47000E+01
n-Rb085-rp037084m-Erlandsson-21659002.1979                       1 1.48000E+01 1.48000E+01
n-Rb085-rp037084m-Pepelnik-21999018.1986                         1 1.47000E+01 1.47000E+01
n-Rb085-rp037084m-Konno-22637022.1993                            8 1.33400E+01 1.49400E+01
n-Rb085-rp037084m-Rurarz-30156002.1971                           1 1.48000E+01 1.48000E+01
n-Rb085-rp037084m-Augustyniak-30350002.1976                     10 1.30000E+01 1.78000E+01
n-Rb085-rp037084m-Misra-30507002.1979                            1 1.46000E+01 1.46000E+01
n-Rb085-rp037084m-Reggoug-306980061.1982                         1 1.47000E+01 1.47000E+01
n-Rb085-rp037084m-YuanXialinn-31409002.1990                     10 1.24900E+01 1.75400E+01
n-Rb085-rp037084m-LiYingjunn-32637002M.1984                      1 1.47000E+01 1.47000E+01
n-Rb085-rp037084m-JunhuaLuoo-327820021.2018                      3 1.35000E+01 1.48000E+01
