#              Filename                                         N    min         max     
n-Ho165-rp067166-Czirr-10169005.1970                            98 2.00500E-04 1.17500E-02
n-Ho165-rp067166-Drake-10193003.1971                             1 1.40000E+01 1.40000E+01
n-Ho165-rp067166-Czirr-10305002.1973                            29 1.91000E-04 2.47000E-01
n-Ho165-rp067166-Poenitz-10401002.1975                          16 4.00000E-01 3.00000E+00
n-Ho165-rp067166-Macklin-10531002.1976                          18 3.50000E-03 6.50000E-01
n-Ho165-rp067166-Czirr-10169005A001.1970                        98 2.00500E-04 1.17500E-02
n-Ho165-rp067166-Drake-10193003A001.1971                         1 1.40000E+01 1.40000E+01
n-Ho165-rp067166-Czirr-10305002A001.1973                        29 1.91000E-04 2.47000E-01
n-Ho165-rp067166-Poenitz-10401002A001.1975                      16 4.00000E-01 3.00000E+00
n-Ho165-rp067166-Macklin-10531002A001.1976                      18 3.50000E-03 6.50000E-01
n-Ho165-rp067166-Gibbons-11329046.1961                           3 3.00000E-02 1.67000E-01
n-Ho165-rp067166-Gibbons-11329055.1961                          54 9.50000E-03 1.67500E-01
n-Ho165-rp067166-Block-11935016.1961                            50 2.05000E-04 9.40000E-03
n-Ho165-rp067166-Poenitz-12670011.1975                          16 3.99700E-01 3.01400E+00
n-Ho165-rp067166-Mcdaniels-12767002.1982                         8 7.20000E+00 1.42000E+01
n-Ho165-rp067166-Yamamuro-20432005.1975                          1 2.40000E-02 2.40000E-02
n-Ho165-rp067166-Asghar-21109004.1968                          148 5.14000E-04 1.03950E-01
n-Ho165-rp067166-Yamamuro-21466004.1980                         16 3.60000E-03 7.25000E-02
n-Ho165-rp067166-Knorr-21498007.1970                             8 1.37000E-10 3.16800E-09
n-Ho165-rp067166-Voignier-22006040.1992                          4 5.00000E-01 3.00000E+00
n-Ho165-rp067166-Bensch-22612003.1971                            5 2.40000E-02 9.74000E-01
n-Ho165-rp067166-Ro-23079002.2007                                6 2.00000E-02 8.15000E-02
n-Ho165-rp067166-Farinaarbocco-23266142.2013                     1 2.53000E-08 2.53000E-08
n-Ho165-rp067166-Farinaarbocco-23266143.2013                     4 2.53000E-08 2.53000E-08
n-Ho165-rp067166-Brzosko-30159017.1971                           1 4.00000E-01 4.00000E-01
n-Ho165-rp067166-Lepine-30233007.1972                            4 3.00000E-02 3.00000E-01
n-Ho165-rp067166-Budnar-30532046.1979                            1 1.41000E+01 1.41000E+01
n-Ho165-rp067166-Konks-40362018.1968                            81 3.00000E-06 4.00000E-02
n-Ho165-rp067166-Konks-40362019.1968                            74 3.80000E-07 1.18000E-03
n-Ho165-rp067166-Bokhovko-41225009.1993                         57 5.50000E-03 3.90000E-01
n-Ho165-rp067166-Grigoriev-41519004.2008                         8 7.32500E-06 1.57500E-03
