#              Filename                                         N    min         max
n-Ce140-MT016m-Bari-10431043.1971                                1 1.48000E+01 1.48000E+01
n-Ce140-MT016m-Bari-10431043A001.1971                            1 1.48000E+01 1.48000E+01
n-Ce140-MT016m-Bharud-33127002.2019                              5 1.37300E+01 1.47700E+01
n-Ce140-MT016m-Bormann-20900006.1966                            19 1.28800E+01 1.69000E+01
n-Ce140-MT016m-Cuzzocrea-21289016.1967                           1 1.40000E+01 1.40000E+01
n-Ce140-MT016m-Eapen-10493015.1975                               1 1.48000E+01 1.48000E+01
n-Ce140-MT016m-Eapen-10493015A001.1975                           1 1.48000E+01 1.48000E+01
n-Ce140-MT016m-Janczyszyn-30322014.1973                          1 1.40000E+01 1.40000E+01
n-Ce140-MT016m-JunhuaLuoo-327520031.2015                         2 1.35000E+01 1.48000E+01
n-Ce140-MT016m-Kasugai-22393005.1997                             5 1.33800E+01 1.49500E+01
n-Ce140-MT016m-Lu-10497042.1970                                  1 1.44000E+01 1.44000E+01
n-Ce140-MT016m-Lu-10497042A001.1970                              1 1.44000E+01 1.44000E+01
n-Ce140-MT016m-Menon-12066002.1967                               1 1.45000E+01 1.45000E+01
n-Ce140-MT016m-Pollehn-21352014.1961                             1 1.41000E+01 1.41000E+01
n-Ce140-MT016m-Prasad-30015003.1966                              1 1.48000E+01 1.48000E+01
n-Ce140-MT016m-Qaim-20541009.1974                                1 1.47000E+01 1.47000E+01
n-Ce140-MT016m-Reyhancan-22825002.2003                           6 1.35700E+01 1.48300E+01
n-Ce140-MT016m-Rurarz-30098003.1969                              1 1.45000E+01 1.45000E+01
n-Ce140-MT016m-Sakane-22662014.2001                              6 1.34000E+01 1.48700E+01
n-Ce140-MT016m-Sothras-108350162.1977                            1 1.48000E+01 1.48000E+01
n-Ce140-MT016m-Sothras-108350162A001.1977                        1 1.48000E+01 1.48000E+01
n-Ce140-MT016m-Wille-12033010.1960                               1 1.48000E+01 1.48000E+01
