#              Filename                                         N    min         max
p-Cu065-MT028-Brinkman-D0162007.1977                             1 5.10000E+01 5.10000E+01
p-Cu065-MT028-Brinkman-D0162013.1977                            16 1.26600E+01 5.55060E+01
p-Cu065-MT028-Cohen-B0050012.1955                                1 2.15000E+01 2.15000E+01
p-Cu065-MT028-Cohen-B0072002.1954                               13 1.22000E+01 2.35000E+01
p-Cu065-MT028-Colle-B0059002.1976                               19 1.30200E+01 2.50200E+01
p-Cu065-MT028-Greenwood-C0537020.1984                           12 2.60000E+01 4.50000E+02
p-Cu065-MT028-Hudis-C0289004.1963                                3 3.00000E+03 3.00000E+04
p-Cu065-MT028-Levkovski-A0510082.1991                           19 1.28000E+01 2.95000E+01
p-Cu065-MT028-Markowitz-C0244007.1958                           20 2.80000E+02 3.00000E+03
p-Cu065-MT028-Meadows-B0054006.1953                             18 9.80000E+00 9.92000E+01
p-Cu065-MT028-Meghir-B0016002.1962                              12 2.10000E+01 8.20000E+01
p-Cu065-MT028-Meghir-B0016005.1962                               9 2.10000E+01 7.20000E+01
p-Cu065-MT028-Meghir-B0016007.1962                              12 2.70000E+01 8.65000E+01
p-Cu065-MT028-Merz-C0699002.1962                                 9 7.30000E+01 4.00000E+02
p-Cu065-MT028-Newton-B0023002.1973                              19 2.32000E+01 1.02100E+02
p-Cu065-MT028-Porile-C0282002.1963                               1 2.90000E+03 2.90000E+03
p-Cu065-MT028-Remsberg-C0269009.1963                             1 3.70000E+02 3.70000E+02
p-Cu065-MT028-Yule-C0700003.1960                                 9 8.20000E+01 4.26000E+02
