#              Filename                                         N    min         max     
n-Th232-rp090231-Tewes-11504020.1960                            13 8.40000E+00 1.51000E+01
n-Th232-rp090231-Prestwood-11645029.1961                        12 1.21300E+01 1.49300E+01
n-Th232-rp090231-Butler-12255002.1961                           14 6.51000E+00 1.16100E+01
n-Th232-rp090231-Butler-12255003.1961                            4 1.25300E+01 2.04000E+01
n-Th232-rp090231-Cochran-12305002.1958                           2 7.03000E+00 1.59700E+01
n-Th232-rp090231-Karius-20499003.1979                            9 1.29900E+01 1.81300E+01
n-Th232-rp090231-Perkin-21208002.1961                            1 1.41000E+01 1.41000E+01
n-Th232-rp090231-Phillips-21521002.1956                          1 1.50000E+01 1.50000E+01
n-Th232-rp090231-Chatani-22203002.1991                           1 1.47000E+01 1.47000E+01
n-Th232-rp090231-Chatani-22235002.1992                           1 1.45000E+01 1.45000E+01
n-Th232-rp090231-Konno-22637089.1993                             4 1.33200E+01 1.48800E+01
n-Th232-rp090231-Karamanis-22845002.2003                        14 7.38670E+00 1.14710E+01
n-Th232-rp090231-Reyhancan-23177002.2011                         6 1.35700E+01 1.48300E+01
n-Th232-rp090231-Raics-30816002.1985                            11 6.74500E+00 1.04500E+01
n-Th232-rp090231-Raics-30923004.1990                             5 1.34900E+01 1.48400E+01
n-Th232-rp090231-Naik-33033004.2011                              1 9.85000E+00 9.85000E+00
n-Th232-rp090231-Prajapati-33040005.2012                         1 1.55000E+01 1.55000E+01
n-Th232-rp090231-Crasta-33042003.2012                            2 8.04000E+00 1.19000E+01
n-Th232-rp090231-Mukerji-33044003.2012                           1 1.72800E+01 1.72800E+01
n-Th232-rp090231-Naik-33091003.2015                              1 1.48000E+01 1.48000E+01
n-Th232-rp090231-Karkera-33115002.2018                           2 8.97000E+00 1.65200E+01
n-Th232-rp090231-Karkera-33136002.2019                           3 1.04900E+01 1.83600E+01
n-Th232-rp090231-Karkera-33136003.2019                           1 1.50300E+01 1.50300E+01
n-Th232-rp090231-Zysin-40637002.1960                             1 1.47000E+01 1.47000E+01
n-Th232-rp090231-Filatenkov-41614239.2016                        8 1.34800E+01 1.48300E+01
