#              Filename                                         N    min         max
n-Au197-MT016-Andersson-20842005.1978                            1 1.49000E+01 1.49000E+01
n-Au197-MT016-Ashby-11097023.1958                                1 1.41000E+01 1.41000E+01
n-Au197-MT016-Ashby-11097023A001.1958                            1 1.41000E+01 1.41000E+01
n-Au197-MT016-Bayhurst-10536054.1975                            13 8.65000E+00 2.44800E+01
n-Au197-MT016-Bayhurst-10536054A001.1975                        13 8.65000E+00 2.44800E+01
n-Au197-MT016-Bayhurst-10536055.1975                             3 1.61900E+01 2.80800E+01
n-Au197-MT016-Bayhurst-10536055A001.1975                         3 1.61900E+01 2.80800E+01
n-Au197-MT016-Bayhurst-10536056.1975                             1 2.60600E+01 2.60600E+01
n-Au197-MT016-Bayhurst-10536056A001.1975                         1 2.60600E+01 2.60600E+01
n-Au197-MT016-Belgaid-31524020.1992                              1 1.47300E+01 1.47300E+01
n-Au197-MT016-ChuanxinZhuu-326960111.2011                        6 1.34000E+01 1.48000E+01
n-Au197-MT016-ChuanxinZhuu-326960113.2011                        6 1.34000E+01 1.48000E+01
n-Au197-MT016-Chudoba-31787005.2018                              8 1.74000E+01 3.35000E+01
n-Au197-MT016-Csikai-30640010.1982                               6 1.35000E+01 1.47800E+01
n-Au197-MT016-Daroczy-30814004.1983                              3 8.92000E+00 9.90000E+00
n-Au197-MT016-Dilg-20802018.1968                                 1 1.47000E+01 1.47000E+01
n-Au197-MT016-Filatenkov-41614231.2016                           8 1.34800E+01 1.48300E+01
n-Au197-MT016-Frehaut-20416091.2016                             14 8.44000E+00 1.47600E+01
n-Au197-MT016-Garlea-30813006.1984                               1 1.47500E+01 1.47500E+01
n-Au197-MT016-Garlea-31459021.1992                               1 1.47580E+01 1.47580E+01
n-Au197-MT016-Greenwood-12977023.1987                            5 1.45000E+01 1.49000E+01
n-Au197-MT016-Hankla-10244008.1972                               1 1.44000E+01 1.44000E+01
n-Au197-MT016-Hankla-10244008A001.1972                           1 1.44000E+01 1.44000E+01
n-Au197-MT016-Ikeda-21945005.1986                               11 1.35100E+01 1.48900E+01
n-Au197-MT016-Iwasaki-22752008.1994                              7 1.36740E+01 1.94300E+01
n-Au197-MT016-Jarosik-31842010.2022                              3 1.75000E+01 2.75000E+01
n-Au197-MT016-Kalamara-23396002.2018                             6 1.53000E+01 2.09000E+01
n-Au197-MT016-Kalamara-23396004.2018                            17 1.53000E+01 2.09000E+01
n-Au197-MT016-Kimura-22093022.1990                               1 1.40500E+01 1.40500E+01
n-Au197-MT016-Majerle-31767002.2016                              8 1.73000E+01 3.55000E+01
n-Au197-MT016-Mangal-31254008.1965                               1 1.48000E+01 1.48000E+01
n-Au197-MT016-Maslov-40136020.1974                               1 1.42000E+01 1.42000E+01
n-Au197-MT016-Mather-20795008.1972                               2 1.24000E+01 1.43000E+01
n-Au197-MT016-Nethaway-10312009.1972                            10 1.38000E+01 1.49500E+01
n-Au197-MT016-Nethaway-10312009A001.1972                        10 1.38000E+01 1.49500E+01
n-Au197-MT016-Paul-11274095.1953                                 1 1.45000E+01 1.45000E+01
n-Au197-MT016-Paulsen-20486005.1975                             28 1.02600E+01 1.95900E+01
n-Au197-MT016-Prestwood-11645026.1961                           10 1.21300E+01 1.97600E+01
n-Au197-MT016-Ryves-21847002.1981                                1 1.46800E+01 1.46800E+01
n-Au197-MT016-Sakuma-22754009.1992                               9 1.30370E+01 1.95840E+01
n-Au197-MT016-Sisterson-14150008.2007                            5 7.07000E+01 1.51600E+02
n-Au197-MT016-Sunitha-33152003.2020                              2 1.35200E+01 1.45400E+01
n-Au197-MT016-Tsinganis-23154002.2011                            4 9.00000E+00 1.05000E+01
n-Au197-MT016-Uno-23279003.1996                                  6 1.75500E+01 3.00900E+01
n-Au197-MT016-Uwamino-22703004.1992                             31 8.50000E+00 3.85000E+01
n-Au197-MT016-Veeser-10445010.1977                              10 1.47000E+01 2.40000E+01
n-Au197-MT016-Veeser-10445010A001.1977                          10 1.47000E+01 2.40000E+01
n-Au197-MT016-Vrzalova-317140021.2013                            2 3.04000E+01 3.59000E+01
n-Au197-MT016-Vrzalova-317140022.2013                            6 4.70000E+01 9.40000E+01
n-Au197-MT016-WangXiuyuann-30935007.1989                         3 1.44700E+01 1.48100E+01
n-Au197-MT016-WangXiuyuann-30935009.1989                         1 1.46300E+01 1.46300E+01
n-Au197-MT016-ZhaoWenrongg-30637007.1989                         7 1.27800E+01 1.82300E+01
