#              Filename                                         N    min         max
n-Si028-MT051-Baba-21984122.1986                                 1 1.42000E+01 1.42000E+01
n-Si028-MT051-Boerker-22113016.1988                              2 1.01630E+01 1.01630E+01
n-Si028-MT051-Clarke-11286012.1964                               1 1.41000E+01 1.41000E+01
n-Si028-MT051-Drake-11579005.1969                                1 7.50000E+00 7.50000E+00
n-Si028-MT051-Drake-11579007.1969                                4 4.00000E+00 7.50000E+00
n-Si028-MT051-Fasoli-21499003.1965                               9 2.83000E+00 3.83000E+00
n-Si028-MT051-Hohn-22701002.1969                                 1 1.47000E+01 1.47000E+01
n-Si028-MT051-Hohn-22701004.1969                                 1 1.47000E+01 1.47000E+01
n-Si028-MT051-Knitter-20391005.1967                              8 4.00000E+00 5.75000E+00
n-Si028-MT051-Martin-21046007.1968                               1 5.95000E+00 5.95000E+00
n-Si028-MT051-Martin-22588012.1968                               1 5.95000E+00 5.95000E+00
n-Si028-MT051-Negret-23173005.2013                             693 1.10687E+00 1.76968E+01
n-Si028-MT051-Olsson-22128004.1990                               1 2.16000E+01 2.16000E+01
n-Si028-MT051-Schmidt-22666027.2001                             10 7.89000E+00 1.38500E+01
n-Si028-MT051-Schweitzer-30463018.1978                           1 3.40000E+00 3.40000E+00
n-Si028-MT051-Seeliger-30563005.1986                             7 6.80000E+00 1.20000E+01
n-Si028-MT051-Seeliger-30563017.1986                             2 9.00000E+00 1.00000E+01
n-Si028-MT051-Seeliger-30563020.1986                             1 1.00000E+01 1.00000E+01
n-Si028-MT051-Sullivan-10784003.1979                            42 1.96000E+00 4.15000E+00
n-Si028-MT051-Sullivan-10784003A001.1979                        42 1.96000E+00 4.15000E+00
n-Si028-MT051-Tsukada-20341018.1961                              5 3.50000E+00 4.80000E+00
n-Si028-MT051-Virdis-21773055.1981                               2 9.76000E+00 1.48300E+01
