#              Filename                                         N    min         max
p-Li006-MT106-Bertrand-A1513006.1968                             8 3.00000E-01 1.00000E+00
p-Li006-MT106-ChiaShouLinnn-A1539004.1977                       17 1.00000E+00 2.60000E+00
p-Li006-MT106-Cruz-O1282005.2005                                 9 2.42000E-02 8.17000E-02
p-Li006-MT106-Cruz-O1282006.2005                                 7 2.83000E-02 7.32000E-02
p-Li006-MT106-Cruz-O1282007.2005                                 7 3.13000E-02 8.16000E-02
p-Li006-MT106-Cruz-O1282009.2005                                 2 8.16000E-02 8.16000E-02
p-Li006-MT106-Cruz-O1590003.2008                                20 9.04600E-02 5.79910E-01
p-Li006-MT106-Elwyn-F0012005.1979                               30 1.36000E-01 2.97300E+00
p-Li006-MT106-Engstler-A0632024.1992                            24 1.25395E-02 9.69533E-02
p-Li006-MT106-Engstler-F0069002.1989                            17 1.24636E-02 5.89099E-02
p-Li006-MT106-Fasoli-A1399002.1964                              29 2.80900E+00 5.63700E+00
p-Li006-MT106-Fiedler-A1393002.1967                              6 2.50000E-02 5.00000E-02
p-Li006-MT106-Gemeinhardt-A1367002.1966                         15 5.00000E-02 1.90000E-01
p-Li006-MT106-Gould-A1417003.1974                               57 3.01500E+00 1.19700E+01
p-Li006-MT106-He-S0083003.2013                                   8 1.01694E-01 2.41916E-01
p-Li006-MT106-Hooton-A1476004.1972                               8 1.00600E+00 2.40300E+00
p-Li006-MT106-Jeronymo-A1390003.1963                            24 1.97500E+00 5.02200E+00
p-Li006-MT106-Kwon-F00620031.1989                               10 1.25000E-01 5.05000E-01
p-Li006-MT106-Kwon-F00620032.1989                               10 1.25000E-01 5.05000E-01
p-Li006-MT106-Marion-A1409004.1956                              20 6.40000E-01 2.91000E+00
p-Li006-MT106-Schroeder-A1291004.1989                           19 1.10000E-02 7.60000E-02
p-Li006-MT106-Shinozuka-F0005004.1979                           11 1.25000E-01 7.00000E-01
p-Li006-MT106-Temmer-F0010012.1962                              13 2.76600E+00 1.19700E+01
p-Li006-MT106-Tumino-O1221002.2003                              29 1.40106E-01 2.74374E+00
p-Li006-MT106-Tumino-O1221003.2003                              16 4.69000E-02 1.26900E+00
p-Li006-MT106-Varnagy-F0019002.1974                              5 1.00000E-01 1.80000E-01
