#              Filename                                         N    min         max     
n-Mo092-rp041092m-Lu-10145005.1970                               1 1.44000E+01 1.44000E+01
n-Mo092-rp041092m-Sigg-10477003.1975                             1 1.48000E+01 1.48000E+01
n-Mo092-rp041092m-Lu-10145005A001.1970                           1 1.44000E+01 1.44000E+01
n-Mo092-rp041092m-Sigg-10477003A001.1975                         1 1.48000E+01 1.48000E+01
n-Mo092-rp041092m-Bramlitt-11590060.1963                         1 1.47000E+01 1.47000E+01
n-Mo092-rp041092m-Bhike-142510031.2009                           2 1.60000E+00 3.70000E+00
n-Mo092-rp041092m-Kanda-20338011.1972                           10 1.34100E+01 1.49200E+01
n-Mo092-rp041092m-Qaim-20554016.1971                             1 1.47000E+01 1.47000E+01
n-Mo092-rp041092m-Fukuda-20841006.1978                           1 1.46000E+01 1.46000E+01
n-Mo092-rp041092m-Fujino-20850006.1977                           1 1.46000E+01 1.46000E+01
n-Mo092-rp041092m-Amemiya-21840003.1982                          1 1.48000E+01 1.48000E+01
n-Mo092-rp041092m-Atsumi-21935011.1984                           1 1.46000E+01 1.46000E+01
n-Mo092-rp041092m-Rahman-21990002.1985                           8 5.91100E+00 9.57700E+00
n-Mo092-rp041092m-Pepelnik-21999026.1986                         1 1.47000E+01 1.47000E+01
n-Mo092-rp041092m-Ikeda-22089068.1988                            8 1.33200E+01 1.49000E+01
n-Mo092-rp041092m-Kimura-22093020.1990                           1 1.40500E+01 1.40500E+01
n-Mo092-rp041092m-Liskien-22125003.1990                         15 1.25900E+01 1.95800E+01
n-Mo092-rp041092m-Qaim-22159002.1989                             4 9.03000E+00 1.06400E+01
n-Mo092-rp041092m-Reimer-22818002.2001                           4 1.62200E+01 2.05100E+01
n-Mo092-rp041092m-Shimizu-22837014.2004                          5 2.27000E+00 3.09000E+00
n-Mo092-rp041092m-Reimer-22889002.2005                           4 1.62000E+01 2.05000E+01
n-Mo092-rp041092m-Furuta-23032013.2008                           4 4.49000E+00 5.84000E+00
n-Mo092-rp041092m-Semkova-23233002.2014                          7 8.08000E+00 1.44800E+01
n-Mo092-rp041092m-Strohal-30008026.1962                          1 1.46000E+01 1.46000E+01
n-Mo092-rp041092m-Marcinkowski-30809002.1986                     8 1.30000E+01 1.66000E+01
n-Mo092-rp041092m-Molla-30825014.1986                            1 1.46000E+01 1.46000E+01
n-Mo092-rp041092m-Garlea-31459003.1992                           1 1.48000E+01 1.48000E+01
n-Mo092-rp041092m-Osman-31464032.1996                            1 1.47000E+01 1.47000E+01
n-Mo092-rp041092m-Molla-31491007.1997                            5 1.35700E+01 1.47100E+01
n-Mo092-rp041092m-Doczi-31495012.1998                            4 8.97000E+00 1.25300E+01
n-Mo092-rp041092m-Grallert-31496041.1993                         1 1.46000E+01 1.46000E+01
n-Mo092-rp041092m-KongXiangzhongg-31762002.1996                  7 1.34000E+01 1.47900E+01
n-Mo092-rp041092m-ZhaoWenrongg-32551002.1998                    13 5.03000E+00 1.90900E+01
n-Mo092-rp041092m-JunhuaLuoo-32812004.2020                       3 1.35000E+01 1.48000E+01
n-Mo092-rp041092m-Bhike-33024003.2006                            1 3.70000E+00 3.70000E+00
n-Mo092-rp041092m-Bhike-33038006.2012                            1 3.20000E+00 3.20000E+00
n-Mo092-rp041092m-Pasha-33129004.2019                            1 1.47800E+01 1.47800E+01
n-Mo092-rp041092m-Pasha-33148004.2020                            1 1.45400E+01 1.45400E+01
n-Mo092-rp041092m-Artemev-41321011.1980                          1 1.48000E+01 1.48000E+01
n-Mo092-rp041092m-Filatenkov-41614070.2016                       8 1.34700E+01 1.48100E+01
