#              Filename                                         N    min         max     
n-Zr092-rp039092-Lu-10145004.1970                                1 1.44000E+01 1.44000E+01
n-Zr092-rp039092-Lu-10145004A001.1970                            1 1.44000E+01 1.44000E+01
n-Zr092-rp039092-Bramlitt-11590041.1963                          1 1.47000E+01 1.47000E+01
n-Zr092-rp039092-Reed-11896011.1960                              1 1.41000E+01 1.41000E+01
n-Zr092-rp039092-Qaim-20513016.1974                              1 1.47000E+01 1.47000E+01
n-Zr092-rp039092-Fujino-20850004.1977                            1 1.46000E+01 1.46000E+01
n-Zr092-rp039092-Anders-21976028.1985                            1 1.47000E+01 1.47000E+01
n-Zr092-rp039092-Ikeda-22089058.1988                             7 1.33400E+01 1.49300E+01
n-Zr092-rp039092-Ibnmajah-22144005.1990                          4 6.10200E+00 7.70400E+00
n-Zr092-rp039092-Ibnmajah-22144011.1990                          6 8.21500E+00 1.06140E+01
n-Zr092-rp039092-Ibnmajah-22664007.2001                          2 1.14400E+01 1.23700E+01
n-Zr092-rp039092-Semkova-22822006.2010                           9 1.48000E+01 2.06000E+01
n-Zr092-rp039092-Strohal-30008024.1962                           1 1.46000E+01 1.46000E+01
n-Zr092-rp039092-Prasad-30336026.1971                            1 1.48000E+01 1.48000E+01
n-Zr092-rp039092-Tikku-30394009.1972                             1 1.47000E+01 1.47000E+01
n-Zr092-rp039092-Sailer-30438011.1977                            1 1.48100E+01 1.48100E+01
n-Zr092-rp039092-Marcinkowski-30940004.1990                      8 1.34000E+01 1.66000E+01
n-Zr092-rp039092-Molla-30985008.1991                             5 1.36400E+01 1.48300E+01
n-Zr092-rp039092-Raics-30988005.1991                            11 5.89000E+00 1.22500E+01
n-Zr092-rp039092-Mukherjee-31330004.1963                         1 1.45000E+01 1.45000E+01
n-Zr092-rp039092-Osman-31464023.1996                             1 1.47000E+01 1.47000E+01
n-Zr092-rp039092-Doczi-31495011.1998                             1 1.13400E+01 1.13400E+01
n-Zr092-rp039092-Grallert-31496039.1993                          1 1.46000E+01 1.46000E+01
n-Zr092-rp039092-Begun-32220002.2007                             2 1.35600E+01 1.45300E+01
n-Zr092-rp039092-Levkovskii-40016013.1964                        1 1.40000E+01 1.40000E+01
n-Zr092-rp039092-Levkovskii-40226020.1970                        1 1.48000E+01 1.48000E+01
n-Zr092-rp039092-Filatenkov-41614061.2016                        7 1.35600E+01 1.47800E+01
