#              Filename                                         N    min         max
n-In115-MT004m-Adamski-30484002.1980                             4 5.30000E-01 1.31000E+00
n-In115-MT004m-Andersson-20842004.1978                           1 1.49000E+01 1.49000E+01
n-In115-MT004m-Barrall-10022021.1969                             1 1.46000E+01 1.46000E+01
n-In115-MT004m-Barrall-10022021A001.1969                         1 1.46000E+01 1.46000E+01
n-In115-MT004m-Barrall-10031010.1969                             1 1.48000E+01 1.48000E+01
n-In115-MT004m-Barrall-10031010A001.1969                         1 1.48000E+01 1.48000E+01
n-In115-MT004m-Belgaid-31524023.1992                             1 1.47300E+01 1.47300E+01
n-In115-MT004m-Bornemiszapauspertl-30338007.1968                 1 2.80000E+00 2.80000E+00
n-In115-MT004m-ChaoWangg-32731002.2016                           3 2.95000E+00 5.24000E+00
n-In115-MT004m-ChiFongAiii-30628002.1979                        16 9.90000E-01 4.23000E+00
n-In115-MT004m-Cohen-22581002.1948                               6 1.82000E+00 3.75000E+00
n-In115-MT004m-Csikai-30966004.1990                              8 1.34300E+01 1.48400E+01
n-In115-MT004m-Csikai-30983002.1992                             10 2.15000E+00 2.95000E+00
n-In115-MT004m-Decowski-30138002.1970                           10 1.29800E+01 1.78300E+01
n-In115-MT004m-Demekhin-40849003.1983                            1 1.46000E+01 1.46000E+01
n-In115-MT004m-Ebel-14081003.1954                               31 5.99000E-01 1.81000E+00
n-In115-MT004m-FanPeiGuooo-30582002.1980                        11 8.80000E-01 5.65000E+00
n-In115-MT004m-FanPeiGuooo-30582004.1980                        33 1.70000E+00 5.46000E+00
n-In115-MT004m-FanPeiguoo-30733011.1985                          1 8.50000E+00 8.50000E+00
n-In115-MT004m-FeiTuoo-32653006.2006                             2 1.43000E+01 1.46000E+01
n-In115-MT004m-Filatenkov-41614121.2016                          7 1.35600E+01 1.47800E+01
n-In115-MT004m-Garlea-30813005.1984                              1 1.47500E+01 1.47500E+01
n-In115-MT004m-Garlea-31459020.1992                              1 1.47580E+01 1.47580E+01
n-In115-MT004m-Grench-11975005.1968                             11 3.61000E-01 1.01700E+00
n-In115-MT004m-Hingu-33182002.2022                               5 7.89000E+00 1.89900E+01
n-In115-MT004m-Hudson-10690003.1976                              1 1.52000E+01 1.52000E+01
n-In115-MT004m-Hudson-10690003A001.1976                          1 1.52000E+01 1.52000E+01
n-In115-MT004m-Ikeda-22209008.1991                               3 1.10000E+01 1.32000E+01
n-In115-MT004m-Ikeda-22209015.1991                               4 9.50000E+00 1.32000E+01
n-In115-MT004m-Kimura-20312003.1969                              8 5.00000E-01 4.60000E+00
n-In115-MT004m-Kimura-22093021.1990                              1 1.40500E+01 1.40500E+01
n-In115-MT004m-Kobayashi-20279002.1973                          10 3.37000E+00 4.89000E+00
n-In115-MT004m-Konno-22637055.1993                               8 1.33200E+01 1.49000E+01
n-In115-MT004m-Kral-31834016.2020                                1 2.91000E+01 2.91000E+01
n-In115-MT004m-Kudo-21956002.1984                                2 2.49000E+00 1.46000E+01
n-In115-MT004m-Liskien-20809002.1978                            38 4.03000E-01 4.10000E+00
n-In115-MT004m-Loevestam-23101002.2007                         134 2.80000E-01 5.60000E+00
n-In115-MT004m-LuHAnlinn-30999003.1989                           8 1.35400E+01 1.48000E+01
n-In115-MT004m-Magnusson-20780003.1977                           1 1.47000E+01 1.47000E+01
n-In115-MT004m-Martin-11985002.1954                             39 4.40000E-01 5.26000E+00
n-In115-MT004m-Menlove-11421006.1967                            20 9.70000E-01 1.93900E+01
n-In115-MT004m-Minetti-21106010.1968                             1 1.47000E+01 1.47000E+01
n-In115-MT004m-Moiseev-41063002.1990                             1 1.47900E+01 1.47900E+01
n-In115-MT004m-Moiseev-41063003.1990                             1 1.47900E+01 1.47900E+01
n-In115-MT004m-Moiseev-41063004.1990                             1 1.47900E+01 1.47900E+01
n-In115-MT004m-Molla-30984002.1992                               6 2.14000E+00 2.81000E+00
n-In115-MT004m-Nagel-20198016.1966                               1 1.46000E+01 1.46000E+01
n-In115-MT004m-Pazsit-30116004.1972                              1 1.47000E+01 1.47000E+01
n-In115-MT004m-Pepelnik-21999033.1986                            1 1.47000E+01 1.47000E+01
n-In115-MT004m-Reggoug-30643016.1984                             1 1.47000E+01 1.47000E+01
n-In115-MT004m-Roetzer-20063005.1968                             1 1.47000E+01 1.47000E+01
n-In115-MT004m-Ryves-21918007.1983                               2 1.43000E+01 1.46700E+01
n-In115-MT004m-Santry-10522002.1976                              4 3.51000E-01 4.55000E-01
n-In115-MT004m-Santry-10522002A001.1976                          4 3.51000E-01 4.55000E-01
n-In115-MT004m-Santry-10522003.1976                             37 3.48000E-01 5.13000E+00
n-In115-MT004m-Santry-10522003A001.1976                         37 3.48000E-01 5.13000E+00
n-In115-MT004m-Santry-10522004.1976                              6 4.81000E+00 6.00000E+00
n-In115-MT004m-Santry-10522004A001.1976                          6 4.81000E+00 6.00000E+00
n-In115-MT004m-Santry-10522005.1976                              4 1.35800E+01 1.47400E+01
n-In115-MT004m-Santry-10522005A001.1976                          4 1.35800E+01 1.47400E+01
n-In115-MT004m-Santry-10522006.1976                             28 5.10000E+00 1.35800E+01
n-In115-MT004m-Santry-10522006A001.1976                         28 5.10000E+00 1.35800E+01
n-In115-MT004m-Smith-105210061.1976                             27 4.43700E-01 2.97100E+00
n-In115-MT004m-Smith-105210061A001.1976                         27 4.43700E-01 2.97100E+00
n-In115-MT004m-Smith-105210071.1976                             12 3.36900E+00 5.75000E+00
n-In115-MT004m-Smith-105210071A001.1976                         12 3.36900E+00 5.75000E+00
n-In115-MT004m-Smith-105210081.1976                             16 5.06300E+00 1.00300E+01
n-In115-MT004m-Smith-105210081A001.1976                         16 5.06300E+00 1.00300E+01
n-In115-MT004m-Soni-33140004.2020                                4 1.09500E+01 2.00000E+01
n-In115-MT004m-Temperley-10214004.1970                           1 1.41000E+01 1.41000E+01
n-In115-MT004m-Temperley-10214004A001.1970                       1 1.41000E+01 1.41000E+01
n-In115-MT004m-Yamamoto-20845002.1978                            5 5.60000E+00 7.65000E+00
