#              Filename                                         N    min         max
n-F019-MT103-Bass-20928002.1966                                159 4.98000E+00 8.97500E+00
n-F019-MT103-Bormann-20887008.1965                              10 1.26000E+01 1.96000E+01
n-F019-MT103-Csikai-30115002.1967                                1 1.47000E+01 1.47000E+01
n-F019-MT103-Fessler-22414002.2000                               5 1.60640E+01 2.03100E+01
n-F019-MT103-Hannappel-21612002.1979                             1 1.49000E+01 1.49000E+01
n-F019-MT103-Kantele-11196005.1962                               1 1.47000E+01 1.47000E+01
n-F019-MT103-Kantele-11196005A001.1962                           1 1.47000E+01 1.47000E+01
n-F019-MT103-Kasugai-22433002.1998                               6 1.34000E+01 1.48700E+01
n-F019-MT103-Marion-11395006.1955                               18 4.60000E+00 7.98000E+00
n-F019-MT103-Mitra-30013003.1966                                 1 1.48000E+01 1.48000E+01
n-F019-MT103-Ngoc-30562002.1980                                  1 1.46000E+01 1.46000E+01
n-F019-MT103-Pasquarelli-20889004.1967                           1 1.47000E+01 1.47000E+01
n-F019-MT103-Paul-11274004.1953                                  1 1.45000E+01 1.45000E+01
n-F019-MT103-Picard-20892002.1965                               11 1.41800E+01 2.10000E+01
n-F019-MT103-Prasad-30007004.1966                                1 1.48000E+01 1.48000E+01
n-F019-MT103-Reyhancan-22824002.2003                             6 1.36000E+01 1.48600E+01
n-F019-MT103-Schantl-21846009.1970                               1 1.47000E+01 1.47000E+01
n-F019-MT103-Schantl-21846040.1970                               2 1.47000E+01 1.47000E+01
n-F019-MT103-Sigg-10776002.1976                                  1 1.46000E+01 1.46000E+01
n-F019-MT103-Sigg-10776002A001.1976                              1 1.46000E+01 1.46000E+01
n-F019-MT103-Smith-108500022.1981                               47 4.85800E+00 8.94900E+00
n-F019-MT103-Smith-108500022A001.1981                           47 4.85800E+00 8.94900E+00
