#              Filename                                         N    min         max
n-Np237-MT018-Alkhazov-40911006.1983                             2 8.40000E+00 1.47000E+01
n-Np237-MT018-Alknazov-40552003.1977                             1 1.48000E+01 1.48000E+01
n-Np237-MT018-Arlt-30475004.1981                                 1 1.47000E+01 1.47000E+01
n-Np237-MT018-Auchampaugh-12792004.1984                        771 3.50200E-05 1.29960E-04
n-Np237-MT018-Brown-10060002.1970                             2335 3.16349E-05 2.18060E-03
n-Np237-MT018-Brown-10060002A001.1970                         2335 3.16349E-05 2.18060E-03
n-Np237-MT018-Brown-10060003.1970                              161 1.00124E-01 2.84793E+00
n-Np237-MT018-Brown-10060003A001.1970                          161 1.00124E-01 2.84793E+00
n-Np237-MT018-Cance-21821006.1982                                1 2.47000E+00 2.47000E+00
n-Np237-MT018-Cance-21821007.1982                                1 2.47000E+00 2.47000E+00
n-Np237-MT018-Carlson-10951003.1979                             54 1.11300E+00 1.89100E+01
n-Np237-MT018-Carlson-10951003A001.1979                         54 1.11300E+00 1.89100E+01
n-Np237-MT018-Carlson-14035002.1994                            105 5.17100E-06 5.12800E-03
n-Np237-MT018-Diakaki-227420042.2016                           122 1.49229E-01 1.99530E+00
n-Np237-MT018-Diakaki-227420052.2016                            67 2.03816E+00 9.02387E+00
n-Np237-MT018-Diakaki-23189002.2013                              4 4.58000E+00 5.32000E+00
n-Np237-MT018-Dushin-30558003.1983                               1 8.50000E+00 8.50000E+00
n-Np237-MT018-Garlea-30813009.1984                               1 1.47500E+01 1.47500E+01
n-Np237-MT018-Garlea-31459024.1992                               1 1.47580E+01 1.47580E+01
n-Np237-MT018-Gerasimov-41369022.1997                          252 3.00000E-07 2.75020E-02
n-Np237-MT018-Gokhberg-40714003.1959                            25 1.20000E-02 1.50000E+00
n-Np237-MT018-Goverdovskii-41169002.1995                        24 3.50000E-06 4.00000E-04
n-Np237-MT018-Grady-10947002.1979                                2 7.70000E-01 9.64000E-01
n-Np237-MT018-Grady-10947002A001.1979                            2 7.70000E-01 9.64000E-01
n-Np237-MT018-Grundl-10417003.1967                              17 1.07000E+00 8.07000E+00
n-Np237-MT018-Grundl-10417003A001.1967                          17 1.07000E+00 8.07000E+00
n-Np237-MT018-Gul-31711002.1986                                  1 1.47000E+01 1.47000E+01
n-Np237-MT018-Henkel-12321006.1952                              52 4.60000E-01 7.45000E+00
n-Np237-MT018-Hennelly-14565004.1968                             1 2.53000E-08 2.53000E-08
n-Np237-MT018-Hirose-23186002.2012                              85 1.06000E-07 2.11700E-03
n-Np237-MT018-Iyer-30035005.1969                                 1 1.41000E+01 1.41000E+01
n-Np237-MT018-Jiacoletti-10182002.1972                         102 2.00168E-01 7.65680E+00
n-Np237-MT018-Jiacoletti-10182002A001.1972                     102 2.00168E-01 7.65680E+00
n-Np237-MT018-Kalinin-40741004.1958                             13 2.50000E+00 8.30000E+00
n-Np237-MT018-Kalinin-40927004.1987                              1 1.90000E+00 1.90000E+00
n-Np237-MT018-Klema-12492002.1947                               16 2.50000E-01 3.00000E+00
n-Np237-MT018-Kobayashi-20300002.1973                            7 3.50000E+00 4.90000E+00
n-Np237-MT018-Kolar-20138002.1971                             1171 2.00530E-05 5.20820E-05
n-Np237-MT018-Kozharin-40901002.1986                             1 2.53000E-08 2.53000E-08
n-Np237-MT018-Leonard-12482002.1961                              3 4.90000E-07 1.47000E-06
n-Np237-MT018-Leonardjr-12476002.1959                          100 4.12000E-08 5.25000E-06
n-Np237-MT018-Lisowski-14176007.1988                            73 1.00200E+00 1.98200E+01
n-Np237-MT018-Manabe-222820072.1988                              4 1.34700E+01 1.48900E+01
n-Np237-MT018-Meadows-128520022.1983                            66 1.31000E-01 9.37400E+00
n-Np237-MT018-Meadows-131340082.1988                             1 1.47400E+01 1.47400E+01
n-Np237-MT018-Merla-22304004.1991                                3 4.90000E+00 1.85000E+01
n-Np237-MT018-Merla-22304008.1991                                1 1.47000E+01 1.47000E+01
n-Np237-MT018-Pankratov-40638003.1960                           17 9.60000E+00 2.18000E+01
n-Np237-MT018-Pankratov-40653004.1963                           29 2.50000E+00 2.64000E+01
n-Np237-MT018-Paradela-23126002.2010                            22 5.05000E-05 8.00000E-01
n-Np237-MT018-Paradela-231260031.2010                          446 9.88618E-04 9.56010E+02
n-Np237-MT018-Paradela-23126004.2010                          7999 1.00057E-06 9.98850E-03
n-Np237-MT018-Perkin-20584006.1965                               1 2.40000E-02 2.40000E-02
n-Np237-MT018-Plattard-20423002.1975                          1592 9.99090E-02 2.09970E+00
n-Np237-MT018-Plattard-20448002.1973                          3923 2.72030E-06 3.52480E-02
n-Np237-MT018-Protopopov-40390003.1958                           1 1.46000E+01 1.46000E+01
n-Np237-MT018-Salvadorcastineira-23736003.2017                   7 5.67000E-01 2.40000E+00
n-Np237-MT018-Schmitt-12488002.1959                             47 1.64000E+00 7.43000E+00
n-Np237-MT018-Schmitt-12488003.1959                             74 9.10000E-01 7.43000E+00
n-Np237-MT018-Semon-10366002.1976                            19300 2.01000E-05 2.54500E-01
n-Np237-MT018-Semon-10366002A001.1976                        19300 2.01000E-05 2.54500E-01
n-Np237-MT018-Shcherbakov-41455011.2002                        166 5.77200E-01 1.96200E+02
n-Np237-MT018-White-211950062.1967                               4 1.00000E+00 1.41000E+01
n-Np237-MT018-White-21463005.1965                                5 4.00000E-02 5.05000E-01
n-Np237-MT018-WuJingxiaa-30717002.1984                           4 4.00000E+00 5.50000E+00
n-Np237-MT018-Yamanaka-22731002.1993                            74 1.05000E-06 4.63000E-03
n-Np237-MT018-Zasadny-12910003.1984                              1 1.46200E+01 1.46200E+01
