#              Filename                                         N    min         max     
n-Pr141-rp059142-Gibbons-11329040.1961                           2 3.00000E-02 6.50000E-02
n-Pr141-rp059142-Gibbons-11329041.1961                          49 1.15000E-02 1.61000E-01
n-Pr141-rp059142-Macklin-11399038.1957                           1 2.40000E-02 2.40000E-02
n-Pr141-rp059142-Lyon-11407027.1959                              1 1.95000E-01 1.95000E-01
n-Pr141-rp059142-Booth-11429024.1958                             1 2.40000E-02 2.40000E-02
n-Pr141-rp059142-Bramlitt-11590074.1963                          1 1.47000E+01 1.47000E+01
n-Pr141-rp059142-Stupegia-11624008.1968                         24 1.45000E-01 2.45700E+00
n-Pr141-rp059142-Johnsrud-11675018.1959                          4 1.65000E-01 2.00000E+00
n-Pr141-rp059142-Wille-12033016.1960                             1 1.48000E+01 1.48000E+01
n-Pr141-rp059142-Wagner-20718012.1980                            1 1.46000E+01 1.46000E+01
n-Pr141-rp059142-Cuzzocrea-21289010.1967                         1 1.40000E+01 1.40000E+01
n-Pr141-rp059142-Perkin-21438022.1958                            1 1.45000E+01 1.45000E+01
n-Pr141-rp059142-Voignier-22006039.1992                          4 5.00000E-01 3.00000E+00
n-Pr141-rp059142-Voss-22498008.1999                             18 4.00000E-03 2.12500E-01
n-Pr141-rp059142-Kobayashi-22865002.2002                       143 3.94000E-09 1.39000E-01
n-Pr141-rp059142-Kobayashi-22865003.2002                         1 2.53000E-08 2.53000E-08
n-Pr141-rp059142-Harnood-23016003.2000                           6 1.15000E-02 5.50000E-01
n-Pr141-rp059142-Farinaarbocco-23266130.2013                     1 2.53000E-08 2.53000E-08
n-Pr141-rp059142-Farinaarbocco-23266131.2013                     1 2.53000E-08 2.53000E-08
n-Pr141-rp059142-Decorte-23488063.1988                           1 2.53000E-08 2.53000E-08
n-Pr141-rp059142-Csikai-30067015.1967                            1 1.47000E+01 1.47000E+01
n-Pr141-rp059142-Csikai-30067022.1967                            7 1.34000E+01 1.50000E+01
n-Pr141-rp059142-Chaubey-30079030.1966                           1 2.40000E-02 2.40000E-02
n-Pr141-rp059142-MANJUSHREEMAJUMDERR-30296006.1977               1 1.48000E+01 1.48000E+01
n-Pr141-rp059142-Vuletin-30314009.1974                           1 1.44000E+01 1.44000E+01
n-Pr141-rp059142-Taylor-30490004.1979                           15 3.50000E-03 1.75000E-01
n-Pr141-rp059142-Chaturvedi-30493009.1970                        1 2.40000E-02 2.40000E-02
n-Pr141-rp059142-Budnar-30532044.1979                            1 1.41000E+01 1.41000E+01
n-Pr141-rp059142-Yoon-31574002.2006                            143 3.94000E-09 1.39013E-01
n-Pr141-rp059142-Zhu-31613003.2007                               3 5.40000E-01 1.59000E+00
n-Pr141-rp059142-JunhuaLuoo-32703002.2012                        3 1.35000E+01 1.48000E+01
n-Pr141-rp059142-Panikkath-33097004.2016                         1 2.53000E-08 2.53000E-08
n-Pr141-rp059142-Panikkath-33097005.2016                         1 2.53000E-08 2.53000E-08
n-Pr141-rp059142-Zaikin-40255005.1976                           29 8.40000E-02 3.90000E+00
n-Pr141-rp059142-Konks-40799003.1964                            73 2.20000E-05 4.00000E-02
