#              Filename                                         N    min         max
n-N014-MT103-Baldinger-22574002.1939                             1 2.80000E+00 2.80000E+00
n-N014-MT103-Barschall-14523002.1946                            32 1.95000E-01 1.67800E+00
n-N014-MT103-Bollmann-21169003.1951                             28 2.01000E+00 3.67000E+00
n-N014-MT103-Felber-20675002.1976                                1 1.47000E+01 1.47000E+01
n-N014-MT103-Gabbard-11281008.1959                             132 1.29000E+00 4.14000E+00
n-N014-MT103-Gibbons-11100003.1959                              13 2.90000E-02 3.50000E-01
n-N014-MT103-Gibbons-11100003A001.1959                          13 2.90000E-02 3.50000E-01
n-N014-MT103-Johnson-11296003.1950                             184 1.48000E-01 2.15000E+00
n-N014-MT103-Kitahara-23600002.2019                              2 2.53000E-08 2.53000E-08
n-N014-MT103-Kitahara-23600003.2019                              1 2.53000E-08 2.53000E-08
n-N014-MT103-Koehler-13164002.1989                              54 6.18000E-08 3.46000E-02
n-N014-MT103-Koehler-13974002.1993                              21 2.44000E-08 4.18000E-06
n-N014-MT103-Morgan-10789002.1979                              432 4.64000E-01 6.85700E+00
n-N014-MT103-Morgan-10789002A001.1979                          432 4.64000E-01 6.85700E+00
n-N014-MT103-Shima-22345007.1997                                 2 3.58000E-02 6.71000E-02
n-N014-MT103-Wagemans-224960021.2000                             1 2.53000E-08 2.53000E-08
n-N014-MT103-Wagemans-224960022.2000                             1 2.53000E-08 2.53000E-08
n-N014-MT103-Wagemans-224960023.2000                             1 2.53000E-08 2.53000E-08
n-N014-MT103-Wagemans-224960024.2000                             1 2.53000E-08 2.53000E-08
n-N014-MT103-Wagemans-224960025.2000                             1 2.53000E-08 2.53000E-08
n-N014-MT103-Wagemans-224960026.2000                             1 2.53000E-08 2.53000E-08
n-N014-MT103-Wagemans-224960027.2000                             1 2.53000E-08 2.53000E-08
n-N014-MT103-Wagemans-22496003.2000                              1 2.53000E-08 2.53000E-08
