#              Filename                                         N    min         max     
n-Fe054-rp025054-Barrall-10022009.1969                           1 1.46000E+01 1.46000E+01
n-Fe054-rp025054-Barrall-10031006.1969                           1 1.48000E+01 1.48000E+01
n-Fe054-rp025054-Smith-102380311.1975                           13 1.97900E+00 3.99000E+00
n-Fe054-rp025054-Smith-102380321.1975                           16 4.18300E+00 5.43800E+00
n-Fe054-rp025054-Smith-102380331.1975                           10 5.40700E+00 9.94800E+00
n-Fe054-rp025054-Singh-10309002.1972                             1 1.45000E+01 1.45000E+01
n-Fe054-rp025054-Barrall-10022009A001.1969                       1 1.46000E+01 1.46000E+01
n-Fe054-rp025054-Barrall-10031006A001.1969                       1 1.48000E+01 1.48000E+01
n-Fe054-rp025054-Smith-102380311A001.1975                       13 1.97900E+00 3.99000E+00
n-Fe054-rp025054-Smith-102380321A001.1975                       16 4.18300E+00 5.43800E+00
n-Fe054-rp025054-Smith-102380331A001.1975                       10 5.40700E+00 9.94800E+00
n-Fe054-rp025054-Singh-10309002A001.1972                         1 1.45000E+01 1.45000E+01
n-Fe054-rp025054-Cross-11696004.1963                             3 1.35800E+01 1.47300E+01
n-Fe054-rp025054-Cross-11696006.1963                             1 1.45000E+01 1.45000E+01
n-Fe054-rp025054-Carrolljr-11707002.1965                         9 3.55000E+00 6.02000E+00
n-Fe054-rp025054-Carrolljr-11707003.1965                         2 1.57000E+01 1.74000E+01
n-Fe054-rp025054-Salisbury-11721003.1965                         9 2.23000E+00 1.67500E+01
n-Fe054-rp025054-Venugopalarao-11722003.1967                     1 1.44000E+01 1.44000E+01
n-Fe054-rp025054-Saraf-12812006.1991                             1 8.00000E+00 8.00000E+00
n-Fe054-rp025054-Greenwood-12977009.1987                         5 1.45000E+01 1.49000E+01
n-Fe054-rp025054-Meadows-13586003.1996                           1 1.00000E+01 1.00000E+01
n-Fe054-rp025054-Meadows-13586013.1996                           1 1.47000E+01 1.47000E+01
n-Fe054-rp025054-Meadows-13867003.1991                          10 5.29000E+00 9.82000E+00
n-Fe054-rp025054-Lauber-20061002.1965                            9 2.31000E+00 3.81000E+00
n-Fe054-rp025054-Paulsen-20396002.1971                           5 1.71000E+00 6.27000E+00
n-Fe054-rp025054-Paulsen-20396003.1971                           9 1.28000E+01 1.64000E+01
n-Fe054-rp025054-Qaim-20554004.1971                              1 1.47000E+01 1.47000E+01
n-Fe054-rp025054-Fukuda-20841002.1978                            1 1.46000E+01 1.46000E+01
n-Fe054-rp025054-Allan-20961010.1959                             1 1.41000E+01 1.41000E+01
n-Fe054-rp025054-Paulsen-21309005.1979                           8 6.41000E+00 9.90000E+00
n-Fe054-rp025054-Pollehn-21352006.1961                           1 1.41000E+01 1.41000E+01
n-Fe054-rp025054-Bahal-21936015.1985                             1 1.47000E+01 1.47000E+01
n-Fe054-rp025054-Ikeda-22089040.1988                             8 1.33200E+01 1.48900E+01
n-Fe054-rp025054-Kimura-22093010.1990                            1 1.40500E+01 1.40500E+01
n-Fe054-rp025054-Ikeda-22191003.1990                             8 2.08000E+00 3.01000E+00
n-Fe054-rp025054-Ercan-22338045.1991                             1 1.46000E+01 1.46000E+01
n-Fe054-rp025054-Meadows-22657003.1996                           1 1.47000E+01 1.47000E+01
n-Fe054-rp025054-Shimizu-22837006.2004                           6 2.09000E+00 3.09000E+00
n-Fe054-rp025054-Mannhart-22976015.2007                         13 9.09800E+00 1.46380E+01
n-Fe054-rp025054-Vanloef-30221006.1961                           3 2.60000E+00 3.60000E+00
n-Fe054-rp025054-ChiFongAiii-30457003.1977                      10 2.78000E+00 4.59000E+00
n-Fe054-rp025054-LuHanLinnn-30671002.1989                       24 1.23700E+01 1.71800E+01
n-Fe054-rp025054-FanPeiguoo-30733007.1985                        1 8.50000E+00 8.50000E+00
n-Fe054-rp025054-Garlea-30807009.1985                            1 1.48000E+01 1.48000E+01
n-Fe054-rp025054-Viennot-30978021.1991                           5 1.37700E+01 1.48300E+01
n-Fe054-rp025054-Garlea-31459012.1992                            1 1.48000E+01 1.48000E+01
n-Fe054-rp025054-Grallert-31496033.1993                          1 1.46000E+01 1.46000E+01
n-Fe054-rp025054-Artemev-41321006.1980                           1 1.48000E+01 1.48000E+01
n-Fe054-rp025054-Filatenkov-41614018.2016                        7 1.35600E+01 1.47800E+01
