#              Filename                                         N    min         max
n-Pu241-MT018-Adamchuk-400630073.1955                            1 2.95000E-07 2.95000E-07
n-Pu241-MT018-Adamchuk-40063014.1955                            51 1.16990E-08 9.59990E-08
n-Pu241-MT018-Adamchuk-40063015.1955                           105 1.04990E-07 7.42990E-04
n-Pu241-MT018-Aleksandrov-40673005.1983                          1 1.20000E+00 1.20000E+00
n-Pu241-MT018-Bigham-12356013.1976                               1 2.53000E-08 2.53000E-08
n-Pu241-MT018-Blons-20484002.1971                             7714 3.50280E-06 2.97530E-02
n-Pu241-MT018-Butler-12543002.1961                              90 2.10000E-02 1.82500E+00
n-Pu241-MT018-Carlson-106360022.1977                            30 8.50000E-06 6.50000E-02
n-Pu241-MT018-Carlson-106360022A001.1977                        30 8.50000E-06 6.50000E-02
n-Pu241-MT018-Egelstaff-235260052.1955                           1 2.53000E-08 2.53000E-08
n-Pu241-MT018-Gerasimov-41369026.1997                          414 4.60000E-08 4.65820E-02
n-Pu241-MT018-Gul-31711005.1986                                  1 1.47000E+01 1.47000E+01
n-Pu241-MT018-James-20940005.1965                                4 1.18200E-05 4.51400E-05
n-Pu241-MT018-James-20940006.1965                              500 4.00600E-06 2.46200E-03
n-Pu241-MT018-James-20940007.1965                             1011 8.42700E-09 3.16000E-05
n-Pu241-MT018-James-20940008.1965                              122 4.04000E-06 3.20800E-05
n-Pu241-MT018-Kazarinova-40636006.1961                           1 2.50000E+00 2.50000E+00
n-Pu241-MT018-Kazarinova-40636007.1961                           1 1.46000E+01 1.46000E+01
n-Pu241-MT018-Khan-30548003.1980                                 1 1.48000E+01 1.48000E+01
n-Pu241-MT018-Leonardjr-12434007.1957                            1 1.00000E-07 1.00000E-07
n-Pu241-MT018-Leonardjr-12551004.1959                           53 2.65000E-08 8.75000E-07
n-Pu241-MT018-Migneco-20009002.1970                           3166 2.72220E-06 4.60630E-05
n-Pu241-MT018-Migneco-20009003.1970                           7264 4.60740E-05 4.04290E-03
n-Pu241-MT018-Migneco-20009004.1970                             11 1.50000E-05 2.50000E-04
n-Pu241-MT018-Moore-12545002.1964                              451 2.24700E-06 9.88100E-05
n-Pu241-MT018-Moore-12545003.1964                              567 8.08300E-06 9.95100E-05
n-Pu241-MT018-Perkin-20584009.1965                               1 2.40000E-02 2.40000E-02
n-Pu241-MT018-Raffle-21471012.1959                              11 6.15000E-09 9.75000E-08
n-Pu241-MT018-Richmond-21031004.1956                            51 6.15000E-09 3.41000E-07
n-Pu241-MT018-Richmond-21031005.1956                            23 3.50000E-07 7.51000E-06
n-Pu241-MT018-Richmond-210310083.1956                            1 2.55000E-07 2.55000E-07
n-Pu241-MT018-Seppi-11791006.1958                               10 2.53000E-09 4.73000E-09
n-Pu241-MT018-Simpson-12553002.1966                           2554 2.00400E-05 9.78000E-01
n-Pu241-MT018-Smith-125440022.1962                              30 4.00000E-01 2.10000E+01
n-Pu241-MT018-Szabo-20567004.1970                               15 3.50000E-02 9.70000E-01
n-Pu241-MT018-Szabo-20570004.1973                                6 1.18000E+00 2.63000E+00
n-Pu241-MT018-Tovesson-14271005.2010                          1460 1.00600E-08 1.98400E-01
n-Pu241-MT018-Tovesson-142710062.2010                          600 2.00700E-01 1.98000E+02
n-Pu241-MT018-Wagemans-20429002.1975                           328 1.95390E-08 5.60010E-07
n-Pu241-MT018-Wagemans-20807004.1976                           806 2.98550E-06 3.00070E-05
n-Pu241-MT018-Wagemans-21811002.1982                            15 6.00000E-08 2.50000E-02
n-Pu241-MT018-Wagemans-22193002.1991                          1227 2.00440E-09 4.02540E-06
n-Pu241-MT018-Watanabe-12529002.1964                           248 2.36000E-08 1.63900E-04
n-Pu241-MT018-Watanabe-12529003.1964                           320 2.44800E-07 7.39400E-06
n-Pu241-MT018-Watanabe-12529004.1964                           248 1.47800E-06 2.85400E-03
n-Pu241-MT018-Watanabe-12530002.1966                           256 6.33200E-09 4.97400E-07
n-Pu241-MT018-Weston-10768003.1978                            3380 1.00700E-08 3.00300E-02
n-Pu241-MT018-Weston-10768003A001.1978                        3380 1.00700E-08 3.00300E-02
n-Pu241-MT018-White-211950092.1967                               4 1.00000E+00 1.41000E+01
n-Pu241-MT018-White-21463007.1965                                5 4.00000E-02 5.05000E-01
n-Pu241-MT018-White-21494005.1966                                2 2.53000E-08 2.53000E-08
n-Pu241-MT018-White-21494011.1966                                1 2.53000E-08 2.53000E-08
