#              Filename                                         N    min         max
n-Mn055-MT102-Anderson-14704004.1939                             1 2.53000E-08 2.53000E-08
n-Mn055-MT102-Arbildo-128190032.1986                             1 2.53000E-08 2.53000E-08
n-Mn055-MT102-Bahal-21936009.1985                                1 1.47000E+01 1.47000E+01
n-Mn055-MT102-Beghian-22580003.1949                              1 9.00000E-01 9.00000E-01
n-Mn055-MT102-Booth-11429006.1958                                1 2.40000E-02 2.40000E-02
n-Mn055-MT102-Bostrom-11130008.1959                              2 4.00000E-02 3.50000E+00
n-Mn055-MT102-Bostrom-11130008A001.1959                          2 4.00000E-02 3.50000E+00
n-Mn055-MT102-Budnar-30532020.1979                               1 1.41000E+01 1.41000E+01
n-Mn055-MT102-Carre-20658004.1966                                1 2.53000E-08 2.53000E-08
n-Mn055-MT102-Chaturvedi-30493002.1970                           1 2.40000E-02 2.40000E-02
n-Mn055-MT102-Chaubey-30063002.1965                              1 2.40000E-02 2.40000E-02
n-Mn055-MT102-Colditz-20092006.1968                              1 2.90000E+00 2.90000E+00
n-Mn055-MT102-Csikai-30067010.1967                               1 1.47000E+01 1.47000E+01
n-Mn055-MT102-Csikai-30067020.1967                               7 1.34000E+01 1.50000E+01
n-Mn055-MT102-Decorte-23488014.1988                              1 2.53000E-08 2.53000E-08
n-Mn055-MT102-Dovbenko-40001002.1969                            22 4.18000E-01 3.43000E+00
n-Mn055-MT102-Farinaarbocco-23266032.2013                        1 2.53000E-08 2.53000E-08
n-Mn055-MT102-Farinaarbocco-23266033.2013                        3 2.53000E-08 2.53000E-08
n-Mn055-MT102-Gamgam-02025055.2024                               2 5.00000E-03 1.00000E-02
n-Mn055-MT102-Garg-10752004.1978                                35 4.50000E-03 6.75000E-01
n-Mn055-MT102-Garg-10752004A001.1978                            35 4.50000E-03 6.75000E-01
n-Mn055-MT102-Gautam-309420021.1990                              3 4.60000E-01 7.60000E-01
n-Mn055-MT102-Gautam-309420022.1990                              7 7.60000E-01 3.43000E+00
n-Mn055-MT102-Grimeland-21395017.1951                            1 2.53000E-08 2.53000E-08
n-Mn055-MT102-Guber-14155002.2007                            23383 2.56081E-06 1.00996E+00
n-Mn055-MT102-Hogg-12602006.1970                                 1 2.53000E-08 2.53000E-08
n-Mn055-MT102-Hummel-11010004.1951                               1 2.40000E-02 2.40000E-02
n-Mn055-MT102-Hummel-11010004A001.1951                           1 2.40000E-02 2.40000E-02
n-Mn055-MT102-Islam-31827002.2020                                2 3.34000E-08 5.36000E-08
n-Mn055-MT102-Johnsrud-11675003.1959                            18 1.47000E-01 5.50000E+00
n-Mn055-MT102-Kadonis-01025055.2024                             20 5.00000E-03 1.00000E-01
n-Mn055-MT102-Kononov-40421011.1958                              1 2.40000E-02 2.40000E-02
n-Mn055-MT102-Leipunskiy-40244091.1958                           2 2.70000E+00 4.00000E+00
n-Mn055-MT102-Leipunskiy-40244105.1958                           1 2.00000E-01 2.00000E-01
n-Mn055-MT102-Lerigoleur-20572005.1976                         200 1.51300E-02 6.48800E-02
n-Mn055-MT102-Lerigoleur-20572006.1976                          22 1.75000E-02 4.90000E-01
n-Mn055-MT102-Lyon-11407004.1959                                 1 1.95000E-01 1.95000E-01
n-Mn055-MT102-MANJUSHREEMAJUMDERR-30296008.1977                  1 1.48000E+01 1.48000E+01
n-Mn055-MT102-Macklin-11331013.1963                              2 3.00000E-02 6.50000E-02
n-Mn055-MT102-Macklin-11399009.1957                              1 2.40000E-02 2.40000E-02
n-Mn055-MT102-Magnusson-21004002.1980                            1 1.47000E+01 1.47000E+01
n-Mn055-MT102-Meadows-11028009.1961                              1 2.53000E-08 2.53000E-08
n-Mn055-MT102-Meadows-11028009A001.1961                          1 2.53000E-08 2.53000E-08
n-Mn055-MT102-Menlove-11420003.1967                             17 9.70000E-01 1.93900E+01
n-Mn055-MT102-Pasha-33151006.2020                                1 1.45400E+01 1.45400E+01
n-Mn055-MT102-Perkin-21438008.1958                               1 1.45000E+01 1.45000E+01
n-Mn055-MT102-Peto-30031003.1967                                 1 3.00000E+00 3.00000E+00
n-Mn055-MT102-Schuman-14080010.1970                              1 2.00000E-03 2.00000E-03
n-Mn055-MT102-Schwerer-20670006.1976                             1 1.46000E+01 1.46000E+01
n-Mn055-MT102-Sokolowski-22615003.1969                           1 2.53000E-08 2.53000E-08
n-Mn055-MT102-Spitz-30114006.1968                               29 8.12000E-03 4.55000E-02
n-Mn055-MT102-Stavisskiy-40642002.1961                          21 2.30000E-02 1.66000E+00
n-Mn055-MT102-Stupegia-11624003.1968                            11 9.00000E-03 5.39000E-01
n-Mn055-MT102-Tattersall-20638008.1960                           1 2.53000E-08 2.53000E-08
n-Mn055-MT102-Trofimov-40975011.1987                             1 2.00000E+00 2.00000E+00
n-Mn055-MT102-Trofimov-41001002.1987                             1 1.00000E+00 1.00000E+00
n-Mn055-MT102-Vansola-33100002.2016                              4 1.12000E+00 4.12000E+00
n-Mn055-MT102-Vuletin-30314005.1974                              1 1.44000E+01 1.44000E+01
n-Mn055-MT102-Widder-20437003.1975                             261 9.93500E-09 2.84300E-04
