#              Filename                                         N    min         max
n-Ga069-MT016-Araminowicz-30264018.1973                          1 1.46000E+01 1.46000E+01
n-Ga069-MT016-Bormann-20887005.1965                             12 1.26000E+01 1.87000E+01
n-Ga069-MT016-Casanova-20748007.1976                             1 1.41000E+01 1.41000E+01
n-Ga069-MT016-Cevolani-21266009.1962                             1 1.41300E+01 1.41300E+01
n-Ga069-MT016-Chatterjee-30061005.1967                           1 1.48000E+01 1.48000E+01
n-Ga069-MT016-Chatterjee-30612005.1969                           2 1.45000E+01 1.48000E+01
n-Ga069-MT016-Csikai-30119005.1967                               1 1.47000E+01 1.47000E+01
n-Ga069-MT016-Khurana-31247004.1961                              1 1.48000E+01 1.48000E+01
n-Ga069-MT016-Luo-327040021.2012                                 3 1.35000E+01 1.48000E+01
n-Ga069-MT016-Mitra-31070004.1967                                1 1.48000E+01 1.48000E+01
n-Ga069-MT016-Molla-30577013.1983                                1 1.48000E+01 1.48000E+01
n-Ga069-MT016-Pachuau-33132003.2019                              1 1.49000E+01 1.49000E+01
n-Ga069-MT016-Paul-11274042.1953                                 1 1.45000E+01 1.45000E+01
n-Ga069-MT016-Pu-31534002.2003                                   3 1.35000E+01 1.46000E+01
n-Ga069-MT016-Raut-14291002.2011                                 7 1.10000E+01 1.50000E+01
n-Ga069-MT016-Rayburn-11328015.1961                              1 1.44000E+01 1.44000E+01
n-Ga069-MT016-Sigg-10776026.1976                                 1 1.46000E+01 1.46000E+01
n-Ga069-MT016-Sigg-10776026A001.1976                             1 1.46000E+01 1.46000E+01
n-Ga069-MT016-Valkonen-20673015.1976                             1 1.47000E+01 1.47000E+01
n-Ga069-MT016-Viktorov-40107002.1972                             1 1.41000E+01 1.41000E+01
n-Ga069-MT016-Wagner-21426003.1971                               1 1.47000E+01 1.47000E+01
