#              Filename                                         N    min         max     
n-Sc045-rp021044m-Nethaway-10312002.1972                         4 1.39100E+01 1.49000E+01
n-Sc045-rp021044m-Kao-10440006.1975                              1 1.51000E+01 1.51000E+01
n-Sc045-rp021044m-Eapen-10493002.1975                            1 1.48000E+01 1.48000E+01
n-Sc045-rp021044m-Bayhurst-10536002.1975                         8 1.41000E+01 2.45000E+01
n-Sc045-rp021044m-Bayhurst-10536003.1975                         2 1.62300E+01 2.80600E+01
n-Sc045-rp021044m-Bayhurst-10536004.1975                         1 2.60800E+01 2.60800E+01
n-Sc045-rp021044m-Sigg-10776017.1976                             1 1.46000E+01 1.46000E+01
n-Sc045-rp021044m-Hudson-108360021.1978                          7 1.33000E+01 1.90000E+01
n-Sc045-rp021044m-Nethaway-10312002A001.1972                     4 1.39100E+01 1.49000E+01
n-Sc045-rp021044m-Kao-10440006A001.1975                          1 1.51000E+01 1.51000E+01
n-Sc045-rp021044m-Eapen-10493002A001.1975                        1 1.48000E+01 1.48000E+01
n-Sc045-rp021044m-Bayhurst-10536002A001.1975                     8 1.41000E+01 2.45000E+01
n-Sc045-rp021044m-Bayhurst-10536003A001.1975                     2 1.62300E+01 2.80600E+01
n-Sc045-rp021044m-Bayhurst-10536004A001.1975                     1 2.60800E+01 2.60800E+01
n-Sc045-rp021044m-Sigg-10776017A001.1976                         1 1.46000E+01 1.46000E+01
n-Sc045-rp021044m-Hudson-108360021A001.1978                      7 1.33000E+01 1.90000E+01
n-Sc045-rp021044m-Rayburn-11328008.1961                          1 1.44000E+01 1.44000E+01
n-Sc045-rp021044m-Arnold-11628003.1964                          13 1.26000E+01 1.79000E+01
n-Sc045-rp021044m-Prestwood-11645002.1961                       11 1.19700E+01 1.97600E+01
n-Sc045-rp021044m-Vallis-20347003.1966                           1 1.47000E+01 1.47000E+01
n-Sc045-rp021044m-Weigel-21609002.1975                           1 1.44000E+01 1.44000E+01
n-Sc045-rp021044m-Anders-21976011.1985                           1 1.47000E+01 1.47000E+01
n-Sc045-rp021044m-Ikeda-22089022.1988                            8 1.33700E+01 1.49500E+01
n-Sc045-rp021044m-Bostan-22292002.1994                           3 1.19700E+01 1.28500E+01
n-Sc045-rp021044m-Perkin-22540002.1961                           7 1.33800E+01 1.49400E+01
n-Sc045-rp021044m-Bostan-227320021.1997                          6 1.36000E+01 1.48600E+01
n-Sc045-rp021044m-Iwasaki-22755002.1997                          7 1.33780E+01 1.89410E+01
n-Sc045-rp021044m-Tiwari-30012002.1966                           1 1.41000E+01 1.41000E+01
n-Sc045-rp021044m-MaHongChanggg-30599002.1980                   12 1.31500E+01 1.82600E+01
n-Sc045-rp021044m-MaHuiFanggg-30665002M.1983                     1 1.48000E+01 1.48000E+01
n-Sc045-rp021044m-WangXiuyuann-30935002.1989                     7 1.35400E+01 1.48100E+01
n-Sc045-rp021044m-Mukherjee-31161003.1961                        1 1.48000E+01 1.48000E+01
n-Sc045-rp021044m-Molla-31449002.1994                            4 1.39000E+01 1.47100E+01
n-Sc045-rp021044m-Belgaid-31524015.1992                          1 1.47300E+01 1.47300E+01
n-Sc045-rp021044m-Luo-327120021.2013                             3 1.35000E+01 1.48000E+01
