#              Filename                                         N    min         max
n-Ta181-MT102-Block-105940042.1972                               1 2.43000E-02 2.43000E-02
n-Ta181-MT102-Block-105940042A001.1972                           1 2.43000E-02 2.43000E-02
n-Ta181-MT102-Bokhovko-41225002.1993                            48 2.20000E-02 4.50000E-01
n-Ta181-MT102-Booth-11429026.1958                                1 2.40000E-02 2.40000E-02
n-Ta181-MT102-Brzosko-30024002.1969                             38 3.50000E-02 5.11000E+00
n-Ta181-MT102-Brzosko-30159020.1971                              1 4.00000E-01 4.00000E-01
n-Ta181-MT102-Budnar-30532048.1979                               1 1.41000E+01 1.41000E+01
n-Ta181-MT102-Decorte-23488083.1988                              1 2.53000E-08 2.53000E-08
n-Ta181-MT102-Dzysiuk-32224005.2010                              1 2.85000E+00 2.85000E+00
n-Ta181-MT102-Farinaarbocco-23260137.2014                        1 2.53000E-08 2.53000E-08
n-Ta181-MT102-Farinaarbocco-23260138.2014                       17 2.53000E-08 2.53000E-08
n-Ta181-MT102-Gamgam-02073181.2024                               2 5.00000E-03 1.00000E-02
n-Ta181-MT102-Kadonis-01073181.2024                             20 5.00000E-03 1.00000E-01
n-Ta181-MT102-Konks-40799005.1964                              148 3.20000E-07 4.50000E-02
n-Ta181-MT102-Kononov-40076003.1965                             15 3.30000E-02 1.56000E-01
n-Ta181-MT102-Kononov-40520004.1977                             75 5.50000E-03 3.42500E-01
n-Ta181-MT102-Leipunskiy-40244124.1958                           1 2.00000E-01 2.00000E-01
n-Ta181-MT102-Lepine-30233011.1972                               4 3.00000E-02 3.00000E-01
n-Ta181-MT102-Lindner-10221041.1976                             31 1.21000E-01 2.82000E+00
n-Ta181-MT102-Lindner-10221041A001.1976                         31 1.21000E-01 2.82000E+00
n-Ta181-MT102-Macklin-12820002.1984                            388 2.75000E-03 9.97500E-02
n-Ta181-MT102-Macklin-12820003.1984                             22 1.25000E-01 1.85000E+00
n-Ta181-MT102-Malik-10501008.1970                                4 7.00000E-08 8.35000E-07
n-Ta181-MT102-Malik-10501008A001.1970                            4 7.00000E-08 8.35000E-07
n-Ta181-MT102-Mcdermott-14473002.2017                           17 2.34950E-02 1.18020E+00
n-Ta181-MT102-Miskel-12115003.1962                               7 3.20000E-02 2.47000E-01
n-Ta181-MT102-Miskel-12115004.1962                              19 6.90000E-02 3.97000E+00
n-Ta181-MT102-Moxon-20914008.1968                              829 1.00100E-04 1.65800E-02
n-Ta181-MT102-Nakamura-23742002.2021                             1 2.53000E-08 2.53000E-08
n-Ta181-MT102-Necheva-31429002.1994                              1 1.45000E+01 1.45000E+01
n-Ta181-MT102-Poenitz-10401003.1975                             14 3.00000E-01 3.00000E+00
n-Ta181-MT102-Poenitz-10401003A001.1975                         14 3.00000E-01 3.00000E+00
n-Ta181-MT102-Poenitz-12670013.1975                             18 3.98100E-01 3.45600E+00
n-Ta181-MT102-Reffo-21796007.1982                               21 1.18300E-02 6.02000E-02
n-Ta181-MT102-Schuman-14080034.1970                              1 2.00000E-03 2.00000E-03
n-Ta181-MT102-Shorin-41330003.1975                              32 5.50000E-03 8.20000E-02
n-Ta181-MT102-Siddappa-30502010.1974                             1 2.30000E-02 2.30000E-02
n-Ta181-MT102-Stroud-30506002.1972                               1 3.00000E-02 3.00000E-02
n-Ta181-MT102-Voignier-22006016.1992                             4 5.00000E-01 3.00000E+00
n-Ta181-MT102-Wisshak-22195004.1990                             12 4.00000E-03 1.75000E-01
n-Ta181-MT102-Wisshak-22801006.2004                             10 1.12500E-02 9.00000E-02
n-Ta181-MT102-XiaYijunn-32555002.1988                           20 1.12000E-02 1.00000E-01
n-Ta181-MT102-XuHaishann-30741003.1986                           3 1.01000E+00 1.44000E+00
n-Ta181-MT102-XuHaishann-32105005.1988                           6 3.40000E-01 1.68000E+00
n-Ta181-MT102-Yamamuro-20697004.1976                             1 2.37000E-02 2.37000E-02
n-Ta181-MT102-Yamamuro-21466005.1980                            16 3.60000E-03 7.25000E-02
