#              Filename                                         N    min         max
n-Ce140-MT016-Bari-10431044.1971                                 1 1.48000E+01 1.48000E+01
n-Ce140-MT016-Bari-10431044A001.1971                             1 1.48000E+01 1.48000E+01
n-Ce140-MT016-Bormann-20834007.1968                             10 1.29400E+01 1.95600E+01
n-Ce140-MT016-ChuanxinZhuu-32696005.2011                         6 1.34000E+01 1.48000E+01
n-Ce140-MT016-Csikai-30040005.1968                               1 1.48000E+01 1.48000E+01
n-Ce140-MT016-Dilg-20802002.1968                                 1 1.47000E+01 1.47000E+01
n-Ce140-MT016-Filatenkov-41614161.2016                           8 1.34700E+01 1.48600E+01
n-Ce140-MT016-JunhuaLuoo-327520033.2015                          2 1.35000E+01 1.48000E+01
n-Ce140-MT016-Kasugai-22393006.1997                              6 1.33800E+01 1.49500E+01
n-Ce140-MT016-KongXiangzhongg-32514004.1995                      3 1.35000E+01 1.48000E+01
n-Ce140-MT016-Lu-10497043.1970                                   1 1.44000E+01 1.44000E+01
n-Ce140-MT016-Lu-10497043A001.1970                               1 1.44000E+01 1.44000E+01
n-Ce140-MT016-Molla-31491013.1997                                5 1.39000E+01 1.47100E+01
n-Ce140-MT016-Qaim-20541007.1974                                 1 1.47000E+01 1.47000E+01
n-Ce140-MT016-QiangWangg-32768004.2019                           2 1.42000E+01 1.49000E+01
n-Ce140-MT016-Sachhidananda-33149004.2020                        1 1.35000E+01 1.35000E+01
n-Ce140-MT016-Sachhidananda-33149005.2020                        1 1.35000E+01 1.35000E+01
n-Ce140-MT016-Sothras-10751006.1978                              1 1.48000E+01 1.48000E+01
n-Ce140-MT016-Sothras-10751006A001.1978                          1 1.48000E+01 1.48000E+01
n-Ce140-MT016-TengDann-307770031.1985                           22 1.23700E+01 1.82300E+01
n-Ce140-MT016-TengDann-307770032.1985                            1 1.45900E+01 1.45900E+01
