#              Filename                                         N    min         max
n-Au197-MT001-Abfalterer-13753026.2001                         467 5.29300E+00 5.59100E+02
n-Au197-MT001-Ageno-21263010.1953                                1 1.40000E+01 1.40000E+01
n-Au197-MT001-Allen-11762005.1954                               16 5.11000E-09 8.18000E-08
n-Au197-MT001-Alsnielsen-20105007.1964                          18 3.02800E-10 1.10360E-05
n-Au197-MT001-Antonini-21323002.1965                           109 6.76360E-10 1.14300E-07
n-Au197-MT001-Beyer-23415005.2018                              698 1.50136E-01 8.01331E+00
n-Au197-MT001-Bianchini-30164002.1964                           18 5.30000E-09 2.45000E-08
n-Au197-MT001-Bollinger-12231002.1955                           15 5.66000E-05 6.26000E-05
n-Au197-MT001-Bratenahl-11155029.1958                            5 7.05000E+00 1.39700E+01
n-Au197-MT001-Bratenahl-11155029A001.1958                        5 7.05000E+00 1.39700E+01
n-Au197-MT001-Carter-11211004.1953                              70 1.22000E-09 3.92000E-08
n-Au197-MT001-Carter-11211004A001.1953                          70 1.22000E-09 3.92000E-08
n-Au197-MT001-Chandramoleswar-304080034.1966                     1 4.90000E-06 4.90000E-06
n-Au197-MT001-Conner-11320013.1958                               6 1.31400E+01 1.56000E+01
n-Au197-MT001-Coon-12524049.1952                                 1 1.41200E+01 1.41200E+01
n-Au197-MT001-Day-12191002.1965                                  4 5.00000E-01 4.10000E+00
n-Au197-MT001-Dilg-20583030.1972                                 1 2.70000E-03 2.70000E-03
n-Au197-MT001-Dilg-20823002.1973                                21 3.99000E-11 3.55000E-09
n-Au197-MT001-Egelstaff-21178002.1954                            1 2.53000E-08 2.53000E-08
n-Au197-MT001-Egelstaff-21178004.1954                           76 1.42000E-09 1.43000E-07
n-Au197-MT001-Eiland-10147014.1974                               1 2.53000E-08 2.53000E-08
n-Au197-MT001-Eiland-10147014A001.1974                           1 2.53000E-08 2.53000E-08
n-Au197-MT001-Fosterjr-10047086.1971                           251 2.25500E+00 1.48660E+01
n-Au197-MT001-Fosterjr-10047086A001.1971                       251 2.25500E+00 1.48660E+01
n-Au197-MT001-Fulfaro-30165002.1968                             71 2.53000E-08 1.00000E-06
n-Au197-MT001-Fulfaro-30232002.1970                              8 9.30000E-09 2.31000E-08
n-Au197-MT001-Gould-11198003.1960                               13 6.18530E-10 3.27200E-09
n-Au197-MT001-Gould-11198003A001.1960                           13 6.18530E-10 3.27200E-09
n-Au197-MT001-Hannaske-23199002.2013                           256 2.00000E-01 1.00180E+01
n-Au197-MT001-Hannaske-23199003.2013                             9 1.07000E-01 4.19000E-01
n-Au197-MT001-Havensjr-11732007.1951                             9 4.49300E-06 5.29100E-06
n-Au197-MT001-Havensjr-12184015.1947                            16 4.00000E-06 9.01400E-06
n-Au197-MT001-Havensjr-12674003.1956                            13 6.18530E-10 3.27200E-09
n-Au197-MT001-Herdade-30166002.1967                            150 1.68860E-09 9.06371E-08
n-Au197-MT001-Landon-12029005.1954                             104 3.76400E-07 9.59200E-05
n-Au197-MT001-Landon-120290062.1954                              1 4.91000E-06 4.91000E-06
n-Au197-MT001-Larson-12882014.1980                             685 1.99650E+00 7.98280E+01
n-Au197-MT001-LuHanlinn-30914003.1965                            1 2.53000E-08 2.53000E-08
n-Au197-MT001-Mcdaniel-14688002.1947                            12-1.10000E-07 4.68000E-07
n-Au197-MT001-Mcdaniel-14688003.1947                             1 2.50000E-08 2.50000E-08
n-Au197-MT001-Nereson-11308023.1954                             31 2.72600E+00 1.30180E+01
n-Au197-MT001-Newson-11569017.1957                               1 1.65000E-02 1.65000E-02
n-Au197-MT001-Peterson-11108037.1960                             5 1.73000E+01 2.88000E+01
n-Au197-MT001-Peterson-11108037A001.1960                         5 1.73000E+01 2.88000E+01
n-Au197-MT001-Poenitz-10935003.1981                             47 4.80000E-02 4.80700E+00
n-Au197-MT001-Poenitz-10935003A001.1981                         47 4.80000E-02 4.80700E+00
n-Au197-MT001-Poenitz-12853051.1983                             67 1.82000E+00 1.96800E+01
n-Au197-MT001-Purtov-41170002.1994                              17 1.80000E-03 4.65000E-01
n-Au197-MT001-Rayburn-11026029.1965                              1 1.44000E-06 1.44000E-06
n-Au197-MT001-Rayburn-11026029A001.1965                          1 1.44000E-06 1.44000E-06
n-Au197-MT001-Seidl-11671012.1954                               22 5.60000E-05 1.11000E-04
n-Au197-MT001-Seth-11781019.1965                                94 5.00000E-03 6.40000E-01
n-Au197-MT001-Seth-11788017.1958                                31 7.33000E-06 5.43000E-05
n-Au197-MT001-Sirakov-23222003.2013                             20 4.75000E-03 1.04000E-01
n-Au197-MT001-Slaughter-11446007.1958                          310 3.13000E-05 5.14000E-04
n-Au197-MT001-Snowdon-11559004.1953                             84 9.80000E-02 7.18000E-01
n-Au197-MT001-Steyerl-23506003.1969                              1 5.26000E-13 5.26000E-13
n-Au197-MT001-Vertebnij-40729007.1980                            1 2.00000E-03 2.00000E-03
n-Au197-MT001-Vertebny-40109005.1972                            31 1.00000E-08 1.00000E-06
n-Au197-MT001-Voss-22307007.1994                                 9 1.25000E-02 1.75000E-01
n-Au197-MT001-Voss-22498028.1999                                 9 1.25000E-02 1.75000E-01
n-Au197-MT001-Walt-11215048.1955                                 1 4.10000E+00 4.10000E+00
n-Au197-MT001-Walt-11215048A001.1955                             1 4.10000E+00 4.10000E+00
n-Au197-MT001-Walt-11746008.1953                                18 9.50000E-02 2.98000E+00
n-Au197-MT001-Whalen-11540013.1966                             272 1.01300E-01 6.48700E-01
n-Au197-MT001-Wisshak-22374024.1993                              9 1.25000E-02 1.75000E-01
n-Au197-MT001-Wisshak-22377009.1996                              9 1.25000E-02 1.75000E-01
n-Au197-MT001-Wisshak-22386027.1995                              9 1.25000E-02 1.75000E-01
n-Au197-MT001-Wisshak-22388028.1998                              9 1.25000E-02 1.75000E-01
n-Au197-MT001-Wisshak-22499027.2000                              9 1.25000E-02 1.75000E-01
n-Au197-MT001-Wisshak-22813027.2002                              9 1.25000E-02 1.75000E-01
n-Au197-MT001-Wisshak-22916005.2006                             10 1.25000E-02 1.75000E-01
n-Au197-MT001-Wisshak-22917005.2006                              9 1.25000E-02 1.75000E-01
n-Au197-MT001-Wisshak-22926008.2006                              9 1.25000E-02 1.75000E-01
n-Au197-MT001-Wood-12241002.1955                               129 3.79400E-07 1.54100E-05
n-Au197-MT001-Wood-122410033.1955                                1 4.90600E-06 4.90600E-06
