#              Filename                                         N    min         max
n-F019-MT107-Bartle-10447006.1981                                2 4.76000E+00 5.54000E+00
n-F019-MT107-Bartle-10447006A001.1981                            2 4.76000E+00 5.54000E+00
n-F019-MT107-Bass-20928003.1966                                162 4.98000E+00 8.97500E+00
n-F019-MT107-Bharathi-33061003.1966                              1 4.70000E+00 4.70000E+00
n-F019-MT107-Bondarenko-41572002.2013                           64 4.00000E+00 7.35000E+00
n-F019-MT107-Bostrom-11393002.1955                              62 3.33000E+00 5.86000E+00
n-F019-MT107-Durusoy-22913002.2006                               6 1.36000E+01 1.48600E+01
n-F019-MT107-Foroughi-20832002.1972                              1 5.85000E+00 5.85000E+00
n-F019-MT107-Knellwolf-21247008.1966                             1 6.00000E+00 6.00000E+00
n-F019-MT107-Marion-113950022.1955                               7 3.61000E+00 5.90000E+00
n-F019-MT107-Marion-11395003.1955                               33 3.09000E+00 3.93000E+00
n-F019-MT107-Marion-11395004.1955                               37 3.09000E+00 4.91000E+00
n-F019-MT107-Marion-11395005.1955                               19 4.70000E+00 7.94000E+00
n-F019-MT107-Ngoc-30562009.1980                                  1 1.46000E+01 1.46000E+01
n-F019-MT107-Picard-20892003.1965                               11 1.41800E+01 2.10000E+01
n-F019-MT107-Prasad-30007010.1966                                1 1.48000E+01 1.48000E+01
n-F019-MT107-Smith-108500032.1981                               75 3.34400E+00 8.94900E+00
n-F019-MT107-Smith-108500032A001.1981                           75 3.34400E+00 8.94900E+00
n-F019-MT107-Smith-11409003.1960                                91 3.86800E+00 6.15600E+00
