#              Filename                                         N    min         max
n-Nb093-MT107m-Alford-11871003.1961                              1 1.47000E+01 1.47000E+01
n-Nb093-MT107m-Anders-21976032.1985                              1 1.47000E+01 1.47000E+01
n-Nb093-MT107m-Attar-33176003.2022                               5 1.37300E+01 1.47700E+01
n-Nb093-MT107m-Bramlitt-11590056.1963                            1 1.47000E+01 1.47000E+01
n-Nb093-MT107m-Doczi-31495008.1998                               1 1.13400E+01 1.13400E+01
n-Nb093-MT107m-FanPeiguoo-30733010.1985                          1 8.50000E+00 8.50000E+00
n-Nb093-MT107m-Fessler-22414020.2000                             5 1.60330E+01 2.02290E+01
n-Nb093-MT107m-Filatenkov-41614064.2016                         15 1.34700E+01 1.48600E+01
n-Nb093-MT107m-Furuta-23032015.2008                              4 4.49000E+00 5.24000E+00
n-Nb093-MT107m-Gaiser-10863002.1979                              1 1.41000E+01 1.41000E+01
n-Nb093-MT107m-Gaiser-10863002A001.1979                          1 1.41000E+01 1.41000E+01
n-Nb093-MT107m-Garlea-30807002.1985                              1 1.48000E+01 1.48000E+01
n-Nb093-MT107m-Garlea-31459019.1992                              1 1.48000E+01 1.48000E+01
n-Nb093-MT107m-Harper-12730005.1982                              1 1.42000E+01 1.42000E+01
n-Nb093-MT107m-HuangJianzhouu-32585004.1977                      7 1.28700E+01 1.75500E+01
n-Nb093-MT107m-Husain-10088009.1970                              1 1.48000E+01 1.48000E+01
n-Nb093-MT107m-Husain-10088009A001.1970                          1 1.48000E+01 1.48000E+01
n-Nb093-MT107m-Ikeda-22089066.1988                               8 1.33400E+01 1.49300E+01
n-Nb093-MT107m-Kim-30737003.1986                                 1 1.46000E+01 1.46000E+01
n-Nb093-MT107m-Levkovskii-40226026.1970                          1 1.48000E+01 1.48000E+01
n-Nb093-MT107m-Lu-10145025.1970                                  1 1.44000E+01 1.44000E+01
n-Nb093-MT107m-Lu-10145025A001.1970                              1 1.44000E+01 1.44000E+01
n-Nb093-MT107m-Mannan-22095002.1988                             13 4.15000E+00 1.06100E+01
n-Nb093-MT107m-Molla-30985003.1991                               6 1.36400E+01 1.48300E+01
n-Nb093-MT107m-Pasha-33129003.2019                               1 1.47800E+01 1.47800E+01
n-Nb093-MT107m-Pasha-33148002.2020                               1 1.45400E+01 1.45400E+01
n-Nb093-MT107m-Ryves-21827003.1981                               1 1.46800E+01 1.46800E+01
n-Nb093-MT107m-Shimizu-22837017.2004                             1 3.09000E+00 3.09000E+00
n-Nb093-MT107m-Turkiewicz-30312007.1975                         10 1.30400E+01 1.78500E+01
n-Nb093-MT107m-Woelfle-22108003.1988                            15 1.25500E+01 1.95800E+01
