#              Filename                                         N    min         max
n-U238-MT001-Abfalterer-13753030.2001                          467 5.29300E+00 5.59100E+02
n-U238-MT001-Baba-21092002.1973                                369 2.21600E+00 8.02400E+00
n-U238-MT001-Batchelor-21019013.1965                             4 2.00000E+00 7.00000E+00
n-U238-MT001-Bokhovko-41016009.1988                             16 5.00000E-03 1.10000E-01
n-U238-MT001-Bokhovko-41016015.1988                              4 7.32500E-03 7.32500E-02
n-U238-MT001-Bollinger-12457002.1957                             9 1.02000E-05 2.37000E-04
n-U238-MT001-Bollinger-12457006.1957                             4 6.67000E-06 6.60000E-05
n-U238-MT001-Bollinger-12457013.1957                           402 1.12000E-06 3.91000E-04
n-U238-MT001-Bratenahl-11155033.1958                             5 7.05000E+00 1.42500E+01
n-U238-MT001-Bratenahl-11155033A001.1958                         5 7.05000E+00 1.42500E+01
n-U238-MT001-Cabe-20480019.1973                                287 1.12000E-01 1.20000E+00
n-U238-MT001-Cabe-20480020.1973                                 15 1.78000E-01 1.06500E+00
n-U238-MT001-Cabe-20480021.1973                                130 1.10500E+00 6.11000E+00
n-U238-MT001-Carraro-20115002.1970                            3968 6.46090E-05 7.59180E-04
n-U238-MT001-Carraro-20115003.1970                            3839 7.64260E-04 3.62730E-03
n-U238-MT001-Carraro-20115004.1970                            1208 3.62850E-03 5.65030E-03
n-U238-MT001-Carraro-20115005.1970                            1602 6.10010E-03 1.40720E-02
n-U238-MT001-Didier-22573002.1961                                1 1.46700E+01 1.46700E+01
n-U238-MT001-Dzhelepov-41261013.1955                             1 5.90000E+02 5.90000E+02
n-U238-MT001-Firk-20963002.1963                                670 4.01000E-04 1.94200E-03
n-U238-MT001-Fluharty-119460134.1956                             4 2.12000E-05 1.01000E-04
n-U238-MT001-Fosterjr-10047099.1971                            244 2.25400E+00 1.49100E+01
n-U238-MT001-Fosterjr-10047099A001.1971                        244 2.25400E+00 1.49100E+01
n-U238-MT001-Garg-12278005.1964                               7311 3.20500E-05 4.08000E-03
n-U238-MT001-Gnidak-40562005.1977                                1 2.00000E-03 2.00000E-03
n-U238-MT001-Gnidak-40562006.1977                                1 2.00000E-03 2.00000E-03
n-U238-MT001-Grigoriev-41154002.1990                             8 7.32500E-04 1.50000E-01
n-U238-MT001-Harvey-13632007.1988                            40763 4.59600E-04 1.04950E-01
n-U238-MT001-Harvey-13632008.1988                            33283 2.10800E-04 2.41540E+00
n-U238-MT001-Harvey-13632015.1988                              180 1.02600E-02 9.97600E-02
n-U238-MT001-Harvey-13632016.1988                              180 1.02600E-02 9.97600E-02
n-U238-MT001-Harvey-13632017.1988                              180 1.02600E-02 9.97600E-02
n-U238-MT001-Harvey-13769002.1980                             2152 7.62730E-06 1.81640E-01
n-U238-MT001-Harvey-13769003.1980                             3005 1.35070E-05 1.82980E-01
n-U238-MT001-Harvey-13769004.1980                             3143 4.73640E-07 1.77050E-01
n-U238-MT001-Harvey-13769005.1980                             1393 2.63460E-05 1.66500E-01
n-U238-MT001-Hayes-10279002.1973                               747 7.00430E-01 2.99940E+01
n-U238-MT001-Hayes-10279002A001.1973                           747 7.00430E-01 2.99940E+01
n-U238-MT001-Hibdon-114340061.1951                               1 7.00000E-06 7.00000E-06
n-U238-MT001-Kononov-40328002.1973                              32 5.50000E-03 8.20000E-02
n-U238-MT001-Levin-122740045.1956                                3 6.70000E-06 3.71000E-05
n-U238-MT001-Litvinskii-40924002.1987                            6 5.50000E-02 5.50000E-02
n-U238-MT001-Litvinskii-40924003.1987                            2 5.50000E-02 1.44000E-01
n-U238-MT001-Litvinskii-40924014.1987                            8 1.44000E-01 1.44000E-01
n-U238-MT001-Litvinskii-40924017.1987                            1 2.00000E-03 2.00000E-03
n-U238-MT001-Meister-223570121.1996                            423 6.20000E-06 3.75000E-05
n-U238-MT001-Meister-223570122.1996                            423 6.20000E-06 3.75000E-05
n-U238-MT001-Morozov-41753002.1983                             145 1.51930E+00 2.00180E+00
n-U238-MT001-Mubarakmand-30305004.1974                          12 1.70000E+00 1.43000E+01
n-U238-MT001-Murthy-10403011.1975                                7 3.30730E+04 2.72060E+05
n-U238-MT001-Murthy-10403011A001.1975                            7 3.30730E+04 2.72060E+05
n-U238-MT001-Peterson-11108042.1960                              4 1.73000E+01 2.89000E+01
n-U238-MT001-Peterson-11108042A001.1960                          4 1.73000E+01 2.89000E+01
n-U238-MT001-PhamZuyHiennn-31457003.1992                         2 5.50000E-02 1.44000E-01
n-U238-MT001-Poenitz-10935007.1981                              47 4.80000E-02 4.80700E+00
n-U238-MT001-Poenitz-10935007A001.1981                          47 4.80000E-02 4.80700E+00
n-U238-MT001-Radkevich-403820312.1956                            4 6.69000E-06 6.77000E-05
n-U238-MT001-Royer-12661007.1977                                 1 1.86000E-04 1.86000E-04
n-U238-MT001-Schwartz-10280006.1974                           1706 4.83800E-01 1.52000E+01
n-U238-MT001-Schwartz-10280006A001.1974                       1706 4.83800E-01 1.52000E+01
n-U238-MT001-Thibault-22549009.1967                              1 2.70000E+00 2.70000E+00
n-U238-MT001-Tsubone-21813002.1984                              25 2.41000E-02 9.47350E-01
n-U238-MT001-Uttley-21088005.1966                               34 6.50000E-03 9.50000E-01
n-U238-MT001-Vertebnij-40729012.1980                             1 2.00000E-03 2.00000E-03
n-U238-MT001-Voignier-21725002.1968                              1 1.41000E+01 1.41000E+01
n-U238-MT001-Whalen-10009002.1971                              524 1.02200E-01 1.49810E+00
n-U238-MT001-Whalen-10009002A001.1971                          524 1.02200E-01 1.49810E+00
n-U238-MT001-Whalen-10009003.1971                                4 6.06670E-01 1.20410E+00
n-U238-MT001-Whalen-10009003A001.1971                            4 6.06670E-01 1.20410E+00
n-U238-MT001-Yeater-12469002.1956                              144 2.00000E-04 1.22500E-03
