#              Filename                                         N    min         max
n-Ru104-MT102-Anand-30390009.1979                                1 2.50000E-02 2.50000E-02
n-Ru104-MT102-Chaubey-30079018.1966                              1 2.40000E-02 2.40000E-02
n-Ru104-MT102-Decorte-23488040.1988                              1 2.53000E-08 2.53000E-08
n-Ru104-MT102-Farinaarbocco-23260084.2014                        1 2.53000E-08 2.53000E-08
n-Ru104-MT102-Farinaarbocco-23260085.2014                        8 2.53000E-08 2.53000E-08
n-Ru104-MT102-Gamgam-02044104.2024                               2 5.00000E-03 1.00000E-02
n-Ru104-MT102-Gray-11923007.1966                                 1 1.47000E+01 1.47000E+01
n-Ru104-MT102-Hockenbury-10552004.1975                         164 1.65360E-02 7.12010E-02
n-Ru104-MT102-Hockenbury-10552004A001.1975                     164 1.65360E-02 7.12010E-02
n-Ru104-MT102-Kadonis-01044104.2024                             20 5.00000E-03 1.00000E-01
n-Ru104-MT102-Lantz-11929003.1964                                1 2.53000E-08 2.53000E-08
n-Ru104-MT102-Lyon-11407017.1959                                 1 1.95000E-01 1.95000E-01
n-Ru104-MT102-Macklin-10875016.1980                            525 2.75000E-03 6.87500E-01
n-Ru104-MT102-Macklin-10875016A001.1980                        525 2.75000E-03 6.87500E-01
n-Ru104-MT102-Macklin-10875020.1980                              1 3.00000E-02 3.00000E-02
n-Ru104-MT102-Macklin-10875020A001.1980                          1 3.00000E-02 3.00000E-02
n-Ru104-MT102-Macklin-10875025.1980                             18 3.50000E-03 6.50000E-01
n-Ru104-MT102-Macklin-10875025A001.1980                         18 3.50000E-03 6.50000E-01
n-Ru104-MT102-Macklin-11399026.1957                              1 2.40000E-02 2.40000E-02
n-Ru104-MT102-Panikkath-33134006.2019                            1 2.53000E-08 2.53000E-08
n-Ru104-MT102-Panikkath-33134008.2019                            1 2.53000E-08 2.53000E-08
n-Ru104-MT102-Perkin-21438016.1958                               1 1.45000E+01 1.45000E+01
n-Ru104-MT102-Peto-30031012.1967                                 1 3.00000E+00 3.00000E+00
n-Ru104-MT102-Schuman-14080024.1970                              1 2.00000E-03 2.00000E-03
n-Ru104-MT102-Sriramachandramurty-31712010.1973                  1 2.40000E-02 2.40000E-02
n-Ru104-MT102-Trofimov-41001011.1987                             1 1.00000E+00 1.00000E+00
n-Ru104-MT102-Trofimov-41050003.1989                             7 5.00000E-01 2.00000E+00
n-Ru104-MT102-Wagner-20718007.1980                               1 1.46000E+01 1.46000E+01
