#              Filename                                         N    min         max     
a-Cu065-rp031067-Rattan-A03530044.1986                           1 4.70000E+01 4.70000E+01
a-Cu065-rp031067-Bhardwaj-A0465006.1988                          7 1.89000E+01 3.82000E+01
a-Cu065-rp031067-Levkovski-A0510375.1991                        39 1.40000E+01 4.60000E+01
a-Cu065-rp031067-Zhukova-A0647004.1970                          21 1.38000E+01 3.78000E+01
a-Cu065-rp031067-Graf-B0040018.1974                             13 1.84000E+01 6.00000E+01
a-Cu065-rp031067-Bryant-B0079017.1963                           22 1.13000E+01 2.65000E+01
a-Cu065-rp031067-Porile-B0156005.1959                           13 1.52000E+01 4.01000E+01
a-Cu065-rp031067-Watson-D00700021.1973                           1 2.63000E+01 2.63000E+01
a-Cu065-rp031067-Watson-D00700022.1973                           1 2.63000E+01 2.63000E+01
a-Cu065-rp031067-Rizvi-D0090007.1987                            12 1.68000E+01 3.94000E+01
a-Cu065-rp031067-Bonesso-D0092004.1991                          21 1.91000E+01 7.67000E+01
a-Cu065-rp031067-Singh-D0099003.1994                            15 1.73000E+01 4.90000E+01
a-Cu065-rp031067-Zweit-D0119004.1987                            13 1.26290E+01 3.10210E+01
a-Cu065-rp031067-Mohanrao-D0136002.1991                          9 2.66830E+01 7.06880E+01
a-Cu065-rp031067-Navin-D6021002.2004                             9 1.64240E+01 3.38980E+01
a-Cu065-rp031067-Didik-F1233009.1994                            28 1.65330E+01 1.95340E+01
a-Cu065-rp031067-Mukherjee-O1180005.1997                        11 2.62200E+01 7.09100E+01
a-Cu065-rp031067-Porges-R0039002.1956                           24 1.66000E+01 3.67000E+01
