#              Filename                                         N    min         max     
n-Zn066-rp029066-Sigg-10776007.1976                              1 1.46000E+01 1.46000E+01
n-Zn066-rp029066-Smith-109020022.1980                           35 4.17200E+00 9.96500E+00
n-Zn066-rp029066-Sigg-10776007A001.1976                          1 1.46000E+01 1.46000E+01
n-Zn066-rp029066-Smith-109020022A001.1980                       35 4.17200E+00 9.96500E+00
n-Zn066-rp029066-Paul-11274039.1953                              1 1.45000E+01 1.45000E+01
n-Zn066-rp029066-Ranakumar-11515009.1968                         1 1.44000E+01 1.44000E+01
n-Zn066-rp029066-Clator-11536008.1969                            3 1.44000E+01 1.67000E+01
n-Zn066-rp029066-Preiss-11740020.1960                            1 1.48000E+01 1.48000E+01
n-Zn066-rp029066-Ghorai-13597004.1995                            5 1.42000E+01 1.82000E+01
n-Zn066-rp029066-Yasumi-20280007.1957                            1 1.41000E+01 1.41000E+01
n-Zn066-rp029066-Valkonen-20673011.1976                          1 1.47000E+01 1.47000E+01
n-Zn066-rp029066-Molla-20721058.1977                             1 1.47000E+01 1.47000E+01
n-Zn066-rp029066-Casanova-20748004.1976                          1 1.41000E+01 1.41000E+01
n-Zn066-rp029066-Bormann-20887009.1965                           7 1.32000E+01 1.94000E+01
n-Zn066-rp029066-Ercan-22338020.1991                             1 1.46000E+01 1.46000E+01
n-Zn066-rp029066-Kasugai-22433013.1998                           6 1.34000E+01 1.48700E+01
n-Zn066-rp029066-Dresler-30263012.1973                           1 1.46000E+01 1.46000E+01
n-Zn066-rp029066-Prasad-30336021.1971                            1 1.48000E+01 1.48000E+01
n-Zn066-rp029066-Srinivasarao-30642005.1982                      1 1.42000E+01 1.42000E+01
n-Zn066-rp029066-Gupta-30707016.1985                             1 1.48000E+01 1.48000E+01
n-Zn066-rp029066-Viennot-30978011.1991                           4 1.37700E+01 1.47300E+01
n-Zn066-rp029066-Kielan-31460003.1995                            8 1.30400E+01 1.66000E+01
n-Zn066-rp029066-Vinitskaya-400090041.1968                       1 1.48000E+01 1.48000E+01
n-Zn066-rp029066-Levkovskii-40016020.1964                        1 1.40000E+01 1.40000E+01
