#              Filename                                         N    min         max
n-As075-MT103-Bayhurst-11462006.1961                             7 7.00000E+00 1.49300E+01
n-As075-MT103-Birn-22291002.1994                                 9 6.34000E+00 1.46800E+01
n-As075-MT103-Bormann-20898006.1966                             10 1.25400E+01 1.95800E+01
n-As075-MT103-Dresler-30263013.1973                              1 1.46000E+01 1.46000E+01
n-As075-MT103-FeiTuoo-31610003.2007                              3 1.35000E+01 1.48000E+01
n-As075-MT103-Grochulski-30287005.1975                          10 1.30000E+01 1.78000E+01
n-As075-MT103-Gupta-30707017.1985                                1 1.48000E+01 1.48000E+01
n-As075-MT103-Konno-22637020.1993                                8 1.33300E+01 1.49200E+01
n-As075-MT103-Mitra-30062004.1967                                2 1.41000E+01 1.48000E+01
n-As075-MT103-Molla-20721065.1977                                1 1.47000E+01 1.47000E+01
n-As075-MT103-Okumura-20303008.1967                             10 1.33900E+01 1.49600E+01
n-As075-MT103-Paul-11274051.1953                                 1 1.45000E+01 1.45000E+01
n-As075-MT103-Prasad-30336023.1971                               1 1.48000E+01 1.48000E+01
n-As075-MT103-Ramaprasad-30088006.1969                           1 1.42000E+01 1.42000E+01
n-As075-MT103-Raut-14291006.2011                                12 7.50000E+00 1.50000E+01
n-As075-MT103-Sigg-10776010.1976                                 1 1.46000E+01 1.46000E+01
n-As075-MT103-Sigg-10776010A001.1976                             1 1.46000E+01 1.46000E+01
n-As075-MT103-Venugopalarao-10157012.1971                        1 1.44000E+01 1.44000E+01
n-As075-MT103-Venugopalarao-10157012A001.1971                    1 1.44000E+01 1.44000E+01
n-As075-MT103-Vinitskaya-400090201.1968                          1 1.48000E+01 1.48000E+01
n-As075-MT103-Wagner-21426005.1971                               1 1.47000E+01 1.47000E+01
