#              Filename                                         N    min         max
n-Zr094-MT102-Boldeman-30358013.1976                            13 4.50000E-03 1.75000E-01
n-Zr094-MT102-Decorte-23488033.1988                              1 2.53000E-08 2.53000E-08
n-Zr094-MT102-Farinaarbocco-23266094.2013                        1 2.53000E-08 2.53000E-08
n-Zr094-MT102-Farinaarbocco-23266095.2013                        3 2.53000E-08 2.53000E-08
n-Zr094-MT102-Gamgam-02040094.2024                               2 5.00000E-03 1.00000E-02
n-Zr094-MT102-Kadonis-01040094.2024                             20 5.00000E-03 1.00000E-01
n-Zr094-MT102-Kapchigashev-40034004.1965                        15 1.50000E-03 5.70000E-02
n-Zr094-MT102-Lyon-11407011.1959                                 1 1.95000E-01 1.95000E-01
n-Zr094-MT102-Macklin-11399020.1957                              1 2.40000E-02 2.40000E-02
n-Zr094-MT102-Macklin-11845005.1963                              1 3.00000E-02 3.00000E-02
n-Zr094-MT102-Ohgama-22960012.2005                               4 2.00000E-02 7.75000E-02
n-Zr094-MT102-Prajapati-33037004.2012                            1 2.45000E+00 2.45000E+00
n-Zr094-MT102-Ricabarra-30188007.1970                            1 2.53000E-08 2.53000E-08
n-Zr094-MT102-Santry-10385002.1973                               1 2.53000E-08 2.53000E-08
n-Zr094-MT102-Santry-10385002A001.1973                           1 2.53000E-08 2.53000E-08
n-Zr094-MT102-Santry-10385006.1973                               1 2.53000E-08 2.53000E-08
n-Zr094-MT102-Santry-10385006A001.1973                           1 2.53000E-08 2.53000E-08
n-Zr094-MT102-Schuman-14080019.1970                              1 2.00000E-03 2.00000E-03
n-Zr094-MT102-Wyrick-12831006.1982                               1 3.00000E-02 3.00000E-02
